670 8707
226
540 369 7449 1
543 369 7449 0
560 81 4213 1
560 579 4659 1
575 538 7889 1
577 433 4201 1
580 425 3999 1
583 81 4213 0
584 436 1912 1
584 584 2397 1
589 659 6466 1
590 579 4659 0
599 436 1912 0
601 341 1988 1
601 593 3135 1
615 548 3669 1
616 70 1626 1
619 81 3857 1
620 504 4263 1
621 354 1912 1
626 548 3669 0
627 331 3857 1
627 548 4325 1
631 81 3857 0
643 311 7889 1
646 226 7260 1
655 518 5182 1
656 81 1424 1
665 61 7889 1
666 332 7260 1
667 332 7260 0
668 354 1912 0
672 631 4858 1
672 285 6225 1
685 304 7449 1
686 194 4263 1
687 226 7260 0
688 668 7104 1
691 532 1912 1
694 436 4858 1
698 133 4625 1
702 323 1586 1
704 349 2397 1
710 593 3135 0
711 61 7889 0
712 518 5182 0
716 133 4625 0
717 532 1912 0
721 532 6613 1
724 218 7449 1
729 218 7449 0
735 349 2397 0
737 630 4201 1
740 538 7889 0
744 304 7449 0
748 425 3999 0
748 584 2397 0
749 659 6466 0
756 532 6613 0
756 323 1586 0
759 369 5305 1
765 354 1607 1
765 593 4201 1
766 70 1626 0
778 631 4858 0
779 668 7104 0
781 354 1607 0
782 369 5305 0
783 354 3857 1
787 133 4858 1
789 659 5697 1
790 226 4059 1
790 532 3999 1
801 285 6225 0
801 518 4708 1
807 668 4659 1
810 341 1988 0
811 234 5709 1
811 593 4201 0
813 304 1607 1
813 457 4263 1
814 369 6928 1
820 584 4659 1
829 226 4059 0
843 234 5709 0
846 457 4263 0
848 538 5709 1
848 61 4201 1
851 226 7260 1
852 485 4659 1
854 23 6928 1
855 285 4858 1
856 425 1912 1
862 473 4330 1
863 81 1424 0
864 538 5709 0
867 349 4625 1
868 81 6928 1
873 584 4659 0
873 354 3857 0
874 659 5697 0
874 61 4201 0
884 331 3857 0
891 457 1607 1
895 218 1607 1
899 204 1103 1
900 518 4708 0
904 579 2658 1
904 538 3669 1
906 538 3669 0
908 341 1586 1
908 485 4659 0
910 23 6928 0
918 668 4659 0
919 354 4213 1
922 204 1103 0
922 285 4858 0
925 433 4201 0
927 473 4330 0
932 331 4263 1
934 425 1912 0
934 538 4659 1
937 548 4325 0
938 323 1912 1
940 504 4263 0
941 323 1912 0
947 133 4858 0
949 518 2397 1
954 593 4659 1
965 331 4263 0
967 304 1607 0
970 311 7889 0
973 659 4708 1
988 218 1607 0
992 457 1607 0
995 659 4708 0
997 354 4213 0
1007 436 4858 0
1014 70 1988 1
1015 304 2658 1
1016 518 2397 0
1017 631 3135 1
1019 234 4443 1
1023 204 4059 1
1028 548 5182 1
1031 285 4708 1
1033 631 3135 0
1036 332 4625 1
1038 23 5182 1
1040 579 2658 0
1045 518 4443 1
1048 332 4625 0
1055 485 6466 1
1059 538 4659 0
1065 331 1988 1
1067 341 1586 0
1068 234 4443 0
1069 226 7260 0
1074 332 7104 1
1079 518 4443 0
1082 504 34 1
1085 341 3135 1
1087 341 3135 0
1090 133 2658 1
1097 61 7889 1
1103 630 4201 0
1106 61 7889 0
1109 425 4443 1
1111 70 1988 0
1117 369 6928 0
1118 61 1988 1
1118 485 6466 0
1120 354 7449 1
1120 485 1424 1
1125 584 4059 1
1129 436 4708 1
1131 584 4059 0
1132 323 34 1
1132 548 5182 0
1132 81 6928 0
1132 331 1988 0
1134 133 2658 0
1142 532 3999 0
1146 579 4330 1
1147 433 4708 1
1152 285 4708 0
1153 234 4325 1
1154 194 4263 0
1156 548 4325 1
1159 204 4059 0
1163 630 4443 1
1165 349 4625 0
1165 668 4201 1
1167 548 4325 0
1170 425 4443 0
1172 354 7449 0
1174 504 34 0
1175 579 4330 0
1179 332 7104 0
1184 518 2658 1
1184 436 4708 0
1185 194 1424 1
1189 323 34 0
1191 61 1988 0
1197 81 4325 1
1201 532 4625 1
1205 433 4708 0
1207 668 4201 0
1207 548 5182 1
1213 234 4325 0
1214 23 5182 0
1215 668 4659 1
1217 630 4443 0
1223 668 4659 0
1225 518 2658 0
1232 548 5182 0
1234 81 4325 0
1234 538 4325 1
1243 304 2658 0
1244 485 1424 0
1246 234 4330 1
1246 194 1424 0
1247 234 4330 0
1251 538 4325 0
1255 532 4625 0
1260 593 4659 0
39
899 1039 4659
1070 1240 1103
638 1096 34
743 1115 3857
799 987 4213
968 1102 7449
861 1003 4325
576 800 1424
610 746 4708
876 1030 4443
746 969 4059
569 713 4330
891 1033 5305
560 779 7104
1054 1184 6928
967 1133 4263
579 769 6225
573 987 4708
560 923 34
1000 1210 5709
622 712 5709
548 776 2658
861 958 4201
1078 1226 4948
1114 1258 6466
759 978 5697
583 1071 4325
1093 1227 4213
552 815 4625
877 1103 7104
885 986 2658
590 936 6225
558 1251 7852
820 1139 5896
1019 1150 6928
1087 1254 5182
648 1179 1586
745 856 4201
857 983 5709
373 5981
302
541 363 864 1
544 10 1688 1
545 82 5653 1
549 354 2642 1
554 131 4371 1
558 279 4362 1
564 99 3324 1
573 284 5314 1
573 277 914 1
577 39 133 1
578 279 4362 0
579 121 5580 1
582 10 1688 0
584 2 2312 1
594 82 5653 0
594 315 1688 1
596 342 3324 1
597 82 1688 1
606 131 4371 0
607 82 1688 0
612 204 4969 1
614 339 3324 1
615 277 914 0
617 167 720 1
618 5 1161 1
619 342 3324 0
630 121 5580 0
631 192 2980 1
631 284 5314 0
633 2 2312 0
636 361 914 1
639 339 3324 0
641 315 1688 0
641 279 5033 1
646 284 2642 1
646 342 751 1
654 277 874 1
656 284 2642 0
661 351 5580 1
666 168 4727 1
666 370 5231 1
669 372 4401 1
670 156 2312 1
670 129 2988 1
671 112 4 1
673 112 4 0
676 63 864 1
677 71 5055 1
679 77 133 1
682 342 751 0
683 352 2420 1
683 39 133 0
694 115 2988 1
694 204 4969 0
694 77 133 0
696 58 3810 1
696 204 4401 1
700 372 4401 0
702 39 53 1
702 279 5033 0
703 203 4681 1
706 277 874 0
708 304 720 1
713 87 2170 1
716 10 2420 1
720 129 2988 0
721 99 3324 0
721 164 5314 1
722 352 2420 0
732 39 53 0
734 58 3810 0
734 339 1688 1
739 72 874 1
742 167 720 0
744 99 2642 1
751 164 5314 0
753 342 5768 1
755 10 2420 0
758 10 1417 1
761 122 4 1
765 72 874 0
767 141 53 1
768 121 720 1
773 96 5768 1
773 168 4727 0
775 2 1688 1
778 164 1161 1
779 351 5580 0
780 72 2980 1
784 167 2988 1
786 77 1417 1
787 5 1161 0
791 179 207 1
794 99 2642 0
796 308 4281 1
796 2 1688 0
797 370 5231 0
799 179 207 0
802 71 5055 0
803 63 864 0
803 96 5768 0
805 10 1417 0
813 204 4401 0
815 277 2988 1
817 315 133 1
821 204 864 1
829 184 5033 1
830 279 4727 1
830 219 2672 1
832 131 5365 1
839 101 2988 1
849 339 1688 0
851 99 470 1
854 112 2820 1
860 71 4440 1
860 164 1161 0
865 71 4440 0
868 167 2988 0
869 354 2642 0
872 179 1161 1
872 93 4182 1
875 99 470 0
876 101 2988 0
885 256 3324 1
886 256 3324 0
889 180 5941 1
889 71 2642 1
891 167 4440 1
891 284 470 1
892 39 1692 1
894 179 1161 0
896 354 5941 1
900 363 864 0
904 203 4681 0
905 372 864 1
907 179 1688 1
909 342 5768 0
911 203 470 1
912 363 5691 1
914 71 2642 0
915 167 4440 0
920 304 720 0
921 363 5691 0
923 39 1692 0
926 179 1688 0
926 168 2988 1
927 168 2988 0
930 5 4359 1
935 39 53 1
935 284 470 0
937 82 4 1
938 164 5691 1
938 93 4182 0
940 168 4362 1
942 77 1417 0
948 342 5055 1
951 87 2170 0
956 370 4969 1
958 342 5055 0
960 308 4281 0
966 219 2672 0
971 363 2988 1
972 87 4440 1
974 204 864 0
975 203 470 0
977 58 1688 1
978 284 751 1
984 77 207 1
985 361 914 0
987 164 5691 0
992 351 4 1
993 71 4681 1
1006 2 53 1
1007 308 3133 1
1012 131 5365 0
1013 204 2170 1
1015 203 470 1
1016 363 2988 0
1016 10 2672 1
1017 156 2312 0
1017 203 470 0
1021 204 2170 0
1025 372 864 0
1027 184 5033 0
1029 354 5941 0
1030 179 5314 1
1031 121 720 0
1035 180 5941 0
1037 121 426 1
1038 167 2820 1
1038 87 4440 0
1043 129 470 1
1043 10 2672 0
1045 167 2820 0
1045 219 4511 1
1046 122 4 0
1047 184 4371 1
1049 219 4511 0
1052 164 207 1
1053 10 1688 1
1054 156 207 1
1055 352 360 1
1060 5 4359 0
1078 82 4 0
1079 39 53 0
1081 168 4362 0
1083 141 53 0
1084 72 2980 0
1088 156 207 0
1089 192 2980 0
1089 141 3324 1
1090 164 207 0
1091 308 3133 0
1091 354 360 1
1095 101 4440 1
1096 156 2170 1
1098 277 2988 0
1102 156 2170 0
1102 219 2642 1
1104 284 751 0
1105 352 360 0
1106 179 5314 0
1110 284 4969 1
1112 203 4511 1
1115 342 4727 1
1115 304 4143 1
1116 256 5691 1
1117 363 1688 1
1117 351 4 0
1118 121 426 0
1119 342 4727 0
1120 256 5691 0
1121 304 4143 0
1122 180 1417 1
1127 180 1417 0
1128 71 4681 0
1128 179 1688 1
1129 121 5231 1
1129 219 2642 0
1130 203 4511 0
1131 304 5653 1
1136 315 133 0
1140 112 2820 0
1141 203 4371 1
1142 277 4969 1
1143 164 4143 1
1146 179 1688 0
1147 180 3810 1
1148 339 4440 1
1148 156 426 1
1152 10 1688 0
1153 180 3810 0
1155 361 4969 1
1156 361 4969 0
1159 164 4143 0
1159 284 4969 0
1160 121 5231 0
1163 72 2980 1
1171 129 470 0
1171 372 494 1
1171 256 1161 1
1172 115 2988 0
1172 2 53 0
1174 277 4969 0
1179 361 1417 1
1188 279 4727 0
1188 10 5365 1
1190 115 360 1
1191 63 4511 1
1192 284 4362 1
1195 279 2312 1
1196 339 4440 0
1196 77 207 0
1196 203 4371 0
1200 168 4440 1
1201 72 2980 0
1201 304 5653 0
1201 277 5580 1
1203 141 3324 0
1203 339 4681 1
1204 279 2312 0
1204 339 4681 0
1205 156 426 0
1207 361 1417 0
1209 363 1688 0
1210 372 494 0
1211 256 1161 0
1217 184 4371 0
1219 99 5768 1
1220 277 5580 0
1220 354 360 0
1224 168 4440 0
1226 63 4511 0
1229 168 2672 1
1231 115 360 0
1234 370 4969 0
1237 99 5768 0
1238 101 4440 0
1241 168 2672 0
1243 284 4362 0
1245 10 5365 0
1249 58 1688 0
38
686 820 4362
1027 1208 1182
939 1074 5314
710 1044 1417
718 911 1535
678 912 4359
864 1152 5055
550 670 4511
886 1031 874
623 839 4362
589 695 3639
816 931 4511
672 1081 2170
719 842 5691
1020 1253 360
711 803 5768
900 993 4969
1109 1231 5365
644 906 360
544 646 3810
866 989 4362
888 1244 720
731 1156 2170
881 987 4143
665 764 874
693 788 2312
966 1255 4511
608 712 4969
941 1045 2672
1104 1235 4511
665 841 133
1097 1219 2312
650 770 133
627 724 2980
865 978 1291
903 1017 2170
551 699 3324
900 993 3133
545 1090
476
540 521 731 1
542 73 689 1
544 320 992 1
548 419 735 1
551 325 848 1
552 360 674 1
553 317 1074 1
554 446 739 1
555 530 491 1
556 322 495 1
557 385 418 1
557 377 906 1
561 194 801 1
561 37 311 1
565 377 906 0
565 280 432 1
569 307 885 1
572 126 509 1
572 74 223 1
573 392 992 1
575 292 472 1
584 530 491 0
585 367 418 1
585 306 782 1
587 332 352 1
589 6 334 1
592 453 561 1
593 452 735 1
593 307 885 0
594 162 801 1
594 108 471 1
595 280 432 0
598 446 739 0
598 322 495 0
599 188 397 1
600 367 418 0
601 325 848 0
602 538 418 1
602 360 674 0
603 322 912 1
605 155 212 1
608 419 735 0
608 202 733 1
612 81 853 1
615 430 939 1
621 74 223 0
622 332 352 0
622 109 981 1
624 511 1074 1
625 82 418 1
626 148 939 1
627 6 334 0
628 194 801 0
628 439 674 1
628 446 939 1
629 360 418 1
629 109 981 0
630 82 418 0
633 307 397 1
634 472 877 1
634 82 39 1
634 344 643 1
639 220 458 1
639 202 733 0
640 322 912 0
640 521 731 0
640 188 397 0
641 31 551 1
642 439 674 0
643 204 418 1
644 419 90 1
644 199 471 1
647 439 731 1
648 353 906 1
648 242 471 1
650 419 90 0
651 453 561 0
655 7 104 1
657 89 1055 1
657 446 939 0
658 511 1074 0
663 446 495 1
665 202 659 1
667 294 80 1
669 307 397 0
671 73 689 0
673 446 495 0
674 188 906 1
674 33 674 1
676 148 939 0
678 188 906 0
679 446 373 1
681 457 495 1
682 205 472 1
684 203 1055 1
686 126 509 0
688 322 1055 1
689 199 471 0
691 33 674 0
693 17 853 1
696 242 471 0
698 320 992 0
698 494 733 1
699 6 471 1
700 194 879 1
700 353 906 0
701 202 659 0
703 503 67 1
705 188 1054 1
707 397 142 1
707 328 787 1
708 126 18 1
713 453 60 1
714 200 787 1
716 83 491 1
717 37 311 0
719 503 67 0
720 349 39 1
721 242 491 1
721 446 373 0
721 322 1055 0
723 385 418 0
724 360 418 0
727 521 3 1
729 494 733 0
730 462 59 1
730 446 731 1
732 472 877 0
733 453 60 0
736 511 491 1
736 31 551 0
741 266 495 1
743 494 853 1
744 317 1074 0
746 439 731 0
747 280 39 1
747 306 782 0
751 353 437 1
752 312 334 1
754 543 504 1
754 325 491 1
754 202 608 1
754 289 720 1
757 377 879 1
758 280 39 0
758 419 334 1
759 205 472 0
762 233 739 1
762 73 848 1
763 452 735 0
764 188 1054 0
766 292 472 0
766 204 418 0
767 205 853 1
767 37 939 1
770 517 979 1
772 280 311 1
773 162 801 0
773 269 458 1
776 430 939 0
776 37 939 0
778 377 879 0
785 95 67 1
785 33 563 1
787 453 659 1
788 307 733 1
788 419 334 0
790 269 458 0
790 73 848 0
791 360 939 1
796 95 67 0
798 360 939 0
798 203 1055 0
800 203 551 1
800 194 879 0
802 95 801 1
803 59 848 1
805 524 32 1
808 317 720 1
811 446 731 0
811 199 551 1
811 74 877 1
811 385 979 1
813 203 551 0
813 332 458 1
813 430 504 1
822 419 1056 1
826 320 458 1
830 200 787 0
831 530 334 1
834 199 551 0
835 17 853 0
838 503 720 1
838 521 3 0
840 220 458 0
843 306 432 1
843 524 32 0
843 457 495 0
846 280 311 0
847 452 1013 1
847 322 720 1
853 356 801 1
855 462 59 0
858 37 352 1
864 83 491 0
867 446 472 1
868 360 397 1
871 344 643 0
872 317 720 0
881 242 491 0
892 124 879 1
894 155 212 0
897 397 142 0
897 385 979 0
899 317 458 1
899 367 373 1
900 353 437 0
902 203 1055 1
904 83 466 1
905 220 334 1
906 108 471 0
907 73 885 1
909 356 801 0
910 543 504 0
910 360 397 0
911 503 720 0
912 194 1054 1
917 328 787 0
918 7 104 0
922 419 1056 0
923 33 563 0
925 344 437 1
926 307 733 0
927 31 906 1
927 109 254 1
928 312 334 0
928 367 373 0
929 419 315 1
934 220 334 0
934 494 853 0
935 360 408 1
936 155 491 1
938 322 720 0
939 205 853 0
942 83 466 0
945 322 408 1
946 59 848 0
948 457 315 1
948 17 939 1
950 344 437 0
951 81 853 0
951 294 80 0
952 521 642 1
953 270 67 1
954 538 418 0
955 242 759 1
957 356 735 1
958 17 939 0
959 439 156 1
961 349 39 0
962 356 735 0
964 204 80 1
965 356 59 1
966 307 939 1
968 205 67 1
968 385 458 1
969 205 67 0
969 377 466 1
970 453 659 0
971 83 848 1
971 17 735 1
974 269 608 1
974 270 67 0
974 503 563 1
975 322 408 0
975 543 352 1
979 344 877 1
979 294 718 1
980 367 212 1
980 430 504 0
982 188 315 1
984 233 739 0
988 397 1013 1
988 524 337 1
988 430 718 1
989 503 563 0
995 367 212 0
1003 494 18 1
1005 462 59 1
1005 17 735 0
1008 494 18 0
1009 204 80 0
1013 203 1055 0
1016 108 466 1
1019 439 156 0
1020 306 432 0
1020 126 18 0
1021 419 315 0
1023 517 979 0
1024 242 759 0
1026 332 458 0
1026 472 782 1
1027 95 801 0
1028 344 877 0
1030 543 352 0
1031 280 311 1
1032 521 642 0
1032 59 337 1
1033 325 491 0
1035 430 718 0
1036 524 337 0
1037 108 466 0
1038 200 437 1
1040 360 408 0
1041 266 495 0
1041 124 879 0
1044 524 608 1
1045 194 1054 0
1046 108 551 1
1050 322 142 1
1050 472 782 0
1051 446 472 0
1053 280 311 0
1053 294 718 0
1054 453 3 1
1057 82 39 0
1058 503 689 1
1063 524 608 0
1063 73 885 0
1064 194 60 1
1066 148 432 1
1068 332 659 1
1068 159 223 1
1071 332 659 0
1076 392 992 0
1077 31 906 0
1078 81 733 1
1079 494 437 1
1079 439 1054 1
1080 524 1056 1
1081 419 223 1
1082 95 495 1
1085 503 689 0
1088 462 59 0
1088 126 352 1
1091 95 495 0
1093 220 156 1
1094 109 254 0
1098 392 853 1
1099 203 142 1
1099 328 801 1
1100 419 223 0
1101 439 1054 0
1101 148 432 0
1102 89 1055 0
1102 188 315 0
1103 307 939 0
1104 203 142 0
1107 312 397 1
1111 367 739 1
1111 392 853 0
1111 294 642 1
1112 33 80 1
1115 511 491 0
1115 377 466 0
1117 430 422 1
1118 397 1013 0
1121 294 642 0
1123 367 739 0
1124 306 3 1
1125 517 1055 1
1125 233 142 1
1127 200 437 0
1128 294 853 1
1128 194 60 0
1133 453 3 0
1134 220 156 0
1134 89 730 1
1135 6 471 0
1136 452 1013 0
1137 220 437 1
1137 202 608 0
1138 320 458 0
1138 81 733 0
1141 7 801 1
1144 530 334 0
1145 517 1055 0
1146 349 466 1
1147 95 408 1
1148 430 422 0
1148 538 853 1
1149 162 334 1
1149 538 853 0
1150 159 223 0
1151 89 730 0
1151 344 337 1
1153 83 848 0
1155 220 437 0
1156 312 397 0
1156 33 80 0
1156 89 1056 1
1156 59 337 0
1160 233 142 0
1162 494 437 0
1163 74 877 0
1166 524 1056 0
1170 446 904 1
1171 270 80 1
1171 307 551 1
1173 280 718 1
1173 328 801 0
1174 200 337 1
1175 82 90 1
1177 472 735 1
1179 37 352 0
1179 430 437 1
1180 7 801 0
1180 202 563 1
1181 317 458 0
1181 108 551 0
1181 306 3 0
1184 17 733 1
1185 524 18 1
1185 202 563 0
1187 242 733 1
1187 452 337 1
1191 452 337 0
1191 472 735 0
1192 95 408 0
1192 307 551 0
1194 59 67 1
1195 385 458 0
1195 344 337 0
1197 270 80 0
1199 220 733 1
1199 73 885 1
1201 220 733 0
1203 419 59 1
1204 521 223 1
1206 349 466 0
1206 385 720 1
1207 322 142 0
1209 517 879 1
1210 162 334 0
1211 494 906 1
1213 73 885 0
1214 155 491 0
1214 494 906 0
1214 430 437 0
1214 503 60 1
1216 17 733 0
1216 430 848 1
1217 59 67 0
1219 200 337 0
1219 356 59 0
1223 108 642 1
1224 524 18 0
1224 517 879 0
1226 430 848 0
1229 446 904 0
1229 126 352 0
1232 269 608 0
1232 457 315 0
1234 242 733 0
1236 82 90 0
1237 521 223 0
1237 538 432 1
1241 538 432 0
1242 108 642 0
1244 280 718 0
1245 385 720 0
1246 419 59 0
1248 289 720 0
1250 503 60 0
1254 294 853 0
1259 89 1056 0
21
764 900 731
594 852 21
634 1016 472
726 835 311
630 741 223
711 837 782
562 714 759
991 1180 142
608 829 885
631 977 472
754 951 746
681 867 906
701 1205 156
1061 1260 3
844 1185 315
842 933 491
825 959 659
727 914 337
613 774 643
895 1040 735
624 751 759
634 8297
460
542 447 5873 1
548 108 7393 1
548 568 6966 1
549 199 7131 1
551 451 5531 1
552 199 7131 0
555 151 3819 1
560 160 5208 1
561 496 3016 1
564 590 4412 1
566 457 7687 1
568 496 3016 0
568 457 7687 0
569 403 5030 1
572 510 2947 1
575 446 2326 1
580 127 1456 1
582 536 2947 1
585 530 3743 1
588 562 6887 1
591 451 5531 0
592 164 5617 1
592 403 5030 0
594 338 3997 1
599 188 6109 1
603 476 6103 1
605 285 1084 1
609 623 1697 1
610 530 3743 0
610 151 3819 0
612 117 5596 1
613 161 2408 1
616 534 3016 1
617 199 3164 1
619 83 1727 1
619 110 2945 1
620 522 1456 1
623 83 1727 0
625 576 1740 1
629 489 1697 1
629 110 2945 0
631 110 2765 1
632 404 4530 1
632 568 6966 0
633 10 5208 1
633 404 4530 0
634 151 1661 1
634 426 1465 1
636 510 2947 0
637 53 4566 1
644 199 3164 0
645 127 1456 0
646 57 4551 1
647 568 4551 1
648 57 4551 0
650 558 1740 1
652 522 1456 0
656 451 601 1
657 117 5596 0
657 403 1727 1
659 127 7393 1
660 117 6887 1
660 534 3016 0
660 457 7120 1
661 204 2584 1
663 522 248 1
665 302 3997 1
667 28 1456 1
668 440 2756 1
669 536 2947 0
670 435 248 1
670 285 1084 0
670 57 7409 1
673 51 661 1
673 623 1697 0
674 53 4566 0
676 10 5208 0
676 550 6887 1
677 403 1727 0
680 51 661 0
681 446 2326 0
682 341 5439 1
685 204 2584 0
687 522 248 0
687 633 7951 1
689 151 1661 0
690 457 7120 0
691 404 5851 1
691 601 2241 1
692 285 4412 1
693 36 2903 1
693 97 4834 1
694 403 1662 1
694 57 7409 0
699 117 6887 0
699 15 1084 1
702 66 4551 1
706 403 1662 0
707 164 5617 0
708 388 7951 1
708 249 1661 1
711 601 2241 0
714 160 5208 0
714 404 5851 0
715 199 3066 1
719 432 3016 1
721 160 3762 1
725 175 5439 1
725 1 5393 1
726 584 5596 1
730 9 2584 1
732 8 1662 1
732 446 5600 1
733 36 2903 0
734 1 5393 0
735 536 7393 1
735 534 2945 1
735 426 1465 0
736 576 1740 0
738 426 549 1
739 505 3066 1
740 530 6887 1
744 285 4412 0
744 505 3066 0
744 601 6103 1
746 51 322 1
746 360 7393 1
746 590 4412 0
749 83 4530 1
750 536 7393 0
750 392 5531 1
751 204 2903 1
754 550 6887 0
755 412 7393 1
755 249 1661 0
758 576 4227 1
758 212 2765 1
761 1 3832 1
763 558 1740 0
764 412 7393 0
769 457 7687 1
769 510 4566 1
769 8 1662 0
774 51 322 0
777 403 5617 1
779 400 5208 1
779 36 2541 1
782 476 6103 0
783 341 5439 0
783 633 7951 0
783 10 3762 1
786 299 5814 1
786 188 6109 0
786 360 7393 0
787 457 7687 0
788 9 2584 0
789 451 601 0
790 539 7409 1
790 576 4227 0
791 403 5617 0
792 244 1803 1
794 1 3832 0
796 285 4566 1
796 510 4566 0
799 505 1509 1
802 66 4551 0
806 244 1803 0
808 36 2541 0
809 110 2765 0
810 522 1697 1
811 83 4530 0
811 341 1662 1
811 590 5393 1
814 212 2765 0
814 97 4834 0
816 164 7568 1
817 175 5439 0
817 57 5030 1
819 590 5393 0
819 451 7687 1
819 400 5208 0
820 360 7568 1
822 530 6887 0
823 209 3086 1
824 57 5030 0
825 412 60 1
827 110 2756 1
829 15 1084 0
833 8 4551 1
834 151 2326 1
839 66 3832 1
841 388 7951 0
843 161 2408 0
843 66 3832 0
843 451 7687 0
843 360 7568 0
844 534 2945 0
845 457 4530 1
847 505 1509 0
849 188 5393 1
850 164 7568 0
850 240 2584 1
854 53 5873 1
855 360 3016 1
855 476 7409 1
857 244 6109 1
858 404 2903 1
859 299 5814 0
859 522 1697 0
859 244 6109 0
861 249 2541 1
862 412 60 0
866 568 4551 0
867 505 7918 1
871 299 1727 1
871 341 1662 0
872 510 3650 1
874 209 3086 0
878 590 60 1
878 534 6109 1
879 161 4551 1
883 249 2541 0
885 240 2584 0
886 412 4412 1
886 576 7409 1
889 204 2903 0
891 199 3066 0
892 536 3819 1
894 590 60 0
897 476 7409 0
898 199 5814 1
899 299 1727 0
899 151 2326 0
902 530 6943 1
903 185 3743 1
904 108 7393 0
905 47 6109 1
905 209 1697 1
906 496 2584 1
907 550 5617 1
907 388 3089 1
908 435 248 0
909 404 2903 0
910 590 1697 1
910 530 6943 0
911 623 7393 1
911 160 3762 0
911 117 5465 1
911 450 2945 1
914 160 2541 1
915 285 4566 0
915 341 4530 1
915 199 5814 0
916 601 6103 0
919 534 6109 0
921 623 7393 0
922 450 2945 0
925 400 1465 1
927 522 7131 1
932 590 1697 0
936 66 6103 1
937 360 3016 0
939 117 5465 0
940 51 4530 1
942 66 6103 0
942 97 3650 1
944 558 2947 1
945 51 4530 0
948 212 2765 1
951 338 3997 0
952 15 60 1
952 212 2765 0
953 392 5531 0
955 451 7120 1
956 536 3819 0
956 302 3997 0
958 185 3743 0
959 432 3016 0
959 558 2947 0
960 160 2541 0
962 9 7131 1
971 164 5531 1
973 440 2756 0
973 199 4566 1
975 489 1697 0
975 426 549 0
977 161 4551 0
978 338 3832 1
978 360 6238 1
979 212 5814 1
979 240 7568 1
979 117 4530 1
980 338 3832 0
982 450 661 1
983 1 6176 1
983 188 5393 0
986 204 2541 1
988 440 2903 1
990 534 3650 1
990 522 7131 0
991 450 661 0
992 8 4551 0
997 530 7568 1
1002 568 6176 1
1004 108 5814 1
1006 505 7918 0
1006 240 7568 0
1007 127 7393 0
1007 530 7568 0
1008 151 2241 1
1009 204 2541 0
1010 160 5596 1
1010 446 5600 0
1013 403 7687 1
1020 400 1465 0
1021 164 5531 0
1022 432 6436 1
1022 36 6103 1
1025 403 7687 0
1029 432 6436 0
1029 164 1803 1
1030 496 2584 0
1030 53 5873 0
1031 10 3762 0
1032 185 5851 1
1032 440 2903 0
1033 249 4834 1
1033 199 4566 0
1034 576 7409 0
1034 209 1697 0
1035 584 5596 0
1038 558 1740 1
1040 161 2947 1
1043 127 6887 1
1043 496 3743 1
1044 534 3650 0
1045 341 4530 0
1045 457 4530 0
1046 403 3819 1
1049 285 601 1
1049 496 3743 0
1051 249 4834 0
1053 530 6887 1
1053 623 6943 1
1058 539 7409 0
1058 164 1803 0
1058 489 6103 1
1058 175 5851 1
1061 403 3819 0
1062 15 60 0
1062 188 7918 1
1062 10 6238 1
1063 151 2241 0
1063 199 5600 1
1064 51 6238 1
1065 299 7721 1
1066 1 6176 0
1067 510 3650 0
1069 47 6109 0
1069 127 6887 0
1069 505 5465 1
1069 400 2584 1
1070 240 3164 1
1071 161 2947 0
1074 568 6176 0
1074 440 7120 1
1076 435 3762 1
1077 522 3997 1
1077 108 5814 0
1080 240 3164 0
1082 341 7568 1
1083 160 5596 0
1083 66 322 1
1084 550 5617 0
1084 530 6887 0
1094 97 3650 0
1097 299 7721 0
1104 199 5600 0
1108 562 6887 0
1108 360 6238 0
1112 66 322 0
1112 97 6103 1
1113 199 2903 1
1113 392 5531 1
1116 435 3762 0
1119 299 2584 1
1122 15 4551 1
1122 558 1740 0
1124 188 7918 0
1134 47 7012 1
1134 8 7687 1
1137 341 7568 0
1140 127 1727 1
1140 1 5814 1
1140 36 6103 0
1140 505 5465 0
1141 151 3089 1
1142 117 4530 0
1143 576 7687 1
1147 400 2584 0
1147 53 3762 1
1148 1 5814 0
1150 151 3089 0
1152 496 4227 1
1155 522 3997 0
1155 57 60 1
1157 447 5873 0
1157 440 7120 0
1160 15 4551 0
1161 633 1509 1
1162 576 7687 0
1170 432 2947 1
1171 160 7131 1
1175 412 4412 0
1178 576 6436 1
1180 185 5851 0
1182 212 5814 0
1182 536 1509 1
1186 432 2947 0
1189 97 6103 0
1190 127 1727 0
1190 435 1456 1
1193 457 1509 1
1195 151 1740 1
1196 489 6103 0
1198 392 5531 0
1201 51 6238 0
1204 110 2756 0
1204 623 6943 0
1206 47 7012 0
1207 496 4227 0
1207 489 4834 1
1209 83 6103 1
1212 633 1509 0
1213 435 1456 0
1214 388 3089 0
1217 457 1509 0
1217 117 5531 1
1217 212 1740 1
1219 536 1509 0
1221 53 3762 0
1225 576 6436 0
1226 285 601 0
1227 117 5531 0
1230 57 60 0
1236 83 6103 0
1238 10 6238 0
1239 489 4834 0
1242 175 5851 0
1245 9 7131 0
1245 160 7131 0
1245 199 2903 0
1245 299 2584 0
1245 8 7687 0
1246 212 1740 0
1249 338 7687 1
1253 28 1456 0
1256 151 1740 0
1260 338 7687 0
1260 451 7120 0
19
595 1186 3066
1034 1190 6943
692 958 549
934 1080 2947
859 1106 2584
723 966 1661
907 1110 3650
740 882 2765
904 1159 3819
1045 1172 4551
1003 1102 4530
699 820 5030
576 679 5596
940 1052 2756
995 1140 6887
949 1172 5030
834 950 7687
854 1040 2241
551 667 5465
62 4910
564
540 4 1869 1
542 61 3698 1
542 40 222 1
543 3 956 1
544 58 1973 1
546 20 389 1
546 23 1739 1
547 44 3439 1
548 51 4187 1
549 4 1869 0
550 12 3660 1
552 32 3417 1
554 57 1447 1
555 1 3333 1
557 4 4333 1
559 53 3557 1
560 6 4752 1
561 4 4333 0
562 20 389 0
563 45 1069 1
565 12 3660 0
565 2 2420 1
567 55 3810 1
567 20 374 1
569 52 2352 1
572 36 4332 1
573 51 4187 0
573 46 169 1
573 7 3333 1
573 54 4332 1
577 34 3247 1
578 24 3601 1
579 58 1973 0
579 28 2295 1
581 15 2992 1
584 51 1973 1
584 7 3333 0
585 28 2295 0
585 10 2394 1
585 20 374 0
586 34 3247 0
587 62 152 1
587 9 374 1
587 37 3125 1
588 61 3698 0
588 40 222 0
589 41 569 1
589 60 1237 1
590 39 4824 1
591 62 152 0
591 50 3660 1
593 34 3247 1
593 37 3125 0
594 46 169 0
596 20 1170 1
607 12 3515 1
609 6 4752 0
609 5 1654 1
610 26 1654 1
612 44 3439 0
615 25 2613 1
617 53 3557 0
617 29 4187 1
619 4 2295 1
619 49 3660 1
620 20 1170 0
621 54 4332 0
622 6 4671 1
623 52 2352 0
625 15 2992 0
625 10 2394 0
625 34 3247 0
628 16 4333 1
628 59 1973 1
630 50 3660 0
632 16 4333 0
632 7 2309 1
633 41 569 0
638 53 1767 1
639 19 548 1
639 59 1973 0
639 21 1010 1
641 9 374 0
641 44 2144 1
642 52 1776 1
643 24 3601 0
643 9 332 1
643 21 1010 0
644 37 3055 1
645 21 2884 1
649 21 2884 0
649 56 2400 1
651 40 2341 1
652 59 1422 1
652 45 1069 0
652 46 548 1
653 45 2309 1
654 46 548 0
654 40 2341 0
658 51 1973 0
659 25 2613 0
659 14 2886 1
661 20 2764 1
661 16 2295 1
662 7 2309 0
665 45 2309 0
668 45 1069 1
669 3 956 0
669 21 2066 1
670 38 362 1
671 5 1654 0
673 29 4187 0
674 46 4187 1
674 44 2144 0
676 10 152 1
676 50 3417 1
676 30 2420 1
677 62 4289 1
677 56 2400 0
679 58 4333 1
680 41 3557 1
680 56 362 1
681 5 2121 1
681 23 1739 0
681 21 2066 0
682 49 3660 0
686 34 16 1
687 56 362 0
688 29 1237 1
690 16 2295 0
690 51 2652 1
692 36 4332 0
696 45 1069 0
699 7 2677 1
703 40 2374 1
704 28 3125 1
704 42 2295 1
705 18 1767 1
705 28 3125 0
705 44 1170 1
706 54 268 1
707 6 4671 0
707 23 1170 1
712 24 1973 1
712 41 3557 0
713 15 928 1
713 38 362 0
714 23 1170 0
715 21 2398 1
715 56 3601 1
716 10 152 0
716 23 2077 1
717 59 1422 0
718 50 3417 0
719 50 4824 1
721 26 1654 0
723 58 4333 0
725 16 362 1
725 2 2420 0
725 7 2677 0
726 54 268 0
729 54 2352 1
730 61 1447 1
730 53 1767 0
732 41 2295 1
735 3 2613 1
736 25 3557 1
741 47 2886 1
741 50 4824 0
742 40 2374 0
743 23 2077 0
747 58 2398 1
752 28 1336 1
752 50 2077 1
753 60 1237 0
753 42 2295 0
755 54 2352 0
758 47 2886 0
760 30 2420 0
760 7 1767 1
762 38 1739 1
762 42 3557 1
763 19 548 0
764 38 1739 0
764 53 569 1
764 32 3417 0
766 45 3288 1
770 50 2077 0
771 6 2295 1
773 14 2886 0
777 14 2420 1
778 39 4824 0
780 3 2613 0
782 40 1033 1
783 16 362 0
785 56 3601 0
785 26 16 1
789 59 3439 1
790 30 268 1
791 5 2121 0
792 1 3333 0
794 10 3037 1
795 20 2764 0
798 15 928 0
798 42 3557 0
799 40 1033 0
800 50 3439 1
806 1 2309 1
808 7 1767 0
810 62 4289 0
810 53 569 0
811 26 16 0
812 5 3055 1
814 40 3037 1
816 62 3601 1
821 41 2295 0
821 14 2420 0
823 1 2309 0
823 7 2764 1
826 62 3601 0
826 56 222 1
827 45 3288 0
827 54 2652 1
828 36 1033 1
831 32 3303 1
831 10 3037 0
832 3 1336 1
833 10 3740 1
833 39 1776 1
833 23 4187 1
834 44 1170 0
839 7 2764 0
840 23 4187 0
842 16 2352 1
842 55 3810 0
844 19 2374 1
845 24 1973 0
846 7 3247 1
847 60 4215 1
847 26 3027 1
849 44 705 1
850 24 2652 1
852 34 16 0
853 20 2886 1
854 16 2352 0
855 7 3247 0
855 15 3660 1
857 46 4187 0
858 14 389 1
859 38 1033 1
860 55 3557 1
862 36 1033 0
863 47 2886 1
864 24 2652 0
866 50 3439 0
867 42 928 1
868 16 3601 1
870 53 1796 1
871 53 1796 0
871 34 2764 1
871 56 222 0
873 1 268 1
879 61 1447 0
880 53 2144 1
881 20 2886 0
883 51 2652 0
885 5 3055 0
886 44 705 0
887 41 3333 1
889 50 2341 1
889 34 2764 0
891 41 3333 0
893 50 2341 0
893 23 1422 1
893 20 3303 1
894 54 2652 0
894 19 2374 0
895 20 3303 0
896 26 3027 0
897 62 4824 1
898 41 1739 1
902 6 2295 0
906 26 389 1
906 5 2420 1
908 49 2400 1
908 61 4824 1
913 45 1069 1
916 30 268 0
916 14 389 0
916 7 3740 1
919 5 2420 0
920 46 4752 1
923 54 3037 1
924 44 332 1
925 20 2352 1
926 32 3303 0
926 20 2352 0
927 36 3027 1
931 59 3439 0
931 34 1767 1
931 62 4824 0
931 19 3439 1
933 14 332 1
934 46 4752 0
935 61 4824 0
938 41 1739 0
939 9 332 0
940 20 546 1
943 12 3515 0
945 62 2657 1
947 6 3698 1
952 44 332 0
952 18 1767 0
955 34 1767 0
957 6 3698 0
959 54 3037 0
959 61 1796 1
962 56 1542 1
964 51 4824 1
967 39 1776 0
967 34 569 1
968 19 3439 0
969 34 569 0
971 6 4671 1
971 19 3515 1
972 6 4671 0
972 2 552 1
973 56 1542 0
974 59 2341 1
975 39 548 1
977 12 2341 1
978 12 2341 0
979 44 3333 1
982 36 3027 0
983 4 2295 0
983 46 3557 1
985 24 1654 1
986 39 548 0
986 59 2341 0
987 36 2613 1
988 59 2309 1
990 7 3740 0
991 18 3247 1
992 38 1033 0
994 59 2309 0
995 58 2398 0
997 18 3247 0
997 46 3557 0
998 30 2624 1
999 34 1447 1
1000 46 3439 1
1003 28 1336 0
1003 40 3037 0
1004 19 3515 0
1005 40 2886 1
1005 2 552 0
1008 53 2144 0
1008 28 332 1
1009 5 2144 1
1010 6 2309 1
1013 15 3660 0
1014 7 2652 1
1014 18 2992 1
1015 56 2295 1
1016 3 1336 0
1018 7 2652 0
1018 6 2309 0
1019 36 2613 0
1019 5 2144 0
1020 15 3320 1
1025 3 268 1
1027 36 4752 1
1028 7 4030 1
1029 50 1447 1
1029 29 1237 0
1029 25 3557 0
1030 12 53 1
1031 18 2992 0
1031 30 2624 0
1033 44 3333 0
1033 19 4839 1
1034 26 389 0
1034 6 1654 1
1034 39 4289 1
1034 46 3439 0
1035 41 1010 1
1038 32 4342 1
1038 24 1654 0
1038 26 1336 1
1040 38 4333 1
1042 47 2886 0
1045 4 2352 1
1047 18 1542 1
1048 24 2398 1
1052 19 4839 0
1054 5 545 1
1056 50 1447 0
1061 2 4342 1
1061 19 2144 1
1062 9 1654 1
1063 61 1796 0
1063 50 3740 1
1065 18 1542 0
1067 49 2400 0
1067 40 2886 0
1069 39 4289 0
1070 41 1010 0
1072 54 3027 1
1072 50 3740 0
1073 62 2657 0
1074 59 4682 1
1074 26 1336 0
1075 45 1069 0
1075 59 4682 0
1076 47 1447 1
1076 54 3027 0
1076 12 53 0
1077 4 2352 0
1078 32 4342 0
1078 4 569 1
1079 39 3515 1
1079 19 2144 0
1081 19 1447 1
1084 19 1447 0
1085 30 4030 1
1088 38 4333 0
1093 34 1447 0
1095 37 3055 0
1095 54 1973 1
1096 9 1654 0
1096 26 2027 1
1096 5 545 0
1097 45 4839 1
1099 37 605 1
1100 24 2398 0
1104 25 4332 1
1105 21 2398 0
1105 28 332 0
1106 2 4342 0
1107 58 3660 1
1109 46 1776 1
1109 14 332 0
1110 15 3320 0
1113 26 2027 0
1114 32 2398 1
1114 19 3125 1
1115 30 4030 0
1115 62 2352 1
1116 49 152 1
1117 62 2352 0
1117 53 2066 1
1118 20 546 0
1121 46 1776 0
1123 53 2066 0
1125 59 3417 1
1127 24 4215 1
1128 51 4824 0
1129 5 169 1
1129 37 605 0
1129 26 1654 1
1133 20 4187 1
1133 56 2295 0
1134 50 1010 1
1136 54 1973 0
1138 12 4332 1
1139 12 4332 0
1140 34 3333 1
1142 55 3557 0
1142 19 3125 0
1146 41 3515 1
1148 46 2652 1
1150 49 152 0
1151 24 4215 0
1152 53 268 1
1153 62 1033 1
1154 23 1422 0
1155 15 1542 1
1160 7 4030 0
1161 28 16 1
1162 32 2398 0
1163 38 53 1
1164 36 4752 0
1166 54 268 1
1169 51 3037 1
1169 59 3417 0
1169 37 53 1
1170 59 4332 1
1171 54 268 0
1173 47 1447 0
1176 58 3660 0
1176 26 1654 0
1177 58 3698 1
1178 5 169 0
1178 57 1447 0
1180 34 3333 0
1180 50 1010 0
1180 51 3037 0
1180 21 2400 1
1180 59 4332 0
1180 15 1542 0
1182 5 1336 1
1184 37 53 0
1186 21 2400 0
1186 57 3247 1
1189 20 4187 0
1189 38 53 0
1190 41 3515 0
1190 57 3247 0
1192 6 1654 0
1196 28 16 0
1196 57 152 1
1197 52 1776 0
1198 26 2764 1
1198 42 928 0
1200 19 3055 1
1200 26 2764 0
1201 62 1033 0
1202 51 3523 1
1203 26 3660 1
1203 34 3125 1
1206 10 3740 0
1207 16 3601 0
1207 28 222 1
1207 21 1170 1
1212 3 268 0
1213 6 2992 1
1213 12 3515 1
1216 6 2992 0
1217 28 222 0
1219 34 3125 0
1219 5 1336 0
1220 45 4839 0
1220 53 268 0
1222 7 3027 1
1223 26 3660 0
1226 39 3515 0
1227 14 4682 1
1229 60 4215 0
1229 6 1973 1
1230 57 152 0
1232 12 3515 0
1232 51 3523 0
1234 38 3288 1
1235 41 1869 1
1235 50 2624 1
1236 21 1170 0
1236 38 3288 0
1237 57 4228 1
1239 21 3055 1
1241 1 268 0
1242 62 4824 1
1243 57 4228 0
1244 21 3055 0
1245 14 4682 0
1246 50 2624 0
1247 7 3027 0
1251 41 1869 0
1251 4 569 0
1255 58 3698 0
1255 6 1973 0
1258 62 4824 0
1259 46 2652 0
1259 19 3055 0
1260 25 4332 0
20
821 915 3740
607 1230 3557
856 954 16
577 733 152
660 828 1010
799 933 3684
1036 1143 1069
707 798 3538
810 1228 226
1032 1220 4682
721 915 268
841 971 4342
947 1216 3247
838 1013 1069
557 671 3333
587 898 2374
853 1051 4824
697 1130 4682
996 1216 1115
1139 1238 2884
34 6798
624
540 15 783 1
541 3 3580 1
543 18 5197 1
543 31 5950 1
544 29 6694 1
545 24 454 1
545 3 3580 0
546 10 2410 1
546 7 1694 1
547 5 6033 1
548 21 2773 1
548 29 6694 0
548 4 4474 1
549 21 2773 0
551 6 5151 1
551 31 5950 0
551 25 2635 1
552 22 1789 1
552 24 454 0
553 21 4147 1
553 17 1202 1
553 7 1694 0
554 30 5676 1
554 14 5676 1
554 33 5844 1
554 25 2635 0
556 32 3009 1
556 25 5071 1
556 4 4474 0
557 7 3694 1
557 20 4010 1
557 5 6033 0
558 18 5197 0
558 11 5562 1
559 20 4010 0
559 5 5478 1
561 1 4147 1
563 9 3311 1
564 27 1966 1
565 29 2083 1
566 16 32 1
566 20 251 1
567 20 251 0
568 8 5071 1
568 33 5844 0
569 33 2083 1
569 20 6671 1
570 20 6671 0
571 34 2208 1
571 15 783 0
571 12 4313 1
573 6 5151 0
573 27 1966 0
575 30 5676 0
576 33 2083 0
576 13 6093 1
578 11 5562 0
579 29 2083 0
580 2 1202 1
580 30 1313 1
581 26 4038 1
582 30 1313 0
583 31 4474 1
583 1 4147 0
583 32 3009 0
583 14 5676 0
584 2 1202 0
584 6 1956 1
586 1 4900 1
586 10 2410 0
587 4 1966 1
587 33 5315 1
587 10 3197 1
587 25 5071 0
588 28 6033 1
589 29 4209 1
589 24 6033 1
590 2 1751 1
593 21 4147 0
594 19 3009 1
595 11 966 1
596 18 494 1
596 27 5285 1
596 17 1202 0
596 12 4313 0
599 33 5315 0
602 12 1931 1
602 5 5478 0
602 33 1313 1
603 26 4038 0
603 23 684 1
604 27 5285 0
604 2 1751 0
604 30 971 1
605 20 2371 1
606 18 494 0
608 15 3226 1
608 7 3694 0
609 11 966 0
610 7 578 1
611 25 5155 1
611 3 1716 1
613 5 1313 1
613 11 1079 1
614 34 2208 0
614 25 5155 0
617 17 783 1
617 2 5950 1
618 9 3311 0
619 31 4474 0
619 33 1313 0
621 34 4372 1
621 18 3027 1
625 15 3226 0
627 25 1694 1
627 22 1789 0
629 31 1589 1
629 21 4010 1
633 6 1956 0
634 25 1694 0
636 24 6033 0
637 13 6093 0
638 30 971 0
641 15 2044 1
642 34 4372 0
643 20 2371 0
643 10 3197 0
645 30 4372 1
646 4 1966 0
648 34 5562 1
649 30 4372 0
649 32 5676 1
650 34 5562 0
652 34 6021 1
652 23 684 0
656 22 684 1
657 17 783 0
658 5 1313 0
663 33 232 1
665 4 3561 1
666 10 5151 1
666 24 4699 1
666 7 578 0
667 28 6033 0
667 15 2044 0
669 2 5950 0
670 31 1589 0
671 6 6557 1
671 28 5950 1
672 13 5844 1
672 2 3580 1
673 14 1313 1
673 15 1694 1
674 28 5950 0
676 25 5676 1
676 20 4209 1
676 27 2222 1
677 23 2624 1
679 24 4699 0
681 9 5562 1
682 15 1694 0
684 24 3009 1
684 28 2044 1
687 11 1079 0
688 29 4209 0
690 11 5920 1
690 30 1789 1
692 6 6557 0
697 8 5071 0
697 7 1517 1
698 26 2533 1
698 18 3027 0
699 15 2083 1
701 2 3580 0
704 31 3940 1
706 18 4209 1
706 21 4010 0
706 8 3530 1
707 29 3226 1
708 19 3009 0
713 2 5372 1
713 4 3561 0
715 6 6033 1
715 21 2083 1
715 7 1517 0
718 22 684 0
718 1 4900 0
719 18 4209 0
720 20 4209 0
721 20 2533 1
722 17 686 1
722 19 1860 1
726 4 1941 1
728 30 1789 0
729 7 686 1
731 17 686 0
731 33 232 0
732 7 686 0
733 15 2083 0
734 30 494 1
735 30 494 0
736 18 4372 1
736 15 2533 1
738 19 1860 0
739 19 6021 1
739 5 1751 1
740 15 2533 0
742 12 1931 0
743 22 1075 1
744 28 2044 0
746 12 1202 1
747 33 4699 1
748 30 1589 1
749 2 5372 0
749 5 1751 0
749 21 2083 0
750 7 3213 1
754 32 5676 0
755 8 3530 0
756 25 5676 0
765 4 1941 0
765 22 1075 0
766 3 1716 0
767 12 1202 0
768 1 5478 1
769 1 5478 0
770 9 5562 0
770 25 1517 1
770 1 5197 1
770 28 251 1
777 5 6021 1
778 29 3226 0
779 32 5151 1
781 12 4917 1
783 15 1789 1
784 21 3213 1
785 29 3285 1
787 2 6557 1
788 18 4372 0
792 18 1371 1
794 4 2044 1
795 17 4038 1
796 9 1589 1
796 3 4066 1
797 25 1517 0
799 28 251 0
799 25 2533 1
800 25 2533 0
801 7 3213 0
804 20 2533 0
808 9 1589 0
809 4 2044 0
810 22 251 1
811 4 3694 1
811 28 4372 1
812 25 2222 1
814 32 5151 0
817 12 4917 0
818 33 4699 0
818 32 3197 1
819 2 6557 0
819 9 4313 1
820 30 1589 0
821 4 3694 0
822 20 5478 1
823 25 2222 0
824 25 1589 1
826 20 5478 0
826 29 3285 0
827 8 578 1
827 4 1075 1
828 9 4313 0
829 18 1371 0
829 30 3027 1
833 25 1589 0
834 4 1075 0
836 15 1789 0
838 25 1956 1
840 19 6021 0
841 20 2624 1
841 4 4209 1
842 9 1680 1
842 4 4209 0
843 33 4209 1
844 18 4799 1
844 12 494 1
845 3 4066 0
845 19 3027 1
849 20 2624 0
849 15 5285 1
851 5 6021 0
852 4 1371 1
853 21 3213 0
853 32 3197 0
855 15 5285 0
861 2 971 1
862 20 2371 1
865 13 5844 0
868 30 3027 0
869 30 3870 1
872 25 1956 0
873 3 454 1
873 25 966 1
874 19 3027 0
876 32 3694 1
877 29 3530 1
878 26 2533 0
879 5 5844 1
890 12 494 0
890 30 3870 0
894 7 5285 1
896 24 3009 0
896 7 5285 0
896 31 3940 0
902 30 4209 1
903 19 6021 1
904 24 5285 1
904 12 3311 1
905 15 1405 1
908 4 1371 0
909 34 6021 0
911 25 966 0
912 21 1680 1
912 20 2371 0
914 32 3694 0
917 12 3311 0
919 34 540 1
920 16 32 0
921 7 2911 1
921 31 5155 1
922 23 2624 0
924 33 4209 0
924 28 4372 0
926 13 4147 1
926 28 5920 1
926 24 5285 0
927 25 6671 1
928 26 6021 1
929 30 4209 0
930 4 1751 1
933 18 4799 0
933 4 1751 0
933 1 5197 0
934 3 454 0
935 1 971 1
936 24 1079 1
937 16 232 1
939 16 232 0
941 31 5155 0
942 14 1313 0
946 4 32 1
947 31 1313 1
949 24 1079 0
950 33 1694 1
951 19 6021 0
951 23 5197 1
952 19 4372 1
952 25 6671 0
953 34 540 0
953 16 5197 1
957 2 971 0
959 28 5920 0
960 23 5197 0
962 12 3027 1
962 16 5197 0
964 16 4147 1
964 4 32 0
964 24 6694 1
965 18 251 1
971 2 232 1
973 18 251 0
974 28 1694 1
975 12 3027 0
980 32 3692 1
981 18 1789 1
981 22 251 0
982 26 6021 0
984 18 1789 0
985 30 6093 1
986 25 1313 1
988 4 2635 1
992 30 6093 0
992 20 494 1
993 16 4147 0
994 20 494 0
995 24 6694 0
999 25 1313 0
1000 23 4917 1
1003 20 3692 1
1003 25 3213 1
1004 25 3213 0
1004 16 5533 1
1005 26 3561 1
1007 16 5533 0
1008 5 5844 0
1010 24 4147 1
1013 2 232 0
1014 4 2635 0
1014 14 2911 1
1014 18 4978 1
1015 20 3692 0
1015 34 3027 1
1015 1 971 0
1015 12 4896 1
1016 7 2911 0
1018 2 4917 1
1019 25 783 1
1019 15 1405 0
1020 4 6766 1
1022 16 2044 1
1022 15 4147 1
1023 1 6694 1
1025 20 4474 1
1025 4 6766 0
1028 19 4372 0
1029 31 1313 0
1031 24 4147 0
1032 4 1694 1
1033 2 4917 0
1033 23 4917 0
1033 31 5315 1
1036 19 1680 1
1036 9 1680 0
1037 31 5315 0
1039 27 2222 0
1040 23 454 1
1041 24 3311 1
1042 5 2222 1
1049 6 6033 0
1049 5 2222 0
1055 5 5155 1
1055 26 3561 0
1055 12 4896 0
1055 31 966 1
1056 24 3311 0
1059 30 1694 1
1060 30 1694 0
1060 3 6093 1
1061 1 6694 0
1062 13 4147 0
1062 24 2635 1
1062 1 971 1
1064 10 5151 0
1064 15 4147 0
1065 2 5950 1
1066 13 4474 1
1067 33 1694 0
1067 4 1694 0
1068 32 3692 0
1069 1 971 0
1076 27 3226 1
1078 4 3692 1
1078 22 4010 1
1081 9 578 1
1082 12 4311 1
1082 16 2044 0
1085 16 4978 1
1087 23 454 0
1091 6 6671 1
1093 24 2635 0
1095 4 3692 0
1098 4 1694 1
1100 33 4896 1
1100 16 4978 0
1101 1 6557 1
1102 13 4474 0
1103 10 6766 1
1104 13 5285 1
1105 23 1202 1
1105 31 966 0
1106 24 2410 1
1107 25 783 0
1108 7 5676 1
1108 9 578 0
1109 1 6557 0
1111 16 1589 1
1112 30 5151 1
1113 18 4978 0
1114 4 1694 0
1117 16 1589 0
1118 4 2222 1
1118 15 6021 1
1118 18 6093 1
1120 13 5285 0
1121 26 1837 1
1122 31 454 1
1122 27 3226 0
1123 10 6766 0
1124 22 4010 0
1125 10 1313 1
1126 4 2222 0
1127 27 494 1
1128 26 1837 0
1131 34 3027 0
1133 16 1551 1
1135 34 4978 1
1136 23 1202 0
1136 4 1202 1
1136 33 4896 0
1138 25 4917 1
1138 30 5151 0
1139 6 6671 0
1140 20 4474 0
1141 9 3692 1
1143 22 1694 1
1143 34 4978 0
1145 24 2410 0
1145 4 1202 0
1146 13 6559 1
1147 23 1956 1
1147 30 993 1
1148 4 1680 1
1148 24 2911 1
1148 22 1694 0
1151 4 1680 0
1151 3 6093 0
1154 7 5676 0
1155 30 993 0
1155 33 5071 1
1155 15 6021 0
1156 17 4038 0
1161 16 1551 0
1162 34 1789 1
1165 29 3530 0
1166 24 2911 0
1169 10 1313 0
1169 1 3027 1
1170 1 3027 0
1171 6 1716 1
1171 1 3311 1
1172 20 1680 1
1175 25 4917 0
1175 15 4010 1
1176 18 6093 0
1177 13 6559 0
1177 26 3692 1
1177 30 3226 1
1177 34 1789 0
1178 34 1694 1
1180 18 3027 1
1180 20 1680 0
1181 14 2911 0
1182 1 3311 0
1183 14 971 1
1185 17 4147 1
1185 15 4010 0
1185 1 6130 1
1186 29 4010 1
1189 11 5920 0
1189 32 5562 1
1189 2 5950 0
1190 31 454 0
1191 31 494 1
1191 1 6130 0
1191 29 4010 0
1193 15 971 1
1194 13 4917 1
1195 2 4699 1
1196 29 2371 1
1196 13 4917 0
1197 4 1941 1
1198 27 494 0
1198 5 5155 0
1198 15 971 0
1199 20 5478 1
1200 11 4978 1
1200 26 3692 0
1200 30 3226 0
1200 5 6557 1
1201 17 4147 0
1202 23 1956 0
1203 21 1680 0
1207 21 4372 1
1207 14 971 0
1207 26 1313 1
1208 8 578 0
1209 15 6559 1
1209 25 6021 1
1210 1 6033 1
1211 11 4978 0
1212 1 6033 0
1216 1 5151 1
1217 34 1694 0
1219 10 6671 1
1221 22 3311 1
1224 23 3530 1
1224 7 282 1
1225 19 1680 0
1225 30 6716 1
1225 17 6557 1
1228 10 6671 0
1229 4 1941 0
1231 21 4372 0
1232 12 4311 0
1233 16 966 1
1235 1 5151 0
1238 26 1313 0
1239 6 1716 0
1239 28 1694 0
1239 7 282 0
1239 4 2773 1
1239 16 966 0
1241 31 494 0
1242 20 5478 0
1242 15 6559 0
1245 24 4978 1
1245 29 2371 0
1245 25 6021 0
1246 17 6557 0
1247 32 5562 0
1247 23 3530 0
1248 18 3027 0
1251 2 4699 0
1251 24 4978 0
1251 4 2773 0
1252 4 1079 1
1253 30 6716 0
1253 21 3009 1
1253 9 3692 0
1254 4 1079 0
1254 21 3009 0
1255 33 5071 0
1255 5 6557 0
1259 22 3311 0
30
605 761 5950
973 1211 5155
605 836 1551
551 786 3580
803 1087 5950
814 1015 686
959 1199 251
585 1073 1313
614 716 2533
590 739 4799
787 1154 1837
810 990 2911
1041 1229 971
750 926 5197
808 953 1589
783 947 3469
659 767 4493
703 1061 4066
669 880 4799
693 1009 5155
929 1158 6021
1018 1175 6671
590 722 2533
623 856 5950
633 1228 5285
854 963 6557
594 759 4311
836 949 3870
944 1146 783
906 1060 2222
774 956
498
540 656 439 1
541 581 782 1
542 612 884 1
543 198 496 1
545 194 217 1
550 765 745 1
551 395 72 1
553 114 93 1
554 465 39 1
555 631 349 1
556 198 496 0
557 524 39 1
558 456 656 1
559 198 154 1
559 468 370 1
562 667 884 1
562 138 569 1
563 26 788 1
564 677 274 1
564 347 352 1
564 395 72 0
566 609 370 1
569 715 745 1
569 362 230 1
570 751 223 1
572 26 788 0
573 362 230 0
577 597 258 1
580 597 258 0
588 237 604 1
588 468 370 0
591 612 884 0
591 348 276 1
593 612 604 1
594 4 170 1
594 762 476 1
594 765 745 0
595 762 476 0
595 110 276 1
598 135 656 1
599 465 39 0
600 114 93 0
601 465 165 1
601 488 863 1
601 396 166 1
602 395 941 1
604 383 496 1
604 681 404 1
606 612 604 0
606 53 274 1
607 609 370 0
608 135 656 0
611 328 82 1
612 116 743 1
613 488 863 0
613 456 656 0
614 135 439 1
615 468 897 1
616 518 857 1
617 762 133 1
619 523 428 1
621 619 331 1
621 691 230 1
623 194 217 0
624 612 337 1
624 194 574 1
625 258 337 1
626 237 604 0
626 751 223 0
627 444 170 1
628 629 782 1
629 612 337 0
630 139 743 1
634 677 274 0
635 468 897 0
636 328 82 0
636 523 428 0
639 418 539 1
639 765 941 1
641 629 782 0
642 474 122 1
642 110 276 0
643 24 72 1
649 130 941 1
652 488 743 1
652 138 569 0
653 677 106 1
654 431 82 1
656 385 879 1
656 210 472 1
658 507 327 1
659 718 782 1
660 300 152 1
664 116 743 0
664 351 765 1
665 652 165 1
666 198 154 0
666 195 258 1
672 718 782 0
672 383 496 0
673 523 349 1
674 751 884 1
675 327 72 1
677 414 170 1
677 672 604 1
677 581 782 0
679 518 857 0
680 672 604 0
680 629 72 1
680 552 39 1
682 609 857 1
683 194 574 0
685 550 659 1
687 383 236 1
688 677 106 0
689 656 439 0
691 523 349 0
691 198 154 1
691 552 39 0
692 385 879 0
692 130 941 0
694 612 635 1
694 672 708 1
695 166 349 1
695 518 791 1
699 383 236 0
700 468 65 1
700 524 39 0
701 629 72 0
702 677 912 1
703 300 152 0
707 597 170 1
710 631 349 0
710 672 708 0
713 139 743 0
716 351 765 0
716 474 122 0
718 709 72 1
719 444 170 0
723 265 404 1
736 619 331 0
736 652 165 0
739 691 230 0
739 597 170 0
741 609 857 0
742 258 337 0
742 714 884 1
743 383 569 1
746 507 327 0
748 581 743 1
748 518 791 0
749 691 331 1
749 198 154 0
751 609 230 1
761 241 567 1
761 348 276 0
763 762 133 0
765 53 274 0
769 507 745 1
771 597 518 1
773 518 864 1
775 362 660 1
778 681 404 0
779 629 352 1
781 395 941 0
783 581 743 0
784 166 349 0
788 468 65 0
791 500 765 1
794 327 72 0
797 619 718 1
798 597 518 0
798 139 897 1
800 667 884 0
802 546 635 1
802 53 653 1
805 652 8 1
805 518 864 0
807 383 569 0
807 691 331 0
811 209 370 1
811 489 635 1
816 672 745 1
818 351 481 1
819 26 656 1
825 348 745 1
826 765 941 0
827 351 481 0
828 328 635 1
828 500 765 0
830 116 439 1
832 347 352 0
835 524 745 1
836 652 8 0
836 385 39 1
836 271 766 1
836 351 170 1
836 194 265 1
838 564 718 1
839 265 404 0
840 677 912 0
840 395 745 1
841 26 656 0
842 300 864 1
844 26 217 1
844 114 243 1
846 347 539 1
846 271 766 0
847 327 567 1
848 629 352 0
849 677 223 1
850 751 884 0
851 672 745 0
852 468 653 1
852 412 166 1
854 765 879 1
858 667 660 1
861 271 897 1
861 300 864 0
864 552 857 1
864 581 540 1
868 271 897 0
870 524 745 0
870 581 540 0
871 412 166 0
872 488 743 0
872 116 439 0
878 524 352 1
878 327 567 0
879 139 897 0
880 656 472 1
881 327 635 1
886 383 72 1
888 631 745 1
889 385 39 0
890 138 567 1
890 456 660 1
891 564 718 0
891 667 660 0
892 718 349 1
893 523 540 1
893 468 653 0
893 396 166 0
896 412 718 1
897 468 708 1
897 672 879 1
898 456 660 0
899 612 635 0
899 138 567 0
899 474 518 1
899 327 635 0
900 706 635 1
900 581 217 1
904 631 745 0
909 444 897 1
911 418 539 0
914 431 82 0
920 714 884 0
920 110 879 1
925 139 66 1
927 489 635 0
928 709 72 0
933 706 635 0
936 241 567 0
937 348 745 0
938 237 133 1
938 474 518 0
941 597 569 1
943 564 569 1
943 706 370 1
948 631 274 1
948 552 857 0
948 418 65 1
952 258 864 1
953 114 243 0
955 395 745 0
956 351 170 0
957 194 265 0
958 667 656 1
958 524 352 0
959 718 349 0
963 271 743 1
964 110 879 0
965 762 754 1
967 258 864 0
968 706 370 0
969 327 276 1
970 139 66 0
970 751 569 1
974 500 879 1
976 751 569 0
978 431 472 1
978 597 569 0
979 237 133 0
980 271 743 0
981 327 276 0
983 507 745 0
983 289 574 1
985 518 556 1
987 396 530 1
989 258 488 1
993 714 884 1
993 395 428 1
995 609 230 0
998 762 754 0
999 265 276 1
1000 652 754 1
1000 656 472 0
1000 609 884 1
1001 609 884 0
1002 166 370 1
1003 765 879 0
1004 67 540 1
1004 357 359 1
1006 468 708 0
1006 597 481 1
1007 609 223 1
1009 414 170 0
1010 762 518 1
1011 500 879 0
1012 706 496 1
1013 135 439 0
1023 612 766 1
1024 395 428 0
1025 597 481 0
1025 110 390 1
1027 709 370 1
1029 431 472 0
1030 357 359 0
1030 166 370 0
1034 412 718 0
1035 581 217 0
1036 414 92 1
1037 348 635 1
1039 612 766 0
1041 194 8 1
1042 357 327 1
1044 581 791 1
1044 612 66 1
1045 26 217 0
1046 306 556 1
1046 524 274 1
1047 706 496 0
1049 523 540 0
1049 327 718 1
1051 395 276 1
1052 652 754 0
1053 67 540 0
1053 431 708 1
1054 691 390 1
1055 327 718 0
1056 507 166 1
1057 546 635 0
1058 110 390 0
1059 53 653 0
1060 489 743 1
1062 597 276 1
1067 709 370 0
1067 609 223 0
1067 631 274 0
1070 24 72 0
1071 597 276 0
1071 631 481 1
1072 474 152 1
1075 619 718 0
1077 709 472 1
1078 130 166 1
1078 468 93 1
1082 546 782 1
1082 4 170 0
1083 289 574 0
1085 107 428 1
1087 271 39 1
1088 53 540 1
1090 414 92 0
1090 130 166 0
1091 488 106 1
1091 362 660 0
1091 652 569 1
1092 518 556 0
1095 347 539 0
1097 691 390 0
1098 524 274 0
1100 198 864 1
1100 706 506 1
1101 357 327 0
1103 597 754 1
1105 396 530 0
1108 507 166 0
1110 412 428 1
1113 656 428 1
1113 709 472 0
1114 241 223 1
1116 456 863 1
1116 489 743 0
1124 488 106 0
1124 209 370 0
1125 552 428 1
1126 348 635 0
1126 135 879 1
1127 667 656 0
1132 53 540 0
1132 166 8 1
1134 4 165 1
1134 500 481 1
1134 67 897 1
1135 107 428 0
1135 474 152 0
1135 612 66 0
1136 271 39 0
1136 67 897 0
1138 130 660 1
1138 258 488 0
1140 362 941 1
1141 564 569 0
1141 265 276 0
1141 210 472 0
1144 300 265 1
1146 656 428 0
1149 237 488 1
1150 198 864 0
1151 4 165 0
1151 241 223 0
1152 456 863 0
1152 546 782 0
1152 396 276 1
1153 306 556 0
1153 383 72 0
1154 351 154 1
1155 110 653 1
1157 138 635 1
1158 396 276 0
1158 507 152 1
1159 500 481 0
1161 677 223 0
1162 652 569 0
1163 347 38 1
1165 130 660 0
1165 431 708 0
1172 631 481 0
1173 110 653 0
1173 362 941 0
1174 418 65 0
1175 300 265 0
1176 546 530 1
1176 681 635 1
1177 444 897 0
1177 468 93 0
1181 194 8 0
1183 237 488 0
1184 135 879 0
1184 652 223 1
1186 762 518 0
1188 328 635 0
1189 631 223 1
1191 652 223 0
1195 210 258 1
1200 431 243 1
1200 581 791 0
1206 347 38 0
1208 709 653 1
1208 347 941 1
1209 348 540 1
1210 351 154 0
1210 715 745 0
1210 138 635 0
1213 656 349 1
1214 714 884 0
1215 444 941 1
1216 271 635 1
1220 465 165 0
1220 706 506 0
1221 709 653 0
1221 26 788 1
1221 552 428 0
1222 597 754 0
1222 395 276 0
1222 362 337 1
1224 681 635 0
1227 195 258 0
1228 26 788 0
1230 53 760 1
1231 348 540 0
1239 362 337 0
1241 631 223 0
1242 550 659 0
1242 412 428 0
1243 672 879 0
1245 656 349 0
1245 347 941 0
1246 210 258 0
1246 53 760 0
1249 431 243 0
1253 166 8 0
1255 546 530 0
1257 271 635 0
1258 507 152 0
1260 444 941 0
33
585 1021 439
555 666 788
648 1006 349
933 1056 428
632 729 864
607 838 653
1103 1203 8
1128 1227 428
899 1033 352
611 875 8
784 888 788
540 680 122
544 818 472
774 1078 530
654 826 496
643 854 258
735 913 152
825 939 491
900 1034 912
588 887 337
829 1235 154
569 815 863
1024 1239 766
651 786 281
858 1079 857
921 1153 570
709 978 567
594 764 788
670 881 472
676 1040 864
667 799 567
875 979 8
628 952 656
556 4139
674
542 244 629 1
545 500 772 1
546 209 1216 1
546 238 1795 1
547 257 3694 1
548 273 3120 1
548 348 2702 1
552 124 2796 1
552 356 989 1
554 93 699 1
554 96 1646 1
554 245 1273 1
556 54 699 1
557 286 3902 1
557 238 1795 0
559 209 1216 0
559 104 3515 1
560 31 411 1
561 89 3145 1
561 535 2819 1
561 77 1687 1
562 132 3163 1
562 41 1690 1
563 124 2796 0
564 124 778 1
568 138 245 1
570 356 989 0
571 548 3048 1
572 207 1400 1
574 150 2819 1
574 93 699 0
575 14 375 1
578 352 665 1
578 491 979 1
579 351 3120 1
579 533 1253 1
580 238 778 1
580 96 1646 0
581 535 2819 0
583 108 1795 1
585 207 1400 0
585 348 2702 0
585 500 772 0
587 96 2104 1
587 410 1333 1
587 348 1216 1
589 324 1231 1
589 24 772 1
591 89 3145 0
591 104 3515 0
593 521 3663 1
594 41 1690 0
597 124 778 0
598 133 3209 1
600 533 1253 0
600 244 629 0
602 141 3210 1
603 56 3663 1
604 41 989 1
604 362 2796 1
605 190 718 1
606 460 1385 1
607 391 718 1
608 468 1400 1
608 286 3902 0
608 348 1216 0
610 106 778 1
610 352 665 0
611 24 772 0
613 548 3048 0
613 223 1245 1
613 77 1687 0
613 492 2835 1
614 341 1211 1
614 286 1614 1
616 500 2796 1
617 207 778 1
618 402 3630 1
619 341 1211 0
619 362 2796 0
620 65 3902 1
621 103 966 1
622 474 2214 1
622 106 778 0
622 547 2734 1
622 124 3243 1
622 190 718 0
623 324 1231 0
623 207 778 0
626 349 411 1
626 526 411 1
627 351 3120 0
627 368 245 1
627 31 411 0
627 439 1185 1
628 245 1273 0
630 410 1333 0
633 361 3978 1
634 149 2857 1
635 306 3145 1
635 65 3902 0
636 273 3120 0
638 106 2424 1
640 507 3120 1
641 245 1687 1
644 150 2819 0
645 108 1795 0
646 124 3243 0
646 286 1614 0
647 89 3978 1
647 209 32 1
649 65 1336 1
651 196 3694 1
652 487 593 1
656 56 3663 0
656 442 2796 1
656 85 3902 1
657 526 411 0
658 91 2084 1
658 65 1336 0
660 415 1701 1
660 209 32 0
661 526 2130 1
661 252 16 1
664 313 1139 1
664 533 1034 1
665 535 3158 1
666 201 1400 1
671 4 3382 1
674 442 2796 0
675 96 2104 0
677 106 2424 0
677 150 3925 1
678 439 1185 0
679 439 1231 1
680 3 1268 1
682 209 2857 1
683 371 2743 1
683 4 3382 0
687 89 3978 0
688 149 2857 0
689 306 3145 0
689 521 3663 0
690 535 3158 0
691 489 2959 1
691 356 2857 1
692 103 966 0
695 126 1139 1
697 348 3515 1
702 245 1687 0
704 173 3120 1
704 362 1211 1
708 106 2374 1
710 24 100 1
711 286 2969 1
714 446 1795 1
721 132 3163 0
721 257 3694 0
724 133 3209 0
727 273 16 1
729 103 2580 1
730 125 32 1
730 446 1795 0
731 492 2835 0
733 149 718 1
734 356 2857 0
734 150 3925 0
735 547 2734 0
740 426 1139 1
740 3 1268 0
744 442 1216 1
747 289 1795 1
749 526 2130 0
751 511 3048 1
752 125 32 0
753 368 245 0
754 548 3313 1
754 347 3925 1
755 85 3902 0
756 103 2580 0
757 244 2422 1
758 31 100 1
760 369 593 1
760 362 1211 0
760 349 411 0
762 190 3243 1
763 487 593 0
764 89 3292 1
765 342 1386 1
765 150 1687 1
768 124 1842 1
769 147 1336 1
771 124 1842 0
775 351 3625 1
777 223 1245 0
778 533 1034 0
780 521 3925 1
781 341 2908 1
783 474 2214 0
783 147 1336 0
784 228 989 1
785 190 3243 0
785 212 3907 1
786 487 2422 1
787 149 718 0
789 223 1687 1
790 96 3646 1
790 324 1385 1
792 238 778 0
792 91 2084 0
792 512 2959 1
792 89 3292 0
795 257 3410 1
797 132 2999 1
798 450 2743 1
799 207 2769 1
800 125 1211 1
800 409 1748 1
802 361 3978 0
802 101 2969 1
802 446 16 1
803 548 3313 0
803 244 2422 0
805 257 3410 0
806 207 2769 0
807 362 2796 1
807 173 3120 0
807 357 3210 1
809 91 2084 1
809 14 375 0
809 352 3878 1
811 173 3292 1
811 533 2743 1
811 4 2300 1
813 190 1690 1
814 31 100 0
815 508 2214 1
817 450 2743 0
817 56 3015 1
818 368 2422 1
818 133 1614 1
818 196 3694 0
818 41 989 0
822 77 665 1
822 24 100 0
823 351 3625 0
824 101 2969 0
825 96 3646 0
827 245 629 1
828 14 1687 1
829 446 16 0
830 245 629 0
831 313 1139 0
832 91 2084 0
834 352 3878 0
835 426 1139 0
836 190 1690 0
837 228 989 0
837 352 1919 1
840 108 593 1
840 419 2819 1
843 138 245 0
844 41 1231 1
845 443 1748 1
846 487 2422 0
846 417 1359 1
847 261 3292 1
847 512 2959 0
847 3 411 1
849 417 1359 0
850 357 3210 0
851 54 699 0
852 252 16 0
852 89 3163 1
852 548 2959 1
854 126 1139 0
855 264 3145 1
855 357 1211 1
856 347 3925 0
857 201 1400 0
859 474 16 1
859 508 2214 0
859 252 411 1
860 56 3015 0
862 409 1748 0
862 238 1400 1
865 24 262 1
866 31 1359 1
868 463 262 1
868 96 3158 1
868 190 3210 1
868 14 1687 0
869 24 262 0
869 106 2374 0
869 223 1687 0
870 492 1919 1
871 104 2424 1
873 419 2819 0
875 487 2073 1
876 526 2073 1
876 289 1795 0
876 3 411 0
879 138 3120 1
883 286 2969 0
885 91 2214 1
886 101 1795 1
887 547 911 1
888 491 979 0
890 141 3210 0
891 238 1400 0
893 212 3907 0
894 91 2214 0
895 442 1216 0
896 369 593 0
898 468 1400 0
899 133 1614 0
899 547 911 0
900 289 3382 1
901 450 665 1
901 511 3048 0
902 443 1748 0
902 201 2236 1
903 512 911 1
903 124 1273 1
905 351 4072 1
905 104 2424 0
905 138 3120 0
906 261 3292 0
907 535 2734 1
907 141 979 1
908 252 411 0
909 126 1614 1
910 4 2300 0
913 65 1400 1
915 450 665 0
915 415 1701 0
915 93 411 1
915 56 1245 1
916 257 2236 1
917 124 1273 0
919 533 2743 0
920 443 561 1
923 474 16 0
923 533 1842 1
923 361 1333 1
924 313 375 1
925 65 1400 0
926 77 665 0
926 133 3978 1
927 4 2857 1
927 150 1687 0
927 313 375 0
929 212 2969 1
932 93 411 0
933 141 979 0
933 468 3120 1
935 125 1211 0
935 3 1245 1
936 196 3329 1
937 306 1185 1
939 324 1385 0
939 3 1245 0
940 356 1690 1
941 103 3696 1
941 150 966 1
941 24 2908 1
942 426 1273 1
943 450 3901 1
943 535 2734 0
944 207 3978 1
949 371 2743 0
951 419 629 1
952 369 3901 1
954 341 2908 0
955 91 3210 1
957 150 966 0
957 352 1919 0
958 443 561 0
958 508 3694 1
958 286 3209 1
962 132 2999 0
963 223 2734 1
963 409 411 1
963 91 3210 0
964 417 2969 1
965 273 16 0
966 468 3120 0
967 535 966 1
967 409 411 0
967 443 3015 1
968 491 3480 1
968 133 3978 0
968 511 699 1
969 306 1185 0
969 426 1273 0
969 56 1245 0
972 238 2959 1
977 238 2959 0
978 41 1231 0
979 238 411 1
980 257 2236 0
982 3 1400 1
982 201 2236 0
982 356 1690 0
983 103 3696 0
983 324 3663 1
984 419 629 0
984 356 3646 1
984 511 699 0
987 417 2969 0
989 77 16 1
991 491 3480 0
994 463 262 0
994 141 245 1
994 474 987 1
995 77 16 0
996 487 2073 0
997 349 1231 1
997 419 1211 1
998 450 3901 0
1000 410 1268 1
1001 535 966 0
1002 521 3925 0
1003 3 1400 0
1003 410 1268 0
1004 77 1701 1
1005 124 561 1
1006 306 2796 1
1008 548 2959 0
1009 212 2969 0
1009 419 1211 0
1010 56 1400 1
1010 512 911 0
1011 349 1231 0
1015 357 1211 0
1018 196 3329 0
1018 106 2424 1
1018 489 2959 0
1018 409 987 1
1018 93 778 1
1018 264 3145 0
1018 361 1333 0
1019 487 411 1
1019 512 3907 1
1020 351 4072 0
1022 150 3329 1
1024 126 1614 0
1025 31 1359 0
1025 223 2734 0
1026 209 2857 0
1026 147 1336 1
1028 362 2796 0
1028 65 2374 1
1028 512 3907 0
1031 3 2769 1
1032 289 3382 0
1032 201 1842 1
1033 410 3145 1
1035 489 2908 1
1037 443 3015 0
1038 352 3313 1
1039 508 3694 0
1041 244 979 1
1042 385 2130 1
1043 85 1692 1
1043 371 3515 1
1048 3 2769 0
1049 474 987 0
1049 446 3198 1
1049 103 3292 1
1050 4 2857 0
1050 85 1692 0
1050 104 3382 1
1052 91 1795 1
1053 65 2374 0
1053 85 911 1
1054 409 987 0
1055 450 239 1
1055 286 3209 0
1057 439 1231 0
1059 4 561 1
1061 341 1273 1
1062 368 2422 0
1062 252 286 1
1062 106 2424 0
1062 244 979 0
1063 173 3292 0
1064 209 2857 1
1065 492 1919 0
1065 252 286 0
1065 347 1253 1
1066 450 239 0
1066 362 3048 1
1066 4 561 0
1068 54 2999 1
1069 446 3198 0
1071 289 1185 1
1074 410 3145 0
1075 106 406 1
1075 201 1842 0
1076 526 2073 0
1076 347 1253 0
1076 351 2819 1
1077 65 1687 1
1077 508 2236 1
1078 351 2819 0
1080 492 2073 1
1082 126 1185 1
1083 443 2734 1
1083 491 3901 1
1083 14 2857 1
1083 463 3901 1
1084 207 3978 0
1085 348 3515 0
1085 526 3515 1
1086 342 1386 0
1086 252 561 1
1089 351 16 1
1090 460 1385 0
1092 14 2857 0
1093 201 718 1
1093 257 3902 1
1094 245 2908 1
1097 24 2908 0
1098 535 411 1
1099 190 3210 0
1099 450 2908 1
1102 439 2969 1
1102 141 245 0
1102 489 2908 0
1102 349 3694 1
1103 468 1646 1
1104 103 3292 0
1105 419 2769 1
1105 409 2300 1
1107 228 1701 1
1108 347 2969 1
1108 141 3694 1
1108 289 1185 0
1108 41 1306 1
1112 521 3975 1
1112 491 3901 0
1114 4 1526 1
1114 508 2236 0
1117 492 2073 0
1117 439 2969 0
1121 147 1336 0
1122 521 3975 0
1123 289 239 1
1124 369 3901 0
1124 535 411 0
1129 104 3382 0
1130 207 239 1
1132 4 1526 0
1132 341 1273 0
1132 474 3978 1
1136 443 2734 0
1137 547 3048 1
1137 324 3663 0
1137 257 3902 0
1137 511 245 1
1138 141 3694 0
1139 201 718 0
1142 261 1333 1
1143 409 2300 0
1143 349 3694 0
1145 533 1842 0
1146 348 2743 1
1148 125 1273 1
1150 124 561 0
1152 474 3978 0
1154 252 561 0
1154 348 2743 0
1157 196 1692 1
1158 56 1400 0
1158 126 1185 0
1159 238 411 0
1160 419 2769 0
1161 526 3515 0
1161 124 3292 1
1164 106 406 0
1164 24 2743 1
1164 463 3901 0
1164 289 239 0
1165 207 239 0
1167 24 2743 0
1168 487 411 0
1169 391 718 0
1169 512 1185 1
1169 324 2104 1
1170 77 1701 0
1171 492 2969 1
1176 351 16 0
1176 446 2300 1
1178 132 1685 1
1178 446 2300 0
1183 492 2969 0
1183 512 1185 0
1184 450 2908 0
1184 257 3907 1
1184 89 3163 0
1185 385 2130 0
1185 348 3209 1
1186 535 2959 1
1186 104 989 1
1187 108 593 0
1188 507 3120 0
1189 535 2959 0
1189 85 911 0
1190 306 2796 0
1190 104 989 0
1192 362 3048 0
1193 371 3515 0
1195 103 375 1
1196 124 3292 0
1197 391 2168 1
1197 150 3329 0
1199 56 1795 1
1199 41 1306 0
1200 439 1306 1
1200 468 1646 0
1200 209 2857 0
1201 348 3209 0
1202 207 665 1
1202 93 778 0
1202 349 987 1
1204 24 3015 1
1204 257 3907 0
1206 228 1701 0
1207 91 1795 0
1207 324 2104 0
1208 342 2746 1
1208 77 593 1
1209 125 1273 0
1210 196 1692 0
1213 31 3663 1
1215 14 3048 1
1217 352 3313 0
1220 511 245 0
1222 96 3158 0
1222 103 375 0
1222 207 665 0
1222 356 3646 0
1223 77 593 0
1224 500 2796 0
1225 96 2702 1
1227 245 2908 0
1231 342 2746 0
1234 547 3048 0
1234 548 3209 1
1235 41 1268 1
1238 492 3646 1
1238 261 1333 0
1240 101 1795 0
1240 24 3015 0
1240 31 3663 0
1241 402 3630 0
1243 54 2999 0
1245 41 1268 0
1247 391 2168 0
1248 14 3048 0
1249 439 1306 0
1250 65 1687 0
1250 91 2300 1
1251 507 1034 1
1253 349 987 0
1254 347 2969 0
1255 56 1795 0
1257 507 1034 0
1257 492 3646 0
1259 132 1685 0
1259 96 2702 0
1260 548 3209 0
1260 91 2300 0
18
1043 1187 1748
694 1099 1701
930 1160 979
659 890 1185
761 1151 843
976 1199 2746
568 736 3410
757 900 1139
1076 1183 2084
700 943 3902
637 956 3120
983 1076 3243
598 1258 2263
565 710 2959
977 1127 653
879 1227 2969
1058 1235 3696
1017 1137 3123
331 633
846
540 28 348 1
541 205 587 1
542 12 211 1
544 206 3 1
545 211 289 1
546 10 22 1
546 72 445 1
547 297 582 1
547 81 554 1
549 73 6 1
550 33 513 1
551 234 5 1
552 186 310 1
552 298 298 1
553 236 338 1
553 326 445 1
554 298 298 0
556 96 11 1
556 173 554 1
557 259 338 1
560 244 586 1
560 265 266 1
560 213 537 1
561 144 403 1
561 51 376 1
562 32 426 1
564 215 6 1
564 155 484 1
564 6 445 1
566 281 3 1
568 66 224 1
568 155 484 0
569 173 554 0
569 72 445 0
570 40 200 1
570 280 360 1
571 228 19 1
572 254 554 1
572 205 587 0
573 100 629 1
573 303 139 1
574 92 89 1
575 166 437 1
575 206 3 0
575 320 365 1
576 186 310 0
581 244 586 0
581 186 181 1
581 83 213 1
581 221 448 1
582 147 457 1
583 41 139 1
583 160 141 1
583 312 537 1
584 169 367 1
585 243 457 1
585 157 242 1
586 3 224 1
587 320 365 0
587 182 570 1
589 114 139 1
589 45 295 1
589 51 376 0
589 280 360 0
590 254 554 0
593 96 11 0
594 326 445 0
595 328 277 1
595 242 101 1
595 118 441 1
595 10 22 0
596 37 447 1
597 114 139 0
597 199 181 1
597 169 367 0
597 6 445 0
599 147 457 0
599 118 441 0
599 13 98 1
600 169 365 1
600 72 132 1
601 263 374 1
601 40 200 0
601 165 217 1
601 318 370 1
601 73 6 0
601 92 89 0
601 182 570 0
602 206 3 1
603 269 59 1
603 86 360 1
605 41 139 0
605 86 360 0
606 65 256 1
607 328 277 0
607 72 132 0
608 54 69 1
609 311 144 1
611 242 101 0
612 54 69 0
612 145 337 1
613 143 98 1
615 51 582 1
615 40 431 1
615 72 360 1
616 298 179 1
620 67 318 1
620 236 338 0
621 102 54 1
622 40 431 0
623 100 629 0
625 211 289 0
625 254 465 1
625 40 209 1
626 161 597 1
626 81 554 0
628 40 209 0
629 81 164 1
629 236 204 1
630 45 295 0
632 258 22 1
632 182 181 1
633 281 3 0
634 128 6 1
635 10 426 1
635 96 312 1
636 65 256 0
636 274 482 1
636 211 27 1
637 211 27 0
637 242 348 1
637 323 360 1
638 281 318 1
638 168 360 1
639 236 204 0
640 291 365 1
640 238 348 1
641 277 449 1
642 303 139 0
642 94 228 1
643 59 304 1
643 211 67 1
643 138 224 1
645 318 370 0
645 174 157 1
646 328 209 1
647 182 181 0
648 81 164 0
648 277 449 0
648 41 196 1
649 187 101 1
649 311 144 0
650 118 289 1
653 92 469 1
654 19 105 1
654 228 19 0
654 274 482 0
654 72 360 0
655 6 522 1
656 133 600 1
657 277 540 1
657 206 3 0
659 157 242 0
660 83 213 0
660 94 228 0
661 242 348 0
663 41 196 0
664 211 67 0
664 81 6 1
665 258 22 0
667 281 318 0
667 2 563 1
667 173 554 1
668 40 370 1
669 152 437 1
669 244 98 1
669 28 348 0
670 56 211 1
670 254 465 0
670 303 38 1
670 269 59 0
671 220 5 1
671 312 537 0
671 199 181 0
671 298 179 0
673 215 6 0
676 211 213 1
678 133 600 0
679 28 181 1
679 323 360 0
680 133 58 1
680 10 426 0
681 86 620 1
682 152 437 0
683 157 559 1
683 67 318 0
683 14 256 1
684 303 38 0
688 155 554 1
689 137 512 1
690 292 424 1
691 73 554 1
692 78 337 1
694 157 559 0
695 297 582 0
695 28 181 0
695 281 579 1
697 138 224 0
699 58 493 1
699 65 448 1
699 242 424 1
700 40 370 0
700 291 365 0
700 78 337 0
700 311 62 1
701 13 98 0
702 202 312 1
702 67 587 1
702 281 579 0
703 242 424 0
703 41 613 1
703 131 196 1
704 69 211 1
704 213 537 0
704 298 266 1
704 280 105 1
709 92 469 0
709 244 98 0
710 68 232 1
714 272 218 1
715 45 449 1
716 206 199 1
716 54 561 1
717 168 360 0
720 247 337 1
720 20 365 1
721 236 309 1
721 247 337 0
722 152 600 1
725 202 312 0
725 243 457 0
725 92 582 1
726 2 563 0
727 51 582 0
727 243 213 1
728 71 200 1
731 247 101 1
732 68 232 0
732 2 98 1
732 131 196 0
733 281 218 1
733 102 54 0
734 182 529 1
734 13 382 1
735 168 89 1
735 92 582 0
736 65 448 0
738 86 620 0
738 128 6 0
740 10 105 1
740 78 311 1
741 51 247 1
741 46 439 1
744 71 200 0
744 143 98 0
744 46 439 0
746 41 613 0
746 20 365 0
748 299 529 1
748 280 105 0
749 143 132 1
749 78 311 0
751 37 447 0
751 69 211 0
753 244 236 1
753 2 98 0
756 20 563 1
756 274 327 1
757 94 311 1
757 196 513 1
757 274 327 0
759 40 132 1
759 92 200 1
760 185 179 1
760 75 209 1
762 65 547 1
762 6 522 0
762 72 547 1
763 213 228 1
765 238 348 0
765 228 348 1
767 102 522 1
768 137 512 0
768 139 376 1
771 94 311 0
772 291 540 1
772 298 266 0
773 323 360 1
773 74 247 1
774 272 218 0
778 328 209 0
779 174 157 0
779 75 209 0
781 311 62 0
782 239 218 1
785 258 62 1
785 259 338 0
786 323 360 0
786 46 32 1
787 136 36 1
789 138 86 1
790 205 365 1
791 287 376 1
791 11 376 1
794 298 101 1
796 295 547 1
797 326 36 1
797 96 312 0
798 272 213 1
798 74 247 0
798 100 554 1
799 96 554 1
801 328 424 1
801 259 561 1
804 318 561 1
805 221 448 0
808 83 487 1
809 187 101 0
813 114 312 1
814 186 181 0
814 244 236 0
815 40 132 0
815 173 554 0
816 20 563 0
816 161 597 0
816 215 592 1
817 46 32 0
819 274 86 1
819 69 113 1
820 199 242 1
820 244 540 1
822 6 540 1
823 185 179 0
824 174 211 1
824 67 587 0
824 102 522 0
825 186 312 1
825 328 424 0
825 40 36 1
826 147 431 1
827 292 424 0
827 11 376 0
828 63 7 1
828 92 200 0
829 83 487 0
830 71 231 1
830 20 113 1
832 138 86 0
833 32 426 0
833 196 513 0
833 40 36 0
834 133 58 0
836 269 231 1
838 247 101 0
838 291 540 0
841 51 247 0
842 297 221 1
843 28 221 1
844 81 6 0
847 166 437 0
847 132 211 1
848 19 105 0
848 215 592 0
850 51 449 1
851 58 493 0
852 71 231 0
853 211 213 0
855 89 371 1
855 74 421 1
855 298 101 0
857 45 449 0
857 174 211 0
857 78 554 1
857 132 211 0
858 238 484 1
858 173 318 1
858 132 439 1
859 69 113 0
860 298 58 1
860 311 620 1
861 143 132 0
861 320 529 1
861 68 348 1
861 45 449 1
862 202 371 1
862 215 304 1
863 166 269 1
864 133 36 1
865 152 600 0
865 312 365 1
865 72 547 0
865 20 113 0
866 32 437 1
866 2 554 1
868 10 105 0
870 86 221 1
870 32 437 0
870 247 309 1
873 328 540 1
875 128 597 1
876 37 540 1
876 2 554 0
880 41 318 1
885 133 36 0
885 145 337 0
887 199 242 0
887 328 540 0
888 303 374 1
889 131 3 1
890 41 318 0
890 242 32 1
891 185 450 1
891 133 141 1
892 89 371 0
892 65 547 0
894 20 22 1
895 187 532 1
895 114 312 0
895 161 449 1
896 71 421 1
899 328 586 1
899 145 570 1
900 37 540 0
900 133 141 0
901 66 224 0
903 144 403 0
903 323 199 1
903 41 67 1
906 166 269 0
906 139 376 0
907 328 586 0
908 68 348 0
909 58 522 1
910 19 570 1
910 280 289 1
910 100 554 0
910 63 7 0
912 145 570 0
913 254 611 1
913 41 67 0
914 19 570 0
914 174 325 1
915 258 62 0
915 157 592 1
915 71 421 0
918 138 439 1
919 220 5 0
924 238 484 0
924 242 32 0
924 28 221 0
926 19 592 1
928 6 540 0
928 32 312 1
929 152 295 1
929 94 431 1
929 41 382 1
935 37 67 1
936 145 217 1
938 213 228 0
939 75 445 1
939 161 449 0
940 137 101 1
943 139 554 1
943 238 298 1
943 32 312 0
946 56 211 0
947 303 374 0
949 10 582 1
949 220 204 1
950 20 22 0
951 152 295 0
951 269 231 0
951 287 376 0
951 303 587 1
952 165 217 0
952 118 289 0
953 280 289 0
956 187 532 0
957 86 221 0
957 173 318 0
957 128 597 0
957 166 586 1
958 215 304 0
958 242 365 1
960 100 457 1
960 173 537 1
962 68 36 1
962 138 439 0
962 174 325 0
963 144 403 1
963 303 587 0
964 318 561 0
964 169 365 0
964 143 540 1
965 152 448 1
965 234 5 0
966 236 309 0
966 211 370 1
966 242 365 0
967 247 309 0
968 202 371 0
969 54 561 0
970 65 330 1
971 312 365 0
973 182 529 0
974 259 561 0
975 234 139 1
977 247 231 1
978 202 62 1
978 166 586 0
981 291 439 1
983 133 98 1
983 173 537 0
984 32 139 1
985 54 113 1
985 51 449 0
985 72 224 1
986 157 592 0
986 67 240 1
987 41 382 0
987 19 592 0
988 211 370 0
991 291 439 0
992 152 448 0
992 323 199 0
994 132 439 0
997 66 69 1
998 215 204 1
1000 326 36 0
1002 2 579 1
1003 92 620 1
1006 81 221 1
1007 139 554 0
1008 239 218 0
1008 32 139 0
1009 75 445 0
1009 45 449 0
1011 118 600 1
1012 45 269 1
1012 132 277 1
1014 161 371 1
1014 213 600 1
1014 72 224 0
1015 292 105 1
1016 3 224 0
1019 152 360 1
1020 187 613 1
1020 144 403 0
1020 92 620 0
1020 128 457 1
1021 196 367 1
1022 311 620 0
1023 56 231 1
1025 94 431 0
1026 40 221 1
1026 206 199 0
1026 69 376 1
1026 185 450 0
1027 72 247 1
1027 92 457 1
1028 132 277 0
1028 239 157 1
1028 114 586 1
1029 14 256 0
1029 280 211 1
1029 145 217 0
1029 239 157 0
1030 14 554 1
1031 147 431 0
1031 94 376 1
1033 74 421 0
1033 46 101 1
1033 92 457 0
1036 165 467 1
1038 320 529 0
1038 118 600 0
1039 67 240 0
1040 51 311 1
1040 259 360 1
1041 128 457 0
1041 174 513 1
1043 215 204 0
1044 63 240 1
1044 67 199 1
1046 11 465 1
1048 161 371 0
1051 69 376 0
1053 83 367 1
1054 58 522 0
1055 187 613 0
1056 81 221 0
1058 137 101 0
1058 228 348 0
1059 102 600 1
1060 59 304 0
1060 244 540 0
1062 221 86 1
1062 32 200 1
1063 221 86 0
1063 166 559 1
1063 213 600 0
1064 242 360 1
1064 143 540 0
1064 74 554 1
1065 312 213 1
1065 277 540 0
1067 72 247 0
1067 160 141 0
1067 147 58 1
1067 228 445 1
1068 147 58 0
1070 67 199 0
1071 138 269 1
1071 228 445 0
1072 86 181 1
1073 72 325 1
1073 138 269 0
1073 239 204 1
1074 292 105 0
1075 215 213 1
1075 152 360 0
1076 83 367 0
1077 155 554 0
1078 166 559 0
1079 303 570 1
1079 234 139 0
1080 92 371 1
1081 12 211 0
1081 81 449 1
1085 102 600 0
1085 303 570 0
1085 328 101 1
1086 292 450 1
1087 72 325 0
1087 37 67 0
1088 71 36 1
1089 100 457 0
1093 41 360 1
1094 228 266 1
1094 243 213 0
1094 114 586 0
1095 65 330 0
1097 215 213 0
1097 89 247 1
1097 291 181 1
1098 68 36 0
1098 160 98 1
1099 133 98 0
1101 196 367 0
1102 196 613 1
1105 20 465 1
1106 51 311 0
1107 281 218 0
1107 211 586 1
1108 311 141 1
1108 83 540 1
1109 51 157 1
1112 166 348 1
1112 244 441 1
1114 32 200 0
1117 185 304 1
1117 145 205 1
1118 272 213 0
1119 152 204 1
1119 73 554 0
1119 187 469 1
1120 243 54 1
1121 132 360 1
1122 136 36 0
1124 272 421 1
1124 94 376 0
1127 147 529 1
1128 45 269 0
1128 274 86 0
1128 83 540 0
1128 202 62 0
1129 280 211 0
1130 68 374 1
1131 168 89 0
1131 118 289 1
1133 274 449 1
1134 228 266 0
1134 147 529 0
1134 168 537 1
1136 299 529 0
1136 2 579 0
1136 144 256 1
1137 143 431 1
1137 318 3 1
1137 274 449 0
1138 83 421 1
1138 161 181 1
1139 37 431 1
1140 83 421 0
1140 133 101 1
1140 68 374 0
1141 211 586 0
1142 83 242 1
1143 66 69 0
1143 86 181 0
1144 86 348 1
1144 41 360 0
1144 51 157 0
1145 28 447 1
1146 37 431 0
1147 323 179 1
1147 161 181 0
1148 89 247 0
1151 56 231 0
1151 242 360 0
1152 211 449 1
1152 143 431 0
1152 169 457 1
1152 182 365 1
1153 75 318 1
1153 165 467 0
1153 238 298 0
1155 205 365 0
1157 32 247 1
1159 3 289 1
1159 247 231 0
1159 244 441 0
1160 68 437 1
1161 173 393 1
1161 318 3 0
1162 68 437 0
1162 73 441 1
1163 173 393 0
1163 297 221 0
1166 67 376 1
1166 74 554 0
1166 32 247 0
1167 71 36 0
1169 72 371 1
1169 174 513 0
1170 297 141 1
1171 303 269 1
1171 277 5 1
1172 236 153 1
1172 72 371 0
1174 274 256 1
1175 155 600 1
1177 145 205 0
1179 254 611 0
1179 291 181 0
1179 328 101 0
1180 258 5 1
1181 299 325 1
1181 133 101 0
1181 244 611 1
1183 298 58 0
1185 78 554 0
1185 160 98 0
1186 10 582 0
1186 236 153 0
1187 45 101 1
1188 185 304 0
1189 221 221 1
1189 86 348 0
1190 169 457 0
1192 132 360 0
1192 3 289 0
1192 13 382 0
1193 303 269 0
1193 11 465 0
1193 165 157 1
1195 213 467 1
1198 152 204 0
1199 280 221 1
1200 67 376 0
1203 221 221 0
1203 244 611 0
1204 28 447 0
1204 220 204 0
1206 128 371 1
1208 297 141 0
1208 45 101 0
1209 295 547 0
1209 196 613 0
1210 272 421 0
1211 263 374 0
1211 73 441 0
1211 213 467 0
1211 187 469 0
1212 323 179 0
1213 265 266 0
1213 2 371 1
1213 12 54 1
1213 259 360 0
1216 54 113 0
1217 166 348 0
1217 280 221 0
1218 211 449 0
1218 10 147 1
1220 33 513 0
1220 75 318 0
1221 258 5 0
1221 243 54 0
1223 40 221 0
1223 295 164 1
1224 295 164 0
1225 185 231 1
1226 14 554 0
1226 238 376 1
1227 186 312 0
1227 169 327 1
1228 312 213 0
1230 92 371 0
1231 311 141 0
1231 128 371 0
1233 155 600 0
1234 81 449 0
1234 185 231 0
1236 238 376 0
1236 277 5 0
1239 169 327 0
1241 12 54 0
1241 292 450 0
1241 328 59 1
1241 239 204 0
1242 144 256 0
1242 131 3 0
1243 118 289 0
1244 10 147 0
1245 46 101 0
1249 2 371 0
1252 165 157 0
1253 20 465 0
1253 83 242 0
1253 299 325 0
1256 168 537 0
1257 96 554 0
1258 63 240 0
1258 182 365 0
1258 328 59 0
1260 274 256 0
30
901 1016 231
557 1228 244
571 1004 318
771 980 371
779 924 11
563 749 493
699 884 200
990 1187 611
703 1119 320
966 1076 360
1037 1181 141
720 856 457
775 1013 540
628 1094 101
1062 1182 579
624 742 19
644 794 537
747 948 554
1065 1188 599
790 938 587
784 1172 491
965 1154 424
621 830 592
889 1039 204
832 980 330
560 748 516
592 916 289
985 1183 221
919 1046 101
983 1133 228
154 992
946
540 75 505 1
541 2 457 1
542 15 601 1
542 128 704 1
542 80 896 1
544 48 122 1
545 44 413 1
546 88 822 1
547 20 181 1
547 17 209 1
548 115 721 1
548 67 869 1
549 101 451 1
550 75 505 0
550 105 852 1
550 58 178 1
551 112 21 1
552 126 386 1
553 25 989 1
553 113 500 1
554 130 698 1
559 116 658 1
560 114 324 1
561 97 625 1
561 128 704 0
562 107 640 1
562 128 343 1
564 75 896 1
564 44 413 0
566 126 386 0
566 67 869 0
567 18 974 1
567 103 579 1
568 91 121 1
568 143 988 1
570 129 61 1
570 81 960 1
570 109 310 1
570 128 343 0
571 15 601 0
573 68 631 1
574 90 496 1
574 58 178 0
575 86 908 1
576 78 500 1
576 109 310 0
576 39 555 1
577 11 984 1
577 56 728 1
577 130 698 0
579 127 960 1
581 91 121 0
582 75 896 0
583 34 56 1
583 112 21 0
583 47 137 1
583 82 21 1
583 19 928 1
584 6 882 1
585 67 992 1
585 108 812 1
585 91 287 1
586 69 935 1
586 58 209 1
586 72 122 1
587 130 974 1
588 31 832 1
588 20 181 0
588 41 555 1
589 86 908 0
589 148 24 1
591 154 601 1
591 97 625 0
592 36 473 1
593 117 199 1
593 42 112 1
593 90 496 0
593 87 483 1
593 66 988 1
594 8 199 1
594 39 555 0
595 105 852 0
596 74 571 1
596 112 269 1
597 114 324 0
598 26 715 1
599 143 988 0
600 62 715 1
600 106 636 1
601 114 481 1
601 136 673 1
601 141 935 1
601 4 713 1
602 117 199 0
602 8 199 0
602 139 199 1
603 94 646 1
603 105 458 1
603 4 713 0
604 44 91 1
604 137 22 1
605 151 334 1
605 29 68 1
605 87 483 0
606 36 473 0
606 96 781 1
607 44 91 0
609 154 601 0
610 60 839 1
610 81 960 0
610 116 658 0
611 55 209 1
613 37 287 1
613 7 386 1
613 141 935 0
614 135 24 1
614 94 646 0
615 130 974 0
616 36 922 1
616 78 500 0
618 116 631 1
619 3 851 1
620 79 67 1
621 120 45 1
622 54 426 1
622 1 350 1
622 75 323 1
623 73 653 1
623 68 631 0
623 136 673 0
625 54 426 0
626 15 531 1
626 103 579 0
627 112 269 0
630 97 802 1
630 148 24 0
631 23 928 1
631 12 578 1
631 19 928 0
632 18 974 0
632 55 209 0
632 75 323 0
632 53 869 1
633 69 935 0
633 97 802 0
635 73 653 0
636 123 122 1
638 125 833 1
638 146 715 1
638 26 715 0
639 107 640 0
639 119 45 1
640 59 343 1
643 20 473 1
643 68 641 1
644 136 625 1
644 40 642 1
646 42 112 0
646 154 387 1
646 139 199 0
648 8 515 1
648 90 685 1
648 4 536 1
649 8 515 0
650 141 879 1
650 132 662 1
652 117 636 1
653 107 396 1
654 128 869 1
654 51 715 1
654 40 642 0
655 42 158 1
656 73 788 1
656 61 926 1
657 106 636 0
657 82 21 0
657 74 571 0
658 139 387 1
658 130 427 1
659 72 122 0
661 49 907 1
661 101 451 0
662 44 451 1
662 1 350 0
662 129 61 0
662 150 593 1
663 139 387 0
663 7 386 0
664 23 928 0
664 32 496 1
665 58 209 0
665 8 269 1
665 136 625 0
666 110 56 1
666 93 725 1
669 18 578 1
669 19 198 1
669 82 457 1
671 108 812 0
671 32 496 0
672 146 715 0
673 110 56 0
673 30 520 1
673 96 781 0
676 23 223 1
678 78 249 1
680 106 940 1
680 130 427 0
680 59 343 0
681 85 812 1
681 17 209 0
681 2 457 0
682 24 652 1
682 18 578 0
682 11 984 0
683 80 896 0
684 55 277 1
685 48 122 0
685 58 45 1
685 8 269 0
686 74 531 1
686 111 579 1
687 29 68 0
688 79 67 0
690 108 839 1
690 58 45 0
690 82 457 0
691 18 58 1
692 110 123 1
694 151 334 0
695 143 673 1
695 150 593 0
695 128 869 0
695 86 824 1
697 97 713 1
698 121 386 1
699 72 713 1
700 106 940 0
701 24 652 0
702 108 839 0
702 8 427 1
702 66 988 0
703 107 396 0
704 136 992 1
705 86 824 0
706 111 579 0
706 97 713 0
707 86 515 1
707 32 413 1
708 81 832 1
709 18 58 0
710 96 307 1
710 42 158 0
711 13 823 1
711 81 832 0
714 78 249 0
714 30 520 0
714 59 536 1
717 22 582 1
717 115 721 0
717 80 781 1
718 31 832 0
719 93 725 0
719 12 578 0
719 121 386 0
720 141 879 0
721 56 728 0
723 66 857 1
725 115 427 1
727 75 98 1
729 93 269 1
729 137 22 0
730 42 427 1
731 75 98 0
732 39 788 1
732 101 673 1
733 148 518 1
734 150 322 1
735 117 636 0
735 8 427 0
736 129 98 1
737 58 457 1
739 89 940 1
740 85 812 0
740 101 673 0
741 87 23 1
742 31 67 1
742 41 555 0
743 11 739 1
743 56 839 1
745 43 728 1
750 29 713 1
751 67 992 0
752 15 531 0
753 69 505 1
754 69 505 0
754 17 688 1
754 91 287 0
754 56 839 0
756 151 988 1
757 6 882 0
762 130 824 1
762 53 869 0
762 18 387 1
763 69 56 1
765 103 652 1
765 139 687 1
766 122 685 1
767 40 520 1
767 22 582 0
768 68 641 0
768 54 309 1
769 146 289 1
769 80 781 0
771 23 223 0
771 4 536 0
771 136 992 0
772 117 839 1
772 24 324 1
774 106 98 1
776 26 698 1
777 97 852 1
777 18 387 0
779 148 518 0
780 139 687 0
781 24 324 0
781 6 698 1
782 18 483 1
783 89 940 0
783 12 803 1
784 56 289 1
785 111 922 1
786 79 823 1
786 51 715 0
787 141 928 1
788 53 321 1
789 61 926 0
792 75 322 1
792 6 698 0
792 106 98 0
794 126 399 1
795 119 45 0
795 51 928 1
796 30 322 1
796 82 77 1
796 137 482 1
796 73 788 0
797 130 824 0
797 55 277 0
798 103 652 0
798 154 387 0
800 32 413 0
801 48 725 1
802 68 181 1
804 149 896 1
806 67 149 1
807 68 181 0
807 151 988 0
808 4 896 1
808 146 289 0
808 101 869 1
809 32 641 1
809 61 652 1
810 126 399 0
811 79 823 0
812 78 290 1
814 87 23 0
816 8 879 1
816 136 571 1
816 121 269 1
818 97 852 0
818 133 77 1
818 80 321 1
818 7 334 1
821 122 685 0
821 41 928 1
822 117 839 0
822 39 788 0
823 146 764 1
823 148 56 1
824 23 61 1
824 22 321 1
824 108 636 1
826 109 11 1
827 106 77 1
827 109 11 0
828 90 685 0
828 109 112 1
828 117 57 1
829 103 200 1
835 130 309 1
836 67 149 0
836 141 928 0
838 51 928 0
839 154 387 1
840 94 907 1
841 107 500 1
841 94 907 0
841 108 636 0
842 37 287 0
842 126 833 1
843 79 579 1
844 121 269 0
845 108 375 1
845 59 536 0
845 6 481 1
845 7 334 0
846 29 713 0
847 23 61 0
848 62 715 0
848 7 505 1
848 48 725 0
849 29 61 1
849 146 764 0
852 109 112 0
852 126 833 0
852 148 56 0
853 94 662 1
855 15 940 1
855 6 481 0
856 17 688 0
856 91 685 1
856 37 483 1
857 103 200 0
859 90 579 1
860 23 940 1
861 128 209 1
862 87 622 1
862 101 869 0
864 29 61 0
866 17 414 1
867 117 57 0
867 126 482 1
870 121 350 1
870 11 739 0
871 6 989 1
871 150 322 0
872 149 896 0
872 51 375 1
872 73 688 1
873 151 688 1
873 67 518 1
874 103 496 1
874 32 641 0
875 80 321 0
876 117 68 1
876 2 387 1
877 119 688 1
878 96 307 0
879 149 803 1
881 89 20 1
882 41 928 0
883 18 483 0
883 146 496 1
884 79 579 0
886 79 254 1
888 115 427 0
888 43 728 0
889 2 387 0
889 29 908 1
890 69 56 0
890 41 631 1
892 146 496 0
892 17 414 0
893 97 199 1
893 37 483 0
893 141 508 1
895 148 322 1
895 2 984 1
896 25 989 0
898 108 375 0
898 2 984 0
898 112 261 1
899 137 482 0
899 61 652 0
901 120 45 0
901 109 458 1
901 112 261 0
902 23 940 0
904 126 482 0
905 24 289 1
907 8 879 0
908 89 20 0
908 8 746 1
910 55 662 1
910 15 940 0
912 96 386 1
913 2 61 1
914 93 269 0
918 43 634 1
918 93 579 1
918 119 688 0
921 85 596 1
922 48 414 1
922 15 974 1
922 150 68 1
923 22 321 0
923 109 458 0
924 81 536 1
924 51 375 0
926 87 622 0
926 149 803 0
926 17 149 1
926 29 908 0
928 1 396 1
928 111 922 0
928 53 321 0
928 141 508 0
930 56 289 0
931 122 77 1
933 41 631 0
934 74 531 0
936 117 68 0
936 89 640 1
937 4 896 0
937 11 249 1
937 36 922 0
938 11 249 0
939 26 698 0
939 80 387 1
940 87 935 1
940 72 713 0
941 93 579 0
941 80 387 0
941 127 960 0
942 115 896 1
943 25 698 1
943 89 640 0
944 135 24 0
945 60 839 0
945 67 518 0
946 56 642 1
947 129 98 0
948 148 322 0
948 37 852 1
952 29 134 1
952 73 688 0
954 117 508 1
955 93 198 1
956 39 640 1
956 12 803 0
960 139 721 1
961 154 387 0
961 72 622 1
962 36 21 1
963 61 812 1
966 69 121 1
966 119 596 1
966 112 698 1
967 93 198 0
968 112 698 0
968 7 505 0
969 49 907 0
972 20 473 0
973 67 839 1
974 154 290 1
976 148 907 1
976 8 746 0
978 1 396 0
978 91 685 0
978 127 960 1
979 54 309 0
980 150 68 0
981 112 396 1
981 3 851 0
982 103 496 0
982 135 698 1
983 25 698 0
983 41 879 1
984 126 984 1
986 108 56 1
986 32 908 1
987 74 414 1
988 25 803 1
989 32 908 0
990 87 935 0
990 126 984 0
991 8 974 1
991 61 812 0
991 67 839 0
992 121 350 0
993 18 823 1
993 48 414 0
994 37 852 0
994 111 223 1
995 116 631 0
996 136 571 0
998 4 960 1
998 23 653 1
998 101 555 1
1000 130 309 0
1000 149 112 1
1000 96 386 0
1000 37 45 1
1001 115 896 0
1002 93 350 1
1002 60 641 1
1003 53 358 1
1003 135 698 0
1004 109 23 1
1004 148 907 0
1005 36 21 0
1007 17 149 0
1007 12 823 1
1009 17 290 1
1010 143 673 0
1011 47 137 0
1011 61 536 1
1012 42 427 0
1012 37 45 0
1015 89 713 1
1016 72 622 0
1016 132 662 0
1016 60 641 0
1017 18 823 0
1017 26 382 1
1017 39 640 0
1018 120 596 1
1018 73 358 1
1018 116 309 1
1019 141 704 1
1019 122 77 0
1021 49 200 1
1024 82 77 0
1024 79 254 0
1025 26 382 0
1025 51 907 1
1025 117 508 0
1026 154 290 0
1026 56 642 0
1026 115 41 1
1026 73 358 0
1028 80 822 1
1028 48 77 1
1029 101 555 0
1030 90 579 0
1030 111 223 0
1031 139 721 0
1031 105 458 0
1032 47 134 1
1032 148 508 1
1032 12 823 0
1035 87 646 1
1035 49 200 0
1036 60 387 1
1037 43 634 0
1038 133 77 0
1038 8 974 0
1038 73 61 1
1038 122 824 1
1038 68 98 1
1040 36 857 1
1040 111 375 1
1041 80 822 0
1042 94 662 0
1043 74 414 0
1043 81 536 0
1044 40 520 0
1044 109 23 0
1044 39 414 1
1045 115 41 0
1046 137 713 1
1046 53 358 0
1047 87 646 0
1049 117 518 1
1049 49 833 1
1050 42 717 1
1050 23 653 0
1052 17 290 0
1052 130 350 1
1054 109 715 1
1055 122 824 0
1055 126 652 1
1055 48 77 0
1055 15 974 0
1055 56 940 1
1056 43 725 1
1057 132 223 1
1058 2 61 0
1059 31 67 0
1060 8 536 1
1061 115 254 1
1062 87 673 1
1062 116 309 0
1066 29 134 0
1066 91 634 1
1066 74 290 1
1066 18 61 1
1067 68 98 0
1068 39 414 0
1069 90 715 1
1069 56 940 0
1070 96 515 1
1071 90 715 0
1071 72 386 1
1072 119 596 0
1073 34 56 0
1073 8 536 0
1073 49 833 0
1073 89 713 0
1074 24 289 0
1074 67 321 1
1075 42 717 0
1076 20 387 1
1076 24 928 1
1078 37 935 1
1079 126 652 0
1080 55 662 0
1080 90 928 1
1082 88 822 0
1082 25 803 0
1083 130 350 0
1084 107 500 0
1084 29 77 1
1085 48 21 1
1085 31 254 1
1086 74 290 0
1089 78 290 0
1091 80 579 1
1092 8 290 1
1092 111 375 0
1094 73 61 0
1095 17 505 1
1096 20 387 0
1098 69 121 0
1098 105 926 1
1098 132 223 0
1102 54 67 1
1102 3 481 1
1103 128 209 0
1104 4 960 0
1104 23 473 1
1105 136 788 1
1106 36 857 0
1106 29 77 0
1108 137 713 0
1108 53 625 1
1109 62 658 1
1109 26 709 1
1109 31 254 0
1110 43 725 0
1111 43 935 1
1115 68 134 1
1116 32 20 1
1116 148 508 0
1116 90 928 0
1116 25 387 1
1116 17 505 0
1116 137 173 1
1117 79 122 1
1117 143 974 1
1117 85 596 0
1118 2 788 1
1118 4 261 1
1119 89 122 1
1119 26 709 0
1120 54 67 0
1121 121 596 1
1122 49 926 1
1124 108 56 0
1124 43 935 0
1126 85 458 1
1128 119 134 1
1128 53 625 0
1130 136 788 0
1130 111 578 1
1131 23 473 0
1133 6 989 0
1134 146 788 1
1135 41 879 0
1136 90 334 1
1137 80 579 0
1138 126 673 1
1138 130 483 1
1138 116 907 1
1140 22 483 1
1140 94 178 1
1140 29 458 1
1140 116 907 0
1141 97 199 0
1142 25 387 0
1142 149 112 0
1142 68 134 0
1143 59 386 1
1143 94 178 0
1144 69 57 1
1144 116 414 1
1145 59 386 0
1145 22 483 0
1147 93 350 0
1147 1 518 1
1149 151 688 0
1149 96 515 0
1150 122 662 1
1152 30 322 0
1153 75 322 0
1153 49 926 0
1154 150 11 1
1155 60 387 0
1155 151 271 1
1155 26 926 1
1156 82 833 1
1158 29 458 0
1161 86 515 0
1161 74 601 1
1161 43 209 1
1161 154 505 1
1162 36 481 1
1162 2 788 0
1162 107 137 1
1162 93 593 1
1162 7 24 1
1163 17 287 1
1163 61 536 0
1163 7 24 0
1164 62 658 0
1164 121 596 0
1164 74 601 0
1165 111 578 0
1167 19 198 0
1167 2 520 1
1169 91 634 0
1169 93 593 0
1170 90 334 0
1171 119 134 0
1172 79 122 0
1172 69 57 0
1172 26 926 0
1173 85 458 0
1173 67 321 0
1174 43 209 0
1175 97 812 1
1175 62 579 1
1177 69 254 1
1177 120 596 0
1177 123 122 0
1177 111 223 1
1178 36 481 0
1181 116 414 0
1181 53 646 1
1182 1 518 0
1183 62 579 0
1184 53 646 0
1185 3 481 0
1186 15 307 1
1187 15 307 0
1187 67 178 1
1188 1 662 1
1189 141 704 0
1189 29 688 1
1189 17 287 0
1189 137 173 0
1190 150 11 0
1190 130 483 0
1191 119 271 1
1192 88 173 1
1193 31 515 1
1193 154 505 0
1193 101 11 1
1196 66 857 0
1198 101 11 0
1198 128 896 1
1198 141 662 1
1199 146 788 0
1199 15 739 1
1200 11 642 1
1202 119 271 0
1204 89 122 0
1204 87 673 0
1204 151 271 0
1204 127 960 0
1205 128 896 0
1207 151 658 1
1207 130 181 1
1208 62 23 1
1209 48 21 0
1209 105 926 0
1209 86 788 1
1210 69 254 0
1210 122 662 0
1211 129 200 1
1211 6 41 1
1211 31 515 0
1211 18 61 0
1211 116 310 1
1213 125 833 0
1214 13 823 0
1214 112 396 0
1215 143 974 0
1216 115 254 0
1217 6 41 0
1219 36 704 1
1220 2 520 0
1220 126 673 0
1222 29 688 0
1222 97 812 0
1223 130 181 0
1224 113 500 0
1224 111 223 0
1225 129 200 0
1227 47 134 0
1227 74 387 1
1227 86 788 0
1227 109 715 0
1227 66 427 1
1227 24 928 0
1227 108 23 1
1228 58 457 0
1229 151 658 0
1230 34 992 1
1231 119 704 1
1231 17 323 1
1232 114 481 0
1233 110 123 0
1233 37 935 0
1235 51 907 0
1235 62 23 0
1236 4 261 0
1237 117 518 0
1240 44 451 0
1241 106 77 0
1241 116 310 0
1241 82 833 0
1242 32 20 0
1242 11 642 0
1243 120 209 1
1243 36 704 0
1244 72 386 0
1244 44 788 1
1245 34 992 0
1245 1 662 0
1246 66 427 0
1246 44 788 0
1246 69 518 1
1246 15 739 0
1247 107 137 0
1247 67 178 0
1248 88 173 0
1250 120 209 0
1254 74 387 0
1255 8 290 0
1257 69 518 0
1257 141 662 0
1258 119 704 0
1258 17 323 0
1259 108 23 0
5
583 1145 178
643 1145 307
581 1004 715
924 1067 178
1089 1196 427
0 0
