124
0
14
141
68
0
76
144
0
11
39
0
0
91
78
166
97
113
0
0
0
0
97
0
4
85
310
0
18
29
82
129
0
0
113
145
213
111
7
0
0
44
184
0
0
10
0
0
0
0
0
246
0
176
50
37
43
0
0
49
143
234
0
66
95
57
82
52
53
53
9
44
93
0
52
135
0
47
0
281
63
0
36
0
130
0
245
0
19
101
120
256
91
134
0
140
39
0
176
137
220
46
187
32
187
74
67
38
99
3
45
112
113
0
9
32
0
82
448
0
44
0
0
39
0
0
1
130
0
10
100
114
89
125
1
0
0
55
143
0
29
22
0
22
407
18
0
7
69
31
156
21
0
0
49
36
20
90
48
24
49
46
0
0
21
88
140
428
9
203
31
0
36
100
99
59
31
0
38
162
91
18
188
0
0
0
118
56
12
15
0
84
0
175
0
211
66
38
0
22
0
316
24
19
0
0
0
97
0
55
316
0
0
19
0
209
0
0
89
0
162
113
0
50
85
195
0
57
103
5
238
360
74
30
60
201
0
34
0
0
14
90
10
0
299
198
106
0
3
168
250
0
0
