116 6533
628
543 11 5448 1
547 80 5962 1
550 8 3697 1
553 81 3476 1
553 67 4661 1
554 17 4264 1
555 68 306 1
555 73 401 1
558 45 3212 1
559 28 1076 1
560 71 5867 1
561 4 1251 1
563 78 1561 1
563 46 3697 1
564 1 6085 1
564 42 4138 1
564 69 5688 1
565 39 4000 1
566 44 5688 1
566 8 3697 0
566 16 1628 1
569 8 3476 1
569 67 4661 0
572 52 3386 1
573 81 3476 0
573 37 4788 1
573 89 19 1
576 59 4138 1
576 17 4264 0
577 65 1971 1
577 35 4637 1
577 54 5482 1
578 92 3694 1
582 87 6105 1
583 52 3386 0
583 46 3697 0
584 4 1251 0
585 74 3277 1
590 51 335 1
592 33 4788 1
593 42 4138 0
594 85 288 1
594 54 5482 0
596 43 4174 1
598 36 6498 1
600 46 4642 1
600 114 1681 1
600 89 19 0
602 38 4642 1
603 35 4637 0
603 96 4114 1
604 1 6085 0
604 87 6105 0
605 92 3694 0
606 16 1628 0
607 71 5867 0
608 91 6114 1
608 51 335 0
610 102 400 1
611 54 6340 1
612 84 1561 1
613 114 1681 0
613 43 4174 0
615 28 1076 0
617 38 4642 0
617 6 3697 1
618 116 3969 1
619 33 4788 0
620 114 6225 1
620 82 4052 1
622 5 4642 1
623 46 4642 0
623 107 6498 1
623 99 5962 1
624 4 6498 1
626 89 4244 1
627 52 6114 1
628 82 4052 0
629 51 5039 1
630 103 6085 1
631 100 6419 1
633 1 2813 1
635 74 3277 0
635 39 4000 0
636 86 6225 1
636 17 3382 1
638 68 306 0
638 102 400 0
638 90 4343 1
640 73 401 0
640 87 6359 1
641 74 518 1
641 106 6532 1
641 100 6419 0
644 111 4996 1
648 6 3697 0
649 32 5061 1
651 100 1971 1
654 37 4788 0
655 6 400 1
657 16 5082 1
658 85 288 0
658 99 5962 0
659 16 5082 0
659 33 1391 1
660 87 6359 0
661 40 4244 1
661 86 6225 0
661 91 6114 0
661 96 4114 0
662 37 5061 1
663 32 5061 0
663 82 556 1
664 95 1391 1
664 101 857 1
664 106 6532 0
665 106 400 1
666 95 1391 0
666 16 6225 1
666 71 3750 1
666 91 6359 1
666 109 3890 1
667 11 5448 0
668 78 1561 0
668 38 6225 1
668 63 251 1
669 97 3969 1
671 56 6532 1
671 62 415 1
673 103 6085 0
674 28 251 1
675 44 5688 0
675 106 400 0
675 78 1251 1
675 96 2260 1
677 34 4788 1
677 111 4996 0
678 60 2353 1
678 17 3382 0
679 81 415 1
680 85 1628 1
680 28 251 0
683 44 3182 1
684 104 306 1
686 78 1251 0
687 17 6359 1
689 40 4244 0
689 90 4343 0
689 5 4642 0
691 99 3533 1
694 76 4138 1
694 93 3212 1
695 16 6225 0
696 44 3182 0
697 86 5986 1
699 17 6359 0
700 75 422 1
702 68 306 1
702 97 3969 0
703 40 3697 1
704 59 4138 0
706 95 6105 1
707 43 6266 1
708 100 1971 0
712 59 5082 1
716 90 4343 1
717 63 251 0
719 62 415 0
719 73 4174 1
722 60 2353 0
722 63 6105 1
724 38 6225 0
727 111 2005 1
728 100 1971 1
731 39 230 1
732 104 306 0
732 101 857 0
734 17 759 1
734 22 3028 1
735 38 3145 1
736 87 19 1
736 92 6228 1
737 91 6359 0
737 89 4244 0
738 103 916 1
742 44 854 1
743 28 251 1
744 114 6225 0
746 35 5448 1
749 92 6228 0
749 17 759 0
752 103 916 0
752 91 4694 1
753 5 4577 1
755 90 4343 0
755 85 1628 0
755 46 1772 1
756 100 1971 0
758 17 5061 1
758 71 3750 0
761 109 3890 0
765 67 5688 1
766 36 6498 0
766 11 150 1
767 75 422 0
768 3 857 1
770 78 1854 1
773 22 3028 0
774 46 1772 0
775 76 4138 0
775 46 2260 1
775 69 5688 0
777 52 6114 0
778 51 5039 0
779 67 5688 0
780 84 1561 0
780 33 1391 0
780 82 556 0
782 116 3969 0
783 99 3533 0
784 46 2260 0
787 53 6228 1
792 6 400 0
792 104 3382 1
794 101 422 1
795 102 3145 1
796 78 1854 0
797 104 3382 0
798 27 5482 1
801 6 3750 1
803 78 415 1
803 73 4174 0
803 114 5995 1
805 114 5995 0
807 16 306 1
808 116 3028 1
810 103 4577 1
811 3 857 0
812 32 4577 1
812 5 4577 0
813 96 2260 0
815 96 1854 1
816 54 6340 0
817 56 6532 0
819 91 4694 0
823 32 4577 0
823 51 2823 1
823 102 3145 0
824 114 4114 1
825 35 5448 0
827 82 1561 1
829 104 1628 1
830 116 3028 0
831 73 1772 1
833 63 6105 0
838 28 251 0
841 33 150 1
843 63 3533 1
846 69 3750 1
846 89 1391 1
848 17 5061 0
850 81 415 0
851 73 1772 0
852 100 422 1
853 78 415 0
854 107 6498 0
856 54 190 1
856 60 5986 1
857 6 3750 0
858 109 3890 1
859 89 1391 0
862 116 601 1
862 87 19 0
863 114 4114 0
864 95 6105 0
866 96 1854 0
867 90 2005 1
868 71 1628 1
871 59 5082 0
871 32 4339 1
872 43 6266 0
873 37 5061 0
874 90 2005 0
874 53 6228 0
876 96 4290 1
876 76 1561 1
877 11 150 0
878 36 3969 1
880 92 2813 1
882 90 2798 1
882 100 422 0
885 35 6114 1
887 114 4789 1
888 52 400 1
888 42 5648 1
888 104 1628 0
889 81 4577 1
890 82 1561 0
893 100 1076 1
894 111 2005 0
894 43 4290 1
894 78 3392 1
895 1 2813 0
895 97 19 1
895 44 854 0
896 109 3890 0
896 68 306 0
898 82 556 1
900 102 1971 1
901 51 2823 0
902 65 1971 0
902 34 4788 0
903 82 556 0
904 67 3182 1
904 11 1971 1
906 52 400 0
907 8 3476 0
908 1 4788 1
908 80 5962 0
909 56 3533 1
913 103 4577 0
916 100 1076 0
917 103 6225 1
920 36 3969 0
921 43 4290 0
921 104 2353 1
923 73 1681 1
924 111 5482 1
927 4 6498 0
927 78 3392 0
929 67 3182 0
932 53 4597 1
932 93 3212 0
932 85 2353 1
934 6 1251 1
935 11 1971 0
936 97 19 0
936 114 4789 0
937 28 3697 1
938 73 1681 0
940 103 6225 0
941 42 5648 0
941 5 4000 1
943 62 4244 1
944 100 6225 1
945 44 6498 1
947 114 4000 1
948 68 3680 1
949 114 4000 0
951 80 4339 1
951 97 3694 1
952 36 857 1
952 103 3750 1
955 44 6498 0
958 106 6266 1
959 74 518 0
960 96 4290 0
965 95 2260 1
966 91 759 1
967 85 2353 0
968 111 5482 0
968 81 4577 0
968 53 4597 0
970 37 3694 1
970 104 2353 0
971 111 759 1
972 33 150 0
974 40 3697 0
977 1 4788 0
977 75 5986 1
981 107 1772 1
981 87 556 1
982 43 3145 1
983 96 4054 1
984 34 3182 1
985 8 4577 1
989 89 854 1
992 22 401 1
993 99 5648 1
994 28 3697 0
995 109 5986 1
1001 46 3750 1
1001 80 4339 0
1004 95 2260 0
1005 35 6114 0
1008 51 401 1
1008 73 6397 1
1009 38 3145 0
1011 17 1681 1
1011 59 854 1
1012 78 19 1
1012 51 401 0
1014 33 5995 1
1015 27 5482 0
1016 116 601 0
1016 53 3212 1
1017 65 4788 1
1018 3 3028 1
1018 37 3694 0
1018 73 6397 0
1019 114 306 1
1021 109 5986 0
1023 99 5648 0
1024 81 3873 1
1024 89 854 0
1025 104 1628 1
1025 81 3873 0
1026 52 251 1
1028 42 5482 1
1030 89 5082 1
1031 62 4244 0
1031 65 4788 0
1032 93 1251 1
1033 73 6419 1
1033 92 2813 0
1034 42 5482 0
1034 87 556 0
1034 34 3182 0
1034 96 4054 0
1035 1 3382 1
1036 80 5995 1
1037 114 306 0
1037 89 5082 0
1038 90 2798 0
1039 103 3750 0
1043 8 4577 0
1044 37 5482 1
1044 44 5867 1
1045 96 6225 1
1046 99 2260 1
1047 27 400 1
1047 44 5867 0
1049 86 5986 0
1049 96 6225 0
1051 95 3212 1
1058 107 1772 0
1062 109 19 1
1063 82 4290 1
1063 42 518 1
1067 11 4343 1
1067 1 3382 0
1068 17 1681 0
1070 16 306 0
1071 107 696 1
1071 42 518 0
1073 78 19 0
1078 44 6105 1
1080 97 3694 0
1082 4 1561 1
1085 17 5962 1
1086 53 3212 0
1086 5 4000 0
1087 63 3533 0
1087 76 1561 0
1088 56 3533 0
1090 99 2260 0
1090 1 4138 1
1093 73 6419 0
1093 6 1251 0
1094 109 19 0
1095 5 4264 1
1095 97 4343 1
1095 95 3212 0
1096 33 5995 0
1096 27 400 0
1097 52 251 0
1099 65 3969 1
1100 36 857 0
1100 63 5448 1
1103 82 4290 0
1104 43 3145 0
1104 63 5448 0
1106 103 601 1
1108 68 3680 0
1110 17 5962 0
1111 90 2798 1
1112 100 6225 0
1112 5 4264 0
1113 82 3028 1
1113 17 4577 1
1114 34 6340 1
1116 40 5448 1
1117 40 5448 0
1118 81 4637 1
1119 80 5995 0
1119 103 601 0
1121 93 1251 0
1122 42 3212 1
1123 89 190 1
1125 102 1971 0
1130 62 696 1
1131 52 288 1
1131 95 4000 1
1136 1 4138 0
1136 96 2353 1
1138 73 290 1
1139 93 2823 1
1141 114 422 1
1144 114 422 0
1145 4 1561 0
1145 36 3386 1
1146 97 4343 0
1147 100 3989 1
1148 34 6340 0
1148 93 2823 0
1148 95 4000 0
1149 111 759 0
1149 53 2005 1
1151 101 422 0
1151 109 4174 1
1156 103 401 1
1156 17 4577 0
1157 32 4339 0
1157 1 3697 1
1159 43 4138 1
1159 87 6266 1
1162 53 2005 0
1164 78 6532 1
1164 52 288 0
1166 74 4409 1
1167 22 401 0
1167 84 4822 1
1167 82 3028 0
1168 92 3533 1
1168 104 1628 0
1169 97 251 1
1170 69 3750 0
1171 93 6266 1
1172 103 401 0
1173 35 4290 1
1174 81 4637 0
1175 46 3750 0
1175 37 5482 0
1175 38 251 1
1176 74 4409 0
1176 8 422 1
1176 111 1076 1
1176 107 696 0
1176 33 4052 1
1176 69 5867 1
1178 36 3386 0
1180 116 3462 1
1182 85 2813 1
1182 111 1076 0
1182 68 3533 1
1185 78 6532 0
1185 73 290 0
1186 53 5039 1
1186 1 3697 0
1187 97 251 0
1188 52 5061 1
1189 8 422 0
1189 4 3212 1
1190 92 3533 0
1191 65 3969 0
1191 92 290 1
1191 102 6532 1
1192 16 1854 1
1192 68 3533 0
1194 39 230 0
1194 65 5061 1
1195 93 6266 0
1196 114 3382 1
1197 52 5061 0
1197 35 4290 0
1197 90 2798 0
1201 42 3212 0
1201 38 251 0
1202 59 854 0
1202 82 3694 1
1202 111 4789 1
1205 69 5867 0
1207 65 5061 0
1207 56 4577 1
1208 114 3382 0
1209 67 336 1
1211 81 5962 1
1211 93 3212 1
1212 92 290 0
1213 60 5986 0
1214 116 3462 0
1215 33 4052 0
1215 109 4174 0
1217 90 4244 1
1217 84 4822 0
1218 75 5986 0
1218 28 4694 1
1218 16 1854 0
1219 100 3989 0
1219 43 4138 0
1219 6 4339 1
1220 53 5039 0
1220 16 759 1
1220 56 4577 0
1221 111 4789 0
1222 11 4343 0
1223 90 4244 0
1224 93 3212 0
1225 102 6532 0
1225 114 2798 1
1226 32 5962 1
1226 96 2353 0
1227 71 1628 0
1227 68 4174 1
1227 81 5962 0
1229 82 3694 0
1237 89 190 0
1238 85 2813 0
1238 62 696 0
1238 59 6359 1
1239 45 3212 0
1242 85 6266 1
1246 16 759 0
1247 54 190 0
1247 4 3212 0
1247 67 336 0
1250 68 4174 0
1251 44 6105 0
1254 3 3028 0
1254 91 759 0
1254 6 4339 0
1254 59 6359 0
1255 85 6266 0
1256 87 6266 0
1256 114 2798 0
1257 32 5962 0
1258 28 4694 0
1259 106 6266 0
6
551 661 2005
604 708 306
698 794 5962
549 995 857
1057 1236 4339
670 772 5867
97 9067
504
540 74 7075 1
542 57 2159 1
542 88 7704 1
543 6 8206 1
547 32 3219 1
548 83 1265 1
551 5 7090 1
552 90 4890 1
552 38 7090 1
552 88 7704 0
553 90 4890 0
553 74 7075 0
558 73 6658 1
558 21 3186 1
559 45 2034 1
561 57 2159 0
562 96 22 1
563 9 7665 1
563 79 5552 1
564 54 525 1
565 90 3680 1
565 13 3361 1
567 45 2034 0
567 5 7090 0
568 88 4177 1
569 74 1265 1
569 97 1799 1
570 6 8206 0
571 44 4890 1
571 7 6962 1
572 18 1243 1
573 97 1799 0
574 82 6689 1
577 8 384 1
577 38 7090 0
578 74 1265 0
579 17 1604 1
579 87 5831 1
580 88 4177 0
581 55 451 1
582 71 2034 1
583 51 2034 1
583 7 6962 0
584 41 1032 1
585 74 8366 1
587 24 8907 1
589 44 4890 0
589 58 3648 1
591 45 6763 1
591 80 8206 1
591 66 2034 1
592 8 384 0
596 50 2245 1
596 91 8164 1
596 41 1032 0
596 44 1975 1
597 2 633 1
599 41 633 1
600 75 2034 1
600 42 7219 1
601 43 1243 1
604 44 1975 0
606 18 1243 0
607 38 5113 1
607 74 8366 0
607 8 8165 1
611 81 2920 1
611 97 7273 1
611 2 633 0
614 93 8206 1
614 20 3522 1
615 6 7665 1
615 83 1265 0
616 18 633 1
619 81 2920 0
620 88 2464 1
623 35 3186 1
623 24 8907 0
624 36 1039 1
624 57 6168 1
624 90 3680 0
627 51 2034 0
628 51 2245 1
628 47 5466 1
630 45 6763 0
630 5 1374 1
630 83 8373 1
632 46 682 1
632 79 5552 0
636 51 2245 0
637 8 8165 0
640 88 2464 0
640 42 7219 0
645 90 3219 1
645 23 8206 1
646 7 2159 1
648 25 5831 1
652 80 8206 0
653 8 7919 1
655 35 3186 0
655 43 1243 0
656 93 8206 0
656 41 633 0
656 8 7919 0
656 44 8907 1
657 75 2034 0
657 18 633 0
657 94 4427 1
659 97 7273 0
660 18 2794 1
661 94 4427 0
664 86 7219 1
664 74 4890 1
665 25 5831 0
666 20 3522 0
666 2 5552 1
667 38 5113 0
668 18 2794 0
669 21 3186 0
669 9 7665 0
670 93 5000 1
670 41 7219 1
672 4 1374 1
672 23 8206 0
673 18 4425 1
674 81 7273 1
675 45 2794 1
676 43 633 1
676 90 3219 0
678 8 4427 1
678 58 3648 0
679 79 7919 1
680 15 4425 1
688 74 4890 0
689 18 4425 0
689 51 1919 1
690 81 7273 0
696 5 1374 0
697 9 451 1
702 7 2159 0
703 44 8907 0
704 41 7219 0
705 97 4890 1
706 38 5000 1
707 41 8605 1
708 9 451 0
714 54 525 0
714 42 616 1
714 87 5831 0
716 96 22 0
717 80 5552 1
720 25 22 1
724 43 633 0
725 2 5552 0
726 51 1919 0
727 25 22 0
727 45 2794 0
728 14 384 1
729 58 7704 1
729 13 3361 0
730 35 2388 1
731 96 6221 1
731 44 525 1
732 88 721 1
737 51 1919 1
739 36 1039 0
740 86 7219 0
744 83 8373 0
745 13 2224 1
745 66 2034 0
749 83 7090 1
754 96 6221 0
755 34 7704 1
757 83 7090 0
759 41 8605 0
760 75 8848 1
763 41 7273 1
764 2 1707 1
764 18 4213 1
765 75 8848 0
766 6 7665 0
766 92 22 1
766 18 4213 0
767 74 7273 1
769 90 7273 1
771 7 4363 1
771 93 5000 0
773 74 7273 0
773 34 7704 0
777 58 7704 0
777 51 1919 0
780 36 855 1
781 14 384 0
783 18 4363 1
784 52 855 1
785 47 5466 0
794 93 2224 1
798 41 7273 0
803 45 22 1
804 35 2388 0
807 33 384 1
807 23 5466 1
809 81 7199 1
812 55 451 0
815 47 1975 1
815 14 633 1
819 54 384 1
819 94 1975 1
820 6 8907 1
823 87 7075 1
825 6 8907 0
832 66 1032 1
832 21 4177 1
833 79 7919 0
836 74 3522 1
837 75 2159 1
838 83 8848 1
840 8 4427 0
844 33 384 0
848 35 1039 1
848 90 7273 0
849 9 8848 1
855 47 1975 0
856 17 1604 0
857 14 633 0
858 5 5831 1
858 55 2663 1
858 66 1032 0
859 90 1243 1
859 34 2224 1
859 32 3219 0
861 32 1919 1
864 43 721 1
866 18 4363 0
866 52 855 0
868 96 6221 1
868 87 7075 0
873 34 2224 0
873 43 721 0
875 8 7300 1
877 21 4177 0
886 55 2663 0
887 73 6658 0
888 71 2034 0
888 87 7704 1
889 38 5000 0
891 21 8165 1
891 41 6168 1
892 73 5441 1
893 38 8848 1
894 73 5441 0
899 36 855 0
900 87 7704 0
901 47 855 1
903 25 7075 1
903 17 2245 1
904 58 22 1
904 57 6168 0
907 79 7075 1
907 18 6113 1
908 42 616 0
909 73 1032 1
909 47 855 0
910 32 1919 0
912 13 2224 0
913 83 8848 0
913 43 1374 1
914 51 7896 1
915 71 5831 1
920 86 6658 1
921 33 1039 1
921 75 2159 0
922 83 6689 1
922 55 451 1
924 83 6689 0
925 9 8848 0
930 34 6113 1
930 83 3680 1
931 83 3680 0
933 18 6113 0
934 6 7273 1
936 36 8164 1
936 91 8164 0
937 58 22 0
937 32 2 1
938 41 6168 0
938 58 344 1
941 25 7075 0
941 87 22 1
943 38 8848 0
946 9 6962 1
947 25 6763 1
948 75 1707 1
949 13 633 1
950 45 22 0
950 66 7064 1
951 25 6763 0
954 66 7064 0
955 8 7300 0
956 91 2159 1
957 87 22 0
959 38 384 1
963 41 8907 1
965 36 8164 0
967 80 5552 0
968 14 4177 1
969 18 7219 1
971 54 384 0
972 75 1707 0
974 32 2 0
977 50 2245 0
977 87 7300 1
977 55 451 0
977 9 6962 0
978 41 8907 0
979 32 2663 1
981 90 1243 0
982 20 7064 1
984 75 7090 1
986 8 525 1
989 42 855 1
989 74 3522 0
992 21 8165 0
993 90 5113 1
994 57 7090 1
996 9 1374 1
997 4 1374 0
998 74 4363 1
998 20 7064 0
1000 45 3522 1
1002 96 6221 0
1008 87 7300 0
1010 52 7219 1
1011 2 1707 0
1016 8 525 0
1016 73 1032 0
1022 15 4425 0
1026 73 7219 1
1030 80 2663 1
1032 44 525 0
1032 47 616 1
1034 87 1975 1
1035 8 2920 1
1040 91 2159 0
1040 75 7090 0
1040 32 2663 0
1041 6 7273 0
1043 54 2633 1
1048 18 7219 0
1050 18 5831 1
1054 5 5831 0
1057 58 344 0
1058 52 7219 0
1058 44 7300 1
1059 75 3186 1
1061 18 5831 0
1067 23 5466 0
1067 86 6658 0
1068 74 4363 0
1068 57 7090 0
1071 4 8907 1
1072 38 384 0
1072 86 4784 1
1077 74 3219 1
1079 20 344 1
1080 2 344 1
1080 7 4363 0
1080 8 2920 0
1080 91 1707 1
1082 34 6113 0
1084 8 7075 1
1085 96 3680 1
1086 73 7219 0
1086 57 8366 1
1087 6 1032 1
1089 47 616 0
1090 25 2753 1
1090 91 1707 0
1092 54 2633 0
1094 25 2753 0
1098 25 4890 1
1098 45 3522 0
1099 91 7300 1
1101 86 4784 0
1104 83 3361 1
1104 32 2245 1
1105 71 5831 0
1106 96 3680 0
1107 92 22 0
1107 50 2633 1
1109 45 4177 1
1110 80 2663 0
1113 97 4890 0
1114 66 2663 1
1116 80 1799 1
1118 7 8373 1
1120 52 8373 1
1121 73 4177 1
1121 54 6168 1
1121 45 4177 0
1121 36 3522 1
1121 92 616 1
1125 93 2224 0
1125 66 2663 0
1127 52 8373 0
1128 45 6763 1
1129 74 3219 0
1134 17 2245 0
1134 57 8366 0
1135 14 4177 0
1136 97 3361 1
1138 73 4177 0
1140 45 6763 0
1142 88 721 0
1145 20 344 0
1146 55 8605 1
1146 21 1265 1
1148 25 4890 0
1150 6 1032 0
1150 23 6962 1
1151 86 6910 1
1153 93 4213 1
1154 35 1039 0
1154 4 8907 0
1157 50 2633 0
1158 46 682 0
1158 94 1975 0
1160 81 7199 0
1161 38 4425 1
1161 96 4427 1
1162 7 8373 0
1162 21 1265 0
1162 96 4427 0
1162 17 3648 1
1163 6 7462 1
1165 23 6962 0
1167 50 2245 1
1170 25 2034 1
1175 17 3648 0
1178 58 8206 1
1178 97 3361 0
1180 52 6689 1
1180 6 7462 0
1180 18 5552 1
1182 50 2245 0
1183 79 7075 0
1183 32 2245 0
1184 58 8206 0
1185 25 2034 0
1186 97 5113 1
1186 80 1799 0
1188 93 4213 0
1189 97 5113 0
1190 88 6221 1
1190 96 3171 1
1194 38 4425 0
1197 13 633 0
1198 75 3186 0
1198 47 6113 1
1202 13 6910 1
1203 86 6910 0
1204 55 8605 0
1205 6 2464 1
1205 52 6689 0
1206 96 3171 0
1207 7 2388 1
1208 44 7300 0
1208 45 7090 1
1208 13 6910 0
1210 74 2034 1
1210 9 1374 0
1211 43 1374 0
1211 92 616 0
1215 47 6113 0
1216 2 344 0
1221 71 8373 1
1222 87 1975 0
1226 83 3361 0
1229 36 3522 0
1230 91 7300 0
1231 94 2388 1
1232 8 7075 0
1232 54 6168 0
1233 8 5441 1
1235 73 7273 1
1240 74 2034 0
1240 7 2388 0
1241 44 5113 1
1242 71 8373 0
1243 44 5113 0
1244 97 344 1
1245 42 855 0
1245 8 5441 0
1246 45 7090 0
1247 82 6689 0
1250 94 2388 0
1252 73 7273 0
1253 97 344 0
1254 33 1039 0
1256 6 2464 0
1258 90 5113 0
1258 18 5552 0
1259 88 6221 0
1260 51 7896 0
1
542 1248 8605
197 775
272
540 190 391 1
547 114 626 1
555 87 156 1
559 126 541 1
565 76 253 1
566 190 391 0
566 150 452 1
570 176 452 1
574 63 482 1
575 164 343 1
578 105 223 1
585 125 385 1
587 174 186 1
587 190 98 1
592 171 343 1
605 69 253 1
606 179 535 1
609 73 428 1
610 79 403 1
612 66 579 1
613 119 662 1
616 179 535 0
617 125 385 0
625 147 676 1
625 171 343 0
627 11 428 1
639 164 343 0
640 160 156 1
644 126 541 0
645 63 482 0
646 114 626 0
651 63 676 1
651 160 156 0
653 58 676 1
654 164 403 1
660 171 328 1
661 41 186 1
662 87 156 0
662 119 662 0
664 164 403 0
667 37 391 1
668 79 403 0
670 20 186 1
670 59 510 1
670 17 186 1
671 171 328 0
675 17 186 0
679 41 186 0
680 66 579 0
680 37 391 0
682 82 473 1
683 147 676 0
684 190 98 0
684 11 428 0
692 17 403 1
692 20 186 0
698 58 676 0
702 179 186 1
707 75 662 1
707 147 452 1
709 126 428 1
710 11 273 1
712 176 452 0
712 76 253 0
715 11 273 0
716 174 186 0
720 131 223 1
723 190 343 1
725 119 156 1
727 150 452 0
727 25 46 1
727 174 621 1
736 28 662 1
738 174 621 0
741 147 452 0
742 17 403 0
744 58 391 1
750 160 278 1
753 131 223 0
754 63 676 0
754 62 278 1
759 114 98 1
767 126 428 0
771 75 662 0
771 192 253 1
773 79 415 1
775 150 391 1
775 174 541 1
776 171 428 1
780 66 544 1
782 74 579 1
788 17 328 1
788 125 535 1
792 58 391 0
792 171 428 0
792 150 391 0
793 25 46 0
795 62 278 0
799 125 535 0
802 174 541 0
808 125 403 1
813 83 541 1
816 37 544 1
816 75 473 1
816 28 662 0
824 74 579 0
825 45 81 1
825 25 452 1
825 160 278 0
826 126 186 1
832 79 415 0
835 150 132 1
835 105 223 0
836 190 343 0
841 82 473 0
843 150 132 0
846 73 428 0
854 37 544 0
860 105 84 1
863 164 391 1
864 119 156 0
877 79 510 1
879 126 186 0
881 62 278 1
881 41 273 1
884 139 396 1
885 105 84 0
886 41 273 0
887 20 621 1
891 170 223 1
891 160 496 1
895 20 621 0
896 84 132 1
898 58 396 1
899 75 473 0
899 63 473 1
908 159 273 1
911 59 510 0
913 45 81 0
913 147 278 1
913 58 396 0
913 164 391 0
914 125 403 0
914 79 510 0
919 159 273 0
923 174 333 1
924 126 385 1
928 63 473 0
934 74 1 1
936 179 186 0
938 76 773 1
938 139 396 0
939 114 98 0
939 74 1 0
942 174 333 0
944 37 626 1
945 17 328 0
947 45 510 1
947 179 544 1
948 37 626 0
961 66 544 0
962 114 403 1
967 159 84 1
971 73 708 1
972 159 84 0
973 139 333 1
974 20 156 1
975 114 403 0
977 76 773 0
980 192 253 0
994 83 541 0
995 66 482 1
998 192 391 1
1000 73 708 0
1004 87 84 1
1010 190 676 1
1015 119 343 1
1018 17 333 1
1018 160 496 0
1022 25 452 0
1025 84 132 0
1027 131 391 1
1028 131 391 0
1030 84 201 1
1031 160 83 1
1033 176 541 1
1034 11 33 1
1041 131 278 1
1042 131 278 0
1047 59 486 1
1052 192 391 0
1057 147 278 0
1058 126 385 0
1061 159 84 1
1064 84 201 0
1068 84 98 1
1070 160 83 0
1071 58 132 1
1074 176 541 0
1076 59 486 0
1077 160 773 1
1078 174 535 1
1081 119 343 0
1085 179 544 0
1085 41 84 1
1090 139 333 0
1090 58 132 0
1091 59 46 1
1094 131 283 1
1095 79 403 1
1100 84 98 0
1103 174 535 0
1104 17 333 0
1105 63 676 1
1109 76 773 1
1110 75 473 1
1111 62 278 0
1113 75 473 0
1113 131 283 0
1115 25 83 1
1122 41 84 0
1125 131 621 1
1128 192 201 1
1128 59 46 0
1132 28 396 1
1132 150 510 1
1133 160 773 0
1133 73 452 1
1133 17 486 1
1137 63 676 0
1140 159 84 0
1140 119 396 1
1140 126 132 1
1140 105 415 1
1143 87 84 0
1144 170 223 0
1148 105 415 0
1149 58 579 1
1151 131 621 0
1152 150 510 0
1153 17 486 0
1157 20 156 0
1159 87 186 1
1161 76 773 0
1164 45 510 0
1165 66 482 0
1165 125 1 1
1168 179 1 1
1170 192 201 0
1170 190 676 0
1172 87 186 0
1174 25 83 0
1176 79 403 0
1189 75 253 1
1192 58 579 0
1195 11 33 0
1197 119 396 0
1201 75 253 0
1203 69 253 0
1203 126 132 0
1204 73 452 0
1206 114 201 1
1207 192 626 1
1212 28 396 0
1214 20 544 1
1223 125 1 0
1226 58 83 1
1232 192 626 0
1234 20 544 0
1236 114 201 0
1238 58 83 0
1256 179 1 0
32
644 1000 343
708 813 403
1092 1189 662
950 1248 626
1045 1258 253
631 756 415
847 1034 639
549 1204 84
969 1127 1
879 1178 482
850 1092 621
547 751 428
682 772 706
666 879 47
584 682 621
965 1151 328
695 816 31
1029 1129 283
889 1205 535
782 1202 510
739 1078 273
1077 1198 33
845 952 599
980 1129 223
693 1105 391
834 971 278
616 866 541
658 748 273
708 811 333
832 1044 510
572 752 33
1043 1146 579
247 7640
612
542 213 6976 1
544 99 1983 1
547 134 3337 1
547 43 1373 1
548 241 5144 1
549 152 601 1
549 38 2361 1
552 177 3790 1
553 119 5364 1
554 52 4194 1
554 44 3079 1
555 175 7358 1
557 60 6769 1
558 68 4327 1
559 119 5364 0
560 189 6365 1
560 80 6218 1
564 230 1361 1
566 129 5364 1
566 13 1568 1
568 221 4139 1
569 52 4194 0
574 195 2588 1
575 231 7157 1
575 15 5271 1
576 13 1568 0
578 129 5364 0
578 134 3337 0
579 78 355 1
579 133 4139 1
582 48 6714 1
583 11 844 1
583 48 6714 0
584 118 7199 1
584 102 3259 1
585 11 844 0
585 102 3259 0
586 64 6606 1
587 155 3079 1
588 219 2361 1
588 133 4139 0
589 219 2361 0
591 201 5271 1
592 187 7358 1
592 72 6955 1
599 44 3079 0
600 48 3495 1
601 189 6365 0
601 41 2504 1
603 213 6976 0
608 221 4139 0
609 102 3079 1
610 133 2180 1
614 43 1373 0
614 2 6247 1
616 25 7034 1
618 212 1876 1
619 64 6606 0
620 234 1373 1
621 167 3314 1
621 87 1814 1
625 8 7018 1
626 15 5271 0
626 120 7157 1
627 44 1258 1
628 201 5271 0
628 87 1814 0
628 129 6247 1
630 77 3528 1
632 22 2436 1
635 185 6392 1
636 2 6247 0
637 159 3404 1
639 102 3079 0
639 22 2436 0
640 13 4885 1
641 181 6186 1
641 38 2361 0
642 186 3958 1
643 234 1373 0
644 162 4139 1
644 229 4998 1
645 21 3259 1
647 87 3850 1
648 38 7402 1
651 221 6392 1
653 43 1361 1
659 186 3958 0
660 187 7358 0
660 77 3528 0
661 48 3495 0
665 135 2361 1
666 234 894 1
667 13 4885 0
667 134 3528 1
669 73 7157 1
669 129 6247 0
669 187 2436 1
669 1 1361 1
671 64 3314 1
671 98 4139 1
673 2 1361 1
673 209 6769 1
674 117 1903 1
676 133 2180 0
676 98 4139 0
677 201 1568 1
678 132 6247 1
680 232 1992 1
680 64 3314 0
680 21 3259 0
681 162 4139 0
683 189 1602 1
684 157 3259 1
686 222 6293 1
687 3 3401 1
688 162 1426 1
690 195 2588 0
690 25 7034 0
690 213 3404 1
691 166 1903 1
691 73 7157 0
691 25 3571 1
692 214 1373 1
692 2 1361 0
692 232 1992 0
695 118 7199 0
696 232 217 1
698 2 3561 1
698 60 6769 0
698 1 1361 0
699 130 6606 1
702 187 2436 0
703 166 1903 0
706 229 4998 0
707 1 4998 1
708 99 1983 0
709 126 6769 1
710 90 1876 1
713 120 7157 0
714 72 6955 0
714 27 6772 1
714 182 7018 1
717 98 5552 1
718 162 1426 0
719 44 1258 0
720 135 2361 0
721 175 7358 0
722 234 894 0
725 126 6769 0
725 219 1992 1
726 189 1602 0
726 41 2504 0
727 201 1568 0
732 59 355 1
733 68 4327 0
733 11 5234 1
733 134 3528 0
733 186 3267 1
734 73 2588 1
735 162 3314 1
738 120 5313 1
738 11 5234 0
740 22 5364 1
740 156 1814 1
741 195 5168 1
743 3 3401 0
743 119 4576 1
743 201 355 1
745 209 6769 0
745 189 107 1
747 23 3958 1
748 11 2588 1
749 81 7034 1
751 81 7034 0
751 77 7157 1
751 25 3571 0
754 21 978 1
754 120 5313 0
758 175 6772 1
760 1 4998 0
760 219 1992 0
760 117 1903 0
763 229 915 1
764 229 915 0
765 155 3079 0
766 13 7018 1
767 41 1258 1
768 78 355 0
768 166 1568 1
768 15 3571 1
768 126 7012 1
769 73 2588 0
772 241 5144 0
772 156 1814 0
774 119 4576 0
779 176 6955 1
780 175 6772 0
781 238 6392 1
781 120 3267 1
781 102 1876 1
782 22 5364 0
787 221 6392 0
788 229 4757 1
788 117 3961 1
788 118 1361 1
796 219 1373 1
798 134 3314 1
798 27 6772 0
799 60 6885 1
803 156 4885 1
804 133 978 1
805 78 1258 1
806 21 978 0
806 1 5187 1
809 13 7018 0
810 222 6293 0
810 209 3314 1
812 90 1876 0
815 48 700 1
815 234 3337 1
817 83 7157 1
818 176 6955 0
819 1 5187 0
820 3 4757 1
822 138 107 1
824 133 978 0
824 156 4885 0
826 133 5364 1
826 21 3314 1
826 154 5954 1
827 118 1361 0
828 90 6772 1
833 44 107 1
833 135 3790 1
837 130 6606 0
840 155 700 1
842 156 3267 1
845 152 601 0
845 154 5954 0
846 185 6392 0
849 130 6772 1
850 3 4757 0
850 21 3314 0
851 232 217 0
852 212 1876 0
852 159 3404 0
856 11 2588 0
857 68 1903 1
857 102 1876 0
862 8 7018 0
862 1 5842 1
866 167 3314 0
866 186 3267 0
866 201 355 0
868 213 3404 0
869 77 7157 0
872 87 3850 0
873 195 5168 0
873 126 7012 0
875 134 3314 0
875 222 355 1
877 177 3790 0
880 159 601 1
881 102 6392 1
882 152 4757 1
882 87 1258 1
884 201 6365 1
884 34 5842 1
885 21 5271 1
886 213 3259 1
886 87 1258 0
886 15 3571 0
886 119 2588 1
886 134 7034 1
886 176 3155 1
887 177 5271 1
890 189 107 0
892 166 1568 0
893 23 3958 0
893 222 355 0
893 8 3571 1
893 154 4327 1
894 232 4327 1
894 185 6606 1
896 189 7157 1
896 235 2180 1
896 73 7402 1
897 120 3267 0
897 34 5842 0
899 187 700 1
900 126 3267 1
900 77 5211 1
900 1 5842 0
901 99 3314 1
901 234 3337 0
902 229 4757 0
903 98 5552 0
903 3 5187 1
904 64 1361 1
908 185 6606 0
909 209 3314 0
910 77 5211 0
914 166 355 1
914 177 5271 0
915 221 2387 1
915 3 5187 0
916 68 1903 0
916 156 3267 0
916 2 3561 0
916 221 2387 0
917 72 6186 1
918 102 6392 0
919 34 2588 1
923 195 700 1
924 1 4327 1
924 77 1053 1
927 34 2588 0
930 117 3961 0
931 21 5271 0
933 126 3267 0
934 81 4757 1
935 159 601 0
936 80 6218 0
937 156 4576 1
940 134 7034 0
941 118 1903 1
942 152 4757 0
943 213 3259 0
945 73 7402 0
946 175 5842 1
946 221 3571 1
949 119 2588 0
950 102 3961 1
951 185 6485 1
952 134 4885 1
952 25 3404 1
954 77 1053 0
958 80 5211 1
961 167 601 1
961 221 3571 0
962 81 4757 0
963 152 6293 1
966 73 6293 1
968 235 2180 0
968 166 355 0
969 212 1814 1
973 156 4576 0
974 8 3571 0
974 222 1814 1
974 78 1258 0
974 102 3961 0
976 186 5364 1
977 68 6136 1
978 59 355 0
978 159 5364 1
981 132 6247 0
981 133 5364 0
981 156 5313 1
984 81 978 1
985 214 1373 0
985 135 3790 0
986 117 1814 1
986 126 1876 1
988 222 1814 0
989 25 3404 0
991 177 6841 1
993 44 107 0
994 99 3314 0
996 119 2387 1
999 133 7018 1
1000 186 5364 0
1001 118 1903 0
1001 130 6772 0
1002 87 1424 1
1002 68 6136 0
1002 219 1373 0
1003 134 4885 0
1003 132 1814 1
1005 212 1814 0
1006 138 107 0
1007 8 6218 1
1009 166 5552 1
1011 118 978 1
1011 59 554 1
1011 68 5364 1
1012 186 844 1
1012 13 2504 1
1012 60 6885 0
1012 15 6101 1
1015 234 978 1
1016 209 4243 1
1017 38 7402 0
1018 120 1568 1
1019 162 3314 0
1020 34 6976 1
1022 102 2588 1
1023 221 107 1
1026 13 2504 0
1030 162 7012 1
1030 34 6976 0
1031 60 5847 1
1032 234 978 0
1034 238 6392 0
1037 235 4998 1
1037 200 1710 1
1039 195 700 0
1041 11 4885 1
1041 132 1814 0
1042 126 1876 0
1043 117 1814 0
1043 176 3155 0
1044 2 844 1
1044 130 894 1
1045 52 3314 1
1045 34 5364 1
1045 152 6293 0
1045 154 4327 0
1045 78 3561 1
1045 159 5364 0
1045 15 6101 0
1048 87 1424 0
1049 64 1361 0
1051 231 7157 0
1052 185 6485 0
1052 154 1426 1
1053 156 5313 0
1056 99 342 1
1056 78 3561 0
1056 3 3790 1
1059 162 7012 0
1060 213 3286 1
1060 232 4327 0
1064 132 5552 1
1064 213 3286 0
1064 48 700 0
1067 90 6772 0
1067 156 355 1
1068 120 1568 0
1068 68 5364 0
1069 23 3495 1
1072 102 2588 0
1073 221 107 0
1074 44 5187 1
1076 221 3286 1
1077 11 4885 0
1077 232 355 1
1078 132 5552 0
1080 23 3495 0
1080 156 355 0
1080 81 978 0
1081 60 5847 0
1084 214 1258 1
1084 72 6186 0
1085 52 3314 0
1088 152 1983 1
1089 99 342 0
1089 156 2361 1
1089 154 1426 0
1090 21 6365 1
1091 27 6885 1
1094 162 2588 1
1095 22 6293 1
1096 126 1983 1
1096 231 1258 1
1097 1 4327 0
1098 200 1710 0
1098 185 6505 1
1099 231 1258 0
1103 78 3286 1
1103 222 4757 1
1104 34 5364 0
1104 135 4327 1
1109 64 7034 1
1109 21 6365 0
1109 99 7402 1
1109 234 601 1
1110 175 5842 0
1111 166 5552 0
1112 159 2180 1
1113 231 1258 1
1113 129 107 1
1113 77 894 1
1114 182 7018 0
1114 166 3314 1
1115 44 5187 0
1117 126 1983 0
1117 221 3286 0
1121 166 3314 0
1122 59 554 0
1123 15 1992 1
1125 13 6365 1
1128 219 6606 1
1129 177 6841 0
1129 3 3790 0
1130 159 2180 0
1132 232 355 0
1132 64 7034 0
1133 41 1258 0
1136 1 7199 1
1137 155 700 0
1137 2 844 0
1138 130 894 0
1138 229 4998 1
1138 23 1361 1
1139 167 601 0
1140 13 6365 0
1140 44 5847 1
1141 15 1992 0
1144 241 4194 1
1146 90 5187 1
1147 181 6186 0
1149 219 6606 0
1150 118 978 0
1150 130 6606 1
1152 241 4194 0
1153 232 978 1
1156 162 2588 0
1160 186 844 0
1160 52 1602 1
1160 1 7199 0
1163 175 1258 1
1163 102 1053 1
1164 166 2180 1
1167 185 6505 0
1170 117 6885 1
1171 134 6485 1
1172 78 3286 0
1173 177 6505 1
1174 77 894 0
1176 214 1258 0
1179 1 3404 1
1179 222 4757 0
1181 200 6885 1
1181 235 4998 0
1182 90 5187 0
1187 187 700 0
1187 90 2436 1
1188 231 1258 0
1189 80 5211 0
1190 221 1373 1
1191 230 1361 0
1192 167 3155 1
1192 186 2550 1
1194 23 1361 0
1195 22 6293 0
1197 156 2361 0
1199 23 2361 1
1199 44 5847 0
1200 135 4327 0
1200 166 2180 0
1201 1 3404 0
1204 186 2550 0
1204 99 7402 0
1204 234 601 0
1205 87 7402 1
1207 177 6505 0
1208 167 3155 0
1209 130 6606 0
1210 159 6186 1
1210 155 6772 1
1211 43 1361 0
1211 235 6955 1
1217 157 3259 0
1217 59 6606 1
1218 159 6186 0
1218 117 6885 0
1220 44 3286 1
1222 209 4243 0
1222 52 1602 0
1224 200 6885 0
1224 102 1053 0
1224 154 700 1
1225 235 6955 0
1225 1 2361 1
1226 83 7157 0
1226 232 978 0
1229 195 3495 1
1229 133 7018 0
1229 117 3155 1
1229 214 3528 1
1229 13 107 1
1231 73 6293 0
1231 23 2361 0
1233 8 6218 0
1234 152 1983 0
1236 189 7157 0
1236 27 6885 0
1237 90 2436 0
1238 156 1424 1
1239 230 5271 1
1242 201 6365 0
1242 229 4998 0
1243 154 700 0
1244 129 107 0
1244 221 1373 0
1245 195 3495 0
1245 134 6485 0
1245 59 6606 0
1245 13 107 0
1246 175 1258 0
1247 117 3155 0
1250 1 2361 0
1252 119 2387 0
1252 129 3079 1
1252 156 1424 0
1253 87 7402 0
1254 44 3286 0
1255 230 5271 0
1255 155 6772 0
1258 214 3528 0
1259 129 3079 0
47
695 1013 3401
1000 1136 3259
585 836 7012
1032 1124 1814
599 1089 6365
613 743 5187
596 862 3577
831 1167 3267
726 905 6505
997 1162 4568
564 772 915
724 879 6320
585 686 700
618 733 554
606 811 3267
765 1117 4243
797 1062 3259
821 1135 4241
553 823 4885
717 951 3401
567 880 4327
1076 1257 7157
599 702 2357
628 1241 7012
769 868 5364
582 1060 4194
768 1251 4243
695 838 2180
609 748 355
684 825 6365
995 1209 4243
681 1128 3528
770 1002 1568
902 1010 6606
898 1132 3528
627 978 6769
650 777 5380
698 868 1568
775 1025 1102
608 749 1053
1007 1178 3244
1117 1253 1992
688 822 1710
690 875 147
730 1088 6627
759 1071 1903
694 989 5271
99 618
380
540 57 8 1
544 97 190 1
547 62 8 1
548 19 140 1
550 54 439 1
553 87 71 1
556 27 128 1
561 32 314 1
563 25 174 1
564 42 331 1
569 31 424 1
569 32 314 0
576 39 47 1
578 65 57 1
579 73 312 1
581 74 231 1
581 27 128 0
582 51 183 1
583 93 496 1
586 62 8 0
595 30 192 1
600 88 84 1
600 97 190 0
606 62 16 1
606 25 174 0
608 22 231 1
614 49 9 1
614 42 331 0
616 93 496 0
622 26 47 1
622 29 255 1
622 74 231 0
622 93 417 1
623 47 302 1
625 49 9 0
625 22 231 0
627 86 381 1
629 78 528 1
632 39 47 0
634 26 47 0
635 93 417 0
635 54 439 0
638 65 57 0
638 71 201 1
639 30 192 0
640 32 45 1
643 31 424 0
645 4 180 1
646 25 259 1
646 88 84 0
646 6 557 1
647 17 465 1
647 47 302 0
649 22 543 1
654 46 54 1
654 29 255 0
654 99 49 1
654 71 201 0
655 93 528 1
666 86 381 0
667 24 71 1
669 47 280 1
669 71 52 1
676 54 71 1
682 99 49 0
683 14 280 1
684 4 180 0
684 78 528 0
686 80 169 1
687 66 163 1
688 46 54 0
688 19 140 0
688 95 193 1
689 77 381 1
690 79 71 1
693 78 38 1
695 30 381 1
697 71 52 0
698 88 38 1
698 93 528 0
700 93 134 1
702 4 231 1
702 42 206 1
703 57 8 0
705 65 280 1
706 35 548 1
711 80 169 0
711 54 71 0
713 67 314 1
718 22 543 0
719 98 385 1
719 14 280 0
721 47 280 0
722 79 71 0
722 57 51 1
724 77 381 0
727 98 385 0
728 39 9 1
731 71 468 1
733 6 557 0
733 42 206 0
735 17 465 0
736 26 193 1
738 50 190 1
739 29 38 1
739 93 134 0
741 71 468 0
742 6 192 1
743 63 589 1
745 31 247 1
746 11 9 1
748 88 38 0
748 93 280 1
750 10 47 1
750 46 8 1
751 1 446 1
751 80 182 1
753 71 543 1
754 79 52 1
758 29 38 0
759 14 100 1
760 39 9 0
765 6 192 0
767 26 193 0
770 67 314 0
771 63 589 0
775 10 47 0
775 19 280 1
779 88 543 1
780 42 45 1
780 57 51 0
782 77 112 1
783 66 163 0
786 93 280 0
786 6 71 1
787 71 543 0
788 80 182 0
791 14 100 0
804 39 169 1
804 77 112 0
808 65 280 0
808 10 439 1
809 22 193 1
811 99 496 1
813 47 417 1
814 22 193 0
815 21 201 1
815 17 528 1
816 8 57 1
823 4 231 0
828 39 169 0
829 66 49 1
833 67 51 1
834 27 201 1
835 21 201 0
835 4 468 1
837 80 557 1
837 11 9 0
838 97 528 1
839 42 45 0
842 24 71 0
846 95 193 0
848 87 71 0
851 66 49 0
851 50 190 0
855 66 416 1
856 86 128 1
859 25 259 0
860 88 543 0
860 24 71 1
864 27 201 0
869 26 314 1
873 4 468 0
877 67 51 0
882 77 54 1
885 8 57 0
886 11 206 1
886 80 557 0
886 97 528 0
887 11 206 0
887 39 280 1
889 24 71 0
889 6 71 0
904 10 439 0
904 63 496 1
906 51 183 0
906 77 54 0
908 22 125 1
912 57 292 1
913 57 292 0
920 27 424 1
921 62 16 0
927 51 259 1
929 4 71 1
929 17 528 0
929 63 496 0
930 17 247 1
930 6 34 1
931 93 9 1
931 71 9 1
932 79 52 0
933 11 557 1
936 95 192 1
938 6 34 0
939 10 429 1
946 97 201 1
947 79 134 1
948 65 251 1
950 78 38 0
953 30 381 0
953 10 429 0
954 98 51 1
959 66 416 0
961 50 52 1
961 98 51 0
963 46 8 0
964 27 424 0
964 25 8 1
965 31 247 0
965 10 429 1
967 17 247 0
967 97 201 0
969 8 280 1
971 51 259 0
971 25 8 0
971 27 112 1
973 39 280 0
978 39 292 1
979 42 468 1
980 57 247 1
980 35 548 0
981 35 174 1
982 6 589 1
990 50 52 0
991 95 192 0
992 19 280 0
994 71 9 0
998 29 385 1
999 14 302 1
1001 86 128 0
1007 62 206 1
1007 78 543 1
1013 78 543 0
1014 99 496 0
1016 19 275 1
1020 10 429 0
1026 27 112 0
1030 27 557 1
1031 10 548 1
1032 71 528 1
1035 24 255 1
1035 6 589 0
1037 53 54 1
1040 42 468 0
1040 27 557 0
1042 79 134 0
1046 79 182 1
1048 27 259 1
1050 80 255 1
1050 62 206 0
1051 67 528 1
1053 86 251 1
1056 10 548 0
1056 87 183 1
1063 78 314 1
1063 19 275 0
1066 63 251 1
1069 62 112 1
1070 35 174 0
1072 87 183 0
1073 22 125 0
1074 27 259 0
1074 53 54 0
1078 97 180 1
1079 6 34 1
1081 86 251 0
1081 27 424 1
1083 11 557 0
1084 67 528 0
1084 97 180 0
1084 31 302 1
1085 19 589 1
1086 66 49 1
1087 6 34 0
1089 93 9 0
1091 10 47 1
1091 86 312 1
1091 98 275 1
1093 24 255 0
1099 21 112 1
1102 67 71 1
1103 87 206 1
1104 88 589 1
1104 79 182 0
1105 30 190 1
1109 17 183 1
1111 80 255 0
1111 39 292 0
1113 53 381 1
1114 6 71 1
1114 21 112 0
1117 19 589 0
1118 66 49 0
1124 22 16 1
1124 93 543 1
1127 66 9 1
1127 65 251 0
1130 65 182 1
1131 99 174 1
1131 62 112 0
1133 27 424 0
1134 73 312 0
1139 93 543 0
1143 98 275 0
1144 77 259 1
1144 97 190 1
1145 86 312 0
1145 93 34 1
1147 93 34 0
1148 30 190 0
1150 4 71 0
1150 97 190 0
1151 77 259 0
1152 87 206 0
1155 88 589 0
1157 71 528 0
1166 47 417 0
1166 98 292 1
1168 10 47 0
1168 35 465 1
1169 99 174 0
1172 1 446 0
1173 6 71 0
1174 46 417 1
1177 88 100 1
1180 30 275 1
1183 99 45 1
1185 57 247 0
1186 80 47 1
1186 87 163 1
1187 73 190 1
1188 14 302 0
1192 26 314 0
1196 67 71 0
1203 46 417 0
1204 22 16 0
1205 65 182 0
1206 79 543 1
1209 80 47 0
1209 21 259 1
1212 73 190 0
1212 99 45 0
1213 47 49 1
1213 29 385 0
1216 63 251 0
1217 30 275 0
1218 39 47 1
1218 87 163 0
1219 86 280 1
1219 53 381 0
1222 27 128 1
1223 32 45 0
1224 39 47 0
1226 78 314 0
1226 27 128 0
1227 35 465 0
1228 88 100 0
1229 66 9 0
1230 8 280 0
1230 47 49 0
1232 79 543 0
1232 21 259 0
1234 17 183 0
1238 31 302 0
1238 93 190 1
1246 86 280 0
1249 98 292 0
1252 6 496 1
1257 6 496 0
1260 93 190 0
44
1122 1213 57
663 767 589
648 934 183
875 1094 125
604 750 255
1004 1127 57
762 877 193
703 892 543
718 1090 134
771 866 52
658 987 424
1028 1124 468
795 1001 192
645 793 548
1044 1248 275
816 1006 259
958 1052 163
835 970 468
772 1152 125
870 984 192
547 642 548
845 1054 16
960 1116 134
1058 1257 300
746 932 140
732 1068 544
897 1150 543
650 784 424
872 1227 247
959 1089 280
602 737 174
934 1074 314
752 874 45
544 898 180
651 952 292
743 1055 416
551 682 52
1002 1161 134
678 1226 51
948 1200 417
754 942 95
628 1041 190
940 1110 275
590 759 302
735 9302
674
541 132 4236 1
545 42 6824 1
546 387 1241 1
550 517 718 1
551 229 435 1
553 59 7073 1
553 163 1481 1
555 129 1353 1
555 319 160 1
557 720 3539 1
557 229 435 0
560 547 8391 1
565 424 2614 1
565 698 8882 1
565 523 4573 1
567 704 3205 1
569 4 4718 1
570 95 7559 1
570 550 6824 1
570 627 1353 1
571 102 971 1
572 281 1657 1
572 184 7402 1
573 55 5963 1
573 586 4003 1
574 537 4003 1
578 319 160 0
581 129 1353 0
583 705 3489 1
583 714 2224 1
583 474 8701 1
583 449 7445 1
588 89 339 1
590 163 1481 0
591 277 8978 1
594 89 339 0
596 102 971 0
597 705 3489 0
599 544 5727 1
600 391 1481 1
601 681 6665 1
601 238 3539 1
602 129 8701 1
603 113 4236 1
604 314 1743 1
605 654 4003 1
607 178 6665 1
608 4 4718 0
608 113 4236 0
608 256 6903 1
609 662 718 1
609 523 4573 0
613 718 6538 1
613 654 4003 0
613 80 2224 1
614 720 3539 0
615 430 1263 1
616 184 7402 0
617 196 8882 1
618 319 1199 1
618 701 1650 1
618 459 1386 1
619 116 8701 1
619 321 5727 1
622 169 6960 1
623 662 718 0
624 257 8882 1
624 73 9286 1
625 407 7026 1
627 89 2374 1
628 419 3986 1
629 95 7559 0
630 474 8701 0
632 169 6960 0
633 606 2212 1
634 55 5963 0
634 517 718 0
635 325 4826 1
635 459 1386 0
635 132 4236 0
637 129 8701 0
638 517 1199 1
639 82 8464 1
642 680 4003 1
643 606 2212 0
644 196 8882 0
645 321 5727 0
647 357 3489 1
648 256 6903 0
651 107 2263 1
652 400 4125 1
652 89 2374 0
655 229 5963 1
656 237 160 1
656 68 2197 1
659 29 8701 1
661 215 8779 1
664 281 1657 0
664 465 5194 1
664 459 160 1
665 721 6008 1
666 606 8779 1
668 463 1958 1
669 593 1955 1
669 237 160 0
672 523 3986 1
673 434 194 1
673 547 8391 0
674 459 160 0
675 89 7138 1
686 169 1263 1
687 662 1353 1
688 731 971 1
689 59 7073 0
690 449 7445 0
690 441 7005 1
691 80 2224 0
694 465 5194 0
694 125 971 1
695 314 1743 0
696 25 488 1
701 184 1657 1
702 59 4573 1
703 99 6359 1
705 178 6665 0
706 129 7783 1
706 254 2839 1
706 314 1837 1
706 510 6665 1
707 503 8391 1
708 430 1263 0
709 705 996 1
709 132 6373 1
710 463 1958 0
711 586 4003 0
712 52 4003 1
712 626 718 1
714 137 8701 1
718 537 4003 0
718 593 1955 0
719 680 4003 0
720 701 1650 0
721 163 1386 1
721 491 1644 1
721 701 3986 1
721 107 2263 0
722 721 6008 0
723 544 5727 0
723 698 8882 0
723 15 2884 1
724 391 1481 0
724 42 6824 0
724 654 3960 1
724 441 7005 0
724 397 1650 1
728 129 7783 0
728 281 1955 1
728 197 696 1
730 89 7138 0
730 714 2224 0
730 449 9286 1
732 491 1644 0
732 397 1650 0
736 196 1657 1
736 419 3986 0
736 80 6538 1
738 387 1241 0
738 80 6538 0
741 105 2374 1
741 503 8391 0
741 419 6960 1
743 662 1353 0
745 196 1657 0
745 510 6665 0
747 720 2613 1
747 463 2509 1
748 339 3398 1
748 562 7989 1
751 627 1353 0
752 68 2197 0
754 701 3986 0
756 178 6506 1
758 325 4826 0
758 220 6696 1
758 407 7026 0
759 197 696 0
760 463 2509 0
761 463 2614 1
761 116 8701 0
762 277 8978 0
762 657 6903 1
763 474 8624 1
764 52 4003 0
764 60 2884 1
769 441 6779 1
769 662 1241 1
771 409 1263 1
771 626 718 0
771 402 6231 1
772 163 1386 0
774 718 6538 0
776 703 7026 1
776 196 2224 1
778 402 6231 0
778 544 996 1
779 314 1837 0
783 132 6373 0
785 254 2839 0
786 441 6779 0
787 407 6373 1
787 256 7670 1
787 169 1263 0
788 586 7073 1
790 430 2388 1
792 212 5194 1
792 178 6506 0
794 277 1345 1
796 447 1704 1
796 89 6812 1
798 562 7989 0
800 73 9286 0
800 137 8701 0
805 73 1650 1
805 52 1405 1
806 599 2509 1
807 690 7026 1
808 517 1199 0
809 105 2374 0
810 215 8779 0
810 563 7005 1
810 113 718 1
810 586 7073 0
812 314 6960 1
813 474 8624 0
815 197 3751 1
816 15 2884 0
818 82 8464 0
821 25 488 0
821 698 7559 1
822 544 996 0
824 184 1657 0
825 517 4125 1
825 698 7559 0
827 169 8355 1
828 465 7783 1
828 593 7402 1
829 4 3960 1
830 73 1650 0
831 430 2388 0
831 52 1405 0
832 105 6960 1
833 229 5963 0
833 563 7005 0
834 690 7026 0
834 586 316 1
834 196 2224 0
835 409 1263 0
836 169 8355 0
837 277 1345 0
840 430 1704 1
842 102 6373 1
842 238 3539 0
843 459 6960 1
844 419 6960 0
846 129 8701 1
846 212 5194 0
849 714 3651 1
851 387 199 1
851 254 8355 1
852 547 6231 1
852 60 2884 0
854 434 194 0
854 215 6231 1
854 314 6960 0
856 146 7559 1
857 197 3751 0
857 397 3489 1
857 254 8355 0
858 60 8155 1
859 28 8155 1
860 163 2263 1
860 131 5473 1
862 82 2884 1
862 657 6903 0
863 237 1405 1
863 73 1955 1
864 463 2614 0
865 363 2263 1
865 372 4806 1
867 714 3651 0
871 220 6696 0
872 680 8355 1
872 95 2263 1
875 125 971 0
876 409 696 1
876 503 696 1
877 82 2884 0
877 220 1481 1
877 149 6008 1
878 163 2263 0
878 131 5473 0
878 102 6373 0
880 517 4125 0
880 372 4806 0
881 102 6665 1
882 107 1241 1
882 703 7026 0
883 523 3986 0
883 424 2614 0
883 314 1199 1
886 42 6008 1
886 593 7402 0
888 705 996 0
889 4 3960 0
890 463 1345 1
890 714 3205 1
892 229 6359 1
892 163 316 1
893 441 1955 1
893 55 4806 1
894 563 1345 1
896 721 6439 1
896 197 5963 1
899 690 8391 1
900 80 6231 1
901 397 3489 0
902 107 1241 0
903 724 3651 1
904 196 4236 1
904 654 3960 0
905 52 4573 1
905 721 6439 0
907 146 7559 0
908 102 6665 0
908 95 2263 0
910 465 7783 0
910 42 6008 0
914 606 8779 0
915 419 5062 1
915 197 5963 0
916 137 2614 1
918 237 1405 0
918 681 6665 0
920 238 8701 1
920 95 4003 1
921 400 4125 0
922 671 6696 1
923 593 7073 1
923 563 1345 0
924 238 8701 0
926 163 316 0
927 102 7559 1
929 321 8779 1
931 277 6696 1
933 397 6373 1
933 125 2884 1
933 68 2487 1
934 28 8155 0
935 731 971 0
938 25 2613 1
938 419 5062 0
939 593 7073 0
939 196 4236 0
940 586 316 0
940 314 1199 0
943 184 3205 1
945 169 1548 1
945 503 696 0
945 586 3398 1
949 68 2487 0
950 510 4537 1
950 59 4573 0
950 29 8701 0
951 547 6231 0
952 169 1548 0
952 28 6812 1
954 550 6824 0
954 15 4003 1
954 731 996 1
954 229 6359 0
955 89 6812 0
957 537 4003 1
958 89 2212 1
959 102 7559 0
960 325 1907 1
961 731 996 0
961 59 6189 1
964 59 6189 0
967 256 7670 0
970 705 1263 1
972 430 1704 0
973 321 8779 0
974 102 4573 1
974 662 1241 0
975 627 8464 1
980 105 6960 0
980 95 4003 0
981 314 3883 1
982 99 6359 0
984 113 718 0
984 447 1704 0
987 363 2263 0
987 671 6696 0
988 196 7674 1
989 325 1907 0
994 387 199 0
996 400 2884 1
997 372 195 1
998 197 4003 1
998 681 2945 1
999 129 8701 0
1000 606 3960 1
1000 671 6779 1
1001 671 6779 0
1001 586 3398 0
1002 220 1481 0
1002 599 2509 0
1003 517 2839 1
1003 724 3651 0
1003 503 6359 1
1005 80 6231 0
1005 654 2197 1
1006 178 7445 1
1006 131 4806 1
1006 28 6812 0
1007 517 2839 0
1009 212 2839 1
1010 447 6965 1
1010 237 3687 1
1010 503 6359 0
1011 125 2884 0
1013 654 2197 0
1017 73 1955 0
1018 60 8155 0
1018 89 2212 0
1019 593 4826 1
1023 704 3205 0
1024 441 1955 0
1024 281 1955 0
1024 95 3651 1
1025 169 6008 1
1026 474 8978 1
1026 220 1704 1
1026 60 3273 1
1028 215 6231 0
1032 671 3687 1
1033 123 2224 1
1035 132 3489 1
1035 465 6979 1
1036 146 6903 1
1036 178 7445 0
1038 107 160 1
1038 705 1263 0
1040 523 6979 1
1040 52 4573 0
1040 701 1644 1
1041 680 8355 0
1042 132 3489 0
1043 178 2614 1
1044 544 7445 1
1044 80 5481 1
1044 149 6008 0
1044 633 2945 1
1045 15 4003 0
1046 441 7559 1
1046 80 5481 0
1046 113 3687 1
1047 550 4003 1
1047 662 7005 1
1048 662 7005 0
1050 197 4003 0
1050 314 3883 0
1051 169 6008 0
1052 419 7670 1
1054 474 8978 0
1054 178 2614 0
1057 15 5473 1
1060 627 8464 0
1061 537 4003 0
1061 99 2212 1
1062 463 1345 0
1064 657 8155 1
1065 593 4826 0
1065 721 6506 1
1066 703 971 1
1067 703 971 0
1067 238 6812 1
1068 107 160 0
1068 718 488 1
1068 703 7674 1
1069 281 1386 1
1070 28 8155 1
1071 123 2224 0
1074 325 316 1
1076 184 3205 0
1077 441 7559 0
1082 662 6696 1
1082 68 5727 1
1083 60 3273 0
1083 184 4907 1
1085 102 4573 0
1086 319 1199 0
1087 419 7670 0
1087 325 316 0
1087 441 195 1
1088 59 4125 1
1089 718 488 0
1090 339 3398 0
1090 397 6373 0
1092 89 3398 1
1093 474 195 1
1096 82 3883 1
1097 544 7445 0
1098 721 6506 0
1100 238 6812 0
1101 256 971 1
1102 441 195 0
1103 95 3651 0
1104 55 4806 0
1107 671 3687 0
1108 102 7445 1
1109 721 1199 1
1109 705 3539 1
1110 25 2613 0
1110 107 8978 1
1111 277 6696 0
1112 698 6812 1
1113 321 7402 1
1114 15 5473 0
1115 42 316 1
1115 430 6960 1
1116 606 3960 0
1116 29 1405 1
1117 184 4907 0
1118 4 2224 1
1120 99 2212 0
1121 402 8375 1
1121 107 8978 0
1121 146 6903 0
1121 149 718 1
1123 42 316 0
1123 357 3489 0
1123 113 3687 0
1123 52 2451 1
1124 681 2945 0
1126 633 2945 0
1128 196 7674 0
1128 129 3398 1
1128 123 3754 1
1131 4 2224 0
1132 465 6979 0
1132 215 7670 1
1133 339 4236 1
1134 116 7138 1
1135 434 7783 1
1136 132 4003 1
1137 662 6696 0
1138 116 7138 0
1138 701 1644 0
1139 163 6979 1
1140 720 2613 0
1140 129 3398 0
1140 73 6779 1
1143 123 3754 0
1146 149 718 0
1146 704 2839 1
1147 95 8779 1
1148 447 6965 0
1149 68 5727 0
1150 237 3687 0
1150 28 8155 0
1151 721 1199 0
1153 113 1955 1
1154 372 195 0
1155 402 8375 0
1156 256 971 0
1159 215 7670 0
1161 257 8882 0
1161 169 7445 1
1162 407 6373 0
1165 55 3751 1
1165 409 696 0
1165 105 160 1
1167 113 1955 0
1168 29 1405 0
1170 82 3883 0
1170 523 6979 0
1171 400 2884 0
1171 131 4806 0
1171 73 6779 0
1173 339 4236 0
1174 281 1386 0
1175 701 1650 1
1175 363 1644 1
1176 68 2597 1
1177 321 7402 0
1177 129 8624 1
1177 132 4003 0
1178 178 8464 1
1179 698 6812 0
1179 196 8391 1
1180 68 2597 0
1183 718 2374 1
1183 113 5062 1
1183 281 194 1
1184 314 2884 1
1185 99 2839 1
1186 703 7674 0
1187 657 8155 0
1189 215 4125 1
1190 363 1644 0
1191 55 3751 0
1191 314 2884 0
1192 391 8624 1
1193 449 9286 0
1193 387 3398 1
1194 718 2374 0
1194 459 6960 0
1194 705 3539 0
1194 724 2945 1
1194 281 194 0
1195 463 1955 1
1195 113 5062 0
1196 510 4537 0
1196 626 971 1
1196 129 8624 0
1196 704 2839 0
1198 626 971 0
1199 563 6189 1
1199 59 4125 0
1200 102 7445 0
1202 459 435 1
1203 215 4125 0
1204 163 6979 0
1205 197 7005 1
1205 95 8779 0
1206 325 6812 1
1206 474 195 0
1206 387 3398 0
1207 627 4537 1
1208 430 6960 0
1209 562 5963 1
1211 220 1704 0
1211 517 6960 1
1212 52 2451 0
1216 714 3205 0
1216 169 7445 0
1216 459 435 0
1218 463 1955 0
1218 690 8391 0
1218 434 7783 0
1220 196 8391 0
1224 724 2945 0
1226 178 8464 0
1227 314 971 1
1228 220 8391 1
1229 314 971 0
1230 325 6812 0
1233 550 4003 0
1234 220 8391 0
1235 627 4537 0
1236 465 6373 1
1236 105 160 0
1237 563 6189 0
1237 89 3398 0
1237 465 6373 0
1241 99 2839 0
1242 212 2839 0
1245 137 2614 0
1249 701 1650 0
1252 197 7005 0
1253 562 5963 0
1254 391 8624 0
1255 517 6960 0
24
806 1019 2414
786 923 779
927 1157 1405
560 685 3883
554 891 4907
849 943 2374
581 693 5963
621 861 1955
603 939 7445
547 699 7073
1117 1210 6008
755 880 7670
1116 1230 1704
815 1107 2263
945 1155 7783
1029 1247 6231
722 928 1548
992 1112 2374
650 983 8882
578 909 3273
666 886 2487
780 891 5473
841 1005 2263
875 1103 3751
324 7855
372
540 50 6791 1
541 15 6558 1
550 198 514 1
551 182 3982 1
552 182 3982 0
553 250 1465 1
556 87 87 1
560 133 4357 1
564 298 4199 1
564 247 5633 1
565 79 984 1
567 298 4199 0
567 78 5495 1
568 281 5542 1
569 63 2810 1
573 130 2778 1
574 247 5633 0
575 114 6536 1
578 23 4514 1
582 47 5746 1
583 50 6791 0
584 107 7111 1
586 83 5746 1
586 201 514 1
587 47 5746 0
589 47 984 1
591 133 4357 0
591 187 391 1
592 83 5746 0
598 149 6791 1
599 207 5495 1
601 106 552 1
602 268 4472 1
603 75 2778 1
605 63 2810 0
607 123 5633 1
608 123 5633 0
609 162 3645 1
612 182 436 1
613 133 5542 1
613 3 2810 1
614 191 5063 1
615 248 854 1
616 133 5542 0
619 100 3432 1
629 51 4743 1
634 68 962 1
636 182 436 0
637 165 5250 1
638 150 1007 1
644 256 7781 1
645 68 962 0
647 165 5250 0
648 201 514 0
649 47 984 0
650 298 3927 1
653 75 2778 0
655 50 1007 1
657 106 552 0
657 182 2778 1
658 220 6558 1
658 15 6558 0
660 23 4514 0
661 133 2810 1
662 238 2810 1
665 63 1465 1
665 133 2810 0
668 69 87 1
669 247 3956 1
669 187 391 0
669 3 2810 0
670 107 7111 0
674 131 5542 1
674 240 5746 1
678 77 1340 1
680 59 5746 1
683 87 87 0
685 84 6536 1
703 59 5746 0
704 107 3821 1
711 77 1340 0
714 43 4743 1
716 100 3432 0
716 51 4743 0
719 43 4743 0
721 84 6536 0
721 218 3645 1
722 47 5923 1
722 284 4093 1
724 18 436 1
726 83 6549 1
729 133 3483 1
730 129 514 1
730 142 3821 1
731 150 1007 0
733 78 5495 0
733 226 2096 1
733 268 4472 0
735 129 514 0
735 153 6791 1
736 69 87 0
737 298 3927 0
738 248 854 0
738 220 6558 0
739 162 3645 0
740 23 983 1
741 248 5633 1
742 270 5746 1
745 43 983 1
750 218 3645 0
751 286 436 1
752 129 3527 1
759 133 3483 0
760 23 983 0
760 256 7781 0
761 256 854 1
765 123 2096 1
770 153 6791 0
771 218 2449 1
774 247 3956 0
776 75 5633 1
779 106 1947 1
783 142 3821 0
784 256 854 0
785 84 2449 1
786 51 3483 1
789 215 3527 1
800 250 1465 0
800 247 984 1
802 59 436 1
804 298 5495 1
804 256 2449 1
805 47 5923 0
806 47 3722 1
807 162 4357 1
808 23 1007 1
809 201 3645 1
810 15 3956 1
811 100 2008 1
813 68 3639 1
814 201 3645 0
815 75 5633 0
816 50 1007 0
817 106 1947 0
819 51 3483 0
820 63 1465 0
822 68 3639 0
823 153 1340 1
825 150 4746 1
826 130 2778 0
827 298 5495 0
832 15 3956 0
833 87 3927 1
838 220 3645 1
838 248 5633 0
839 77 984 1
841 150 4746 0
845 47 3722 0
846 248 7111 1
847 68 4774 1
852 18 436 0
853 150 1297 1
860 100 2008 0
861 3 514 1
864 218 2449 0
864 75 4514 1
865 106 7108 1
868 130 984 1
869 226 2096 0
875 83 6549 0
877 107 3821 0
883 142 7111 1
884 247 984 0
888 50 391 1
890 298 514 1
893 150 1297 0
893 77 984 0
896 268 552 1
899 107 2008 1
908 18 1963 1
908 106 7108 0
908 107 2008 0
908 220 3645 0
911 191 5063 0
913 191 1465 1
913 106 3956 1
915 131 5542 0
918 298 514 0
920 23 1007 0
921 59 436 0
921 131 514 1
921 238 2810 0
921 286 436 0
923 79 984 0
925 133 552 1
929 133 552 0
930 247 3927 1
930 150 6650 1
933 63 6791 1
933 298 5250 1
933 131 514 0
935 59 983 1
935 238 1947 1
940 50 391 0
944 198 514 0
944 3 514 0
956 284 4093 0
956 59 983 0
962 240 5746 0
962 268 552 0
966 165 660 1
970 78 5249 1
974 191 1465 0
976 222 3130 1
976 153 1340 0
977 83 6650 1
977 77 3722 1
979 153 4472 1
983 238 1947 0
984 79 1947 1
990 222 3130 0
991 218 1947 1
991 153 4472 0
992 284 962 1
993 130 984 0
998 182 2778 0
1003 238 2238 1
1004 84 2449 0
1010 15 3130 1
1013 133 4774 1
1013 107 983 1
1013 77 3722 0
1015 191 6558 1
1016 84 1963 1
1017 84 1963 0
1018 165 660 0
1018 150 6650 0
1023 222 5923 1
1024 207 5495 0
1025 84 962 1
1027 106 3956 0
1028 59 3956 1
1033 130 854 1
1037 83 6650 0
1038 142 7111 0
1040 247 3927 0
1046 238 2238 0
1048 250 4774 1
1051 100 3927 1
1052 106 2778 1
1057 106 2778 0
1057 59 3956 0
1057 100 3927 0
1059 63 6791 0
1063 21 7781 1
1063 107 983 0
1063 187 2008 1
1066 100 5250 1
1067 222 5923 0
1069 281 5542 0
1070 191 6558 0
1070 142 6536 1
1072 63 3130 1
1073 18 1963 0
1074 43 983 0
1076 107 4514 1
1077 87 3927 0
1077 130 854 0
1078 68 4774 0
1079 100 5250 0
1081 3 2449 1
1081 207 5142 1
1082 142 6536 0
1084 247 3982 1
1086 75 4514 0
1087 21 7781 0
1089 130 5923 1
1093 198 660 1
1097 123 2096 0
1097 248 7111 0
1099 215 3527 0
1100 222 87 1
1103 222 87 0
1105 220 1340 1
1108 247 3982 0
1111 69 436 1
1113 187 2008 0
1113 247 4774 1
1114 47 962 1
1116 69 436 0
1117 130 5923 0
1117 286 4746 1
1119 286 4746 0
1119 131 3645 1
1120 50 3982 1
1121 23 1947 1
1124 247 4774 0
1126 77 6650 1
1129 68 5142 1
1130 150 6791 1
1131 182 2778 1
1135 129 3527 0
1136 198 660 0
1137 100 962 1
1142 83 3432 1
1144 123 3645 1
1145 133 4774 0
1145 162 4357 0
1148 114 6536 0
1151 198 4743 1
1151 150 6791 0
1152 150 5542 1
1153 220 1340 0
1153 84 962 0
1154 130 3982 1
1154 107 4514 0
1154 220 5250 1
1155 218 1947 0
1157 78 5249 0
1158 207 5142 0
1159 79 1947 0
1159 100 962 0
1160 298 5250 0
1162 133 1963 1
1164 182 2778 0
1170 47 962 0
1172 123 3645 0
1172 43 3639 1
1178 220 5250 0
1179 201 5063 1
1179 153 5633 1
1180 83 3432 0
1181 131 3645 0
1182 133 1963 0
1182 256 2449 0
1185 201 5063 0
1186 220 1947 1
1189 50 3982 0
1189 63 3130 0
1192 153 5633 0
1194 3 2449 0
1195 238 2778 1
1201 51 7781 1
1204 51 7781 0
1204 59 6549 1
1206 198 4743 0
1206 150 5542 0
1207 250 4774 0
1209 247 5253 1
1210 130 3982 0
1211 83 1007 1
1211 247 5253 0
1211 43 3639 0
1213 100 4746 1
1214 100 4746 0
1216 15 3130 0
1219 63 2096 1
1221 153 1297 1
1222 68 5142 0
1224 270 5746 0
1225 149 6791 0
1227 153 1297 0
1233 63 2096 0
1239 220 1947 0
1243 238 2778 0
1247 284 962 0
1251 77 6650 0
1254 23 1947 0
1255 21 854 1
1257 83 1007 0
1257 21 854 0
1259 59 6549 0
22
614 995 6536
843 957 436
808 947 1465
942 1205 4357
1113 1255 3722
878 1033 2096
1011 1220 7781
1072 1204 1947
1041 1165 4746
685 1053 2778
614 802 984
833 1038 3645
609 950 4774
569 1230 2831
599 721 3432
994 1096 4472
580 821 854
668 764 660
728 870 660
819 948 5063
820 1021 3982
810 951 3114
0 0
