0
58
96
154
117
0
110
113
39
0
25
158
0
0
169
0
170
8
142
0
0
0
0
0
19
25
349
16
118
0
149
152
90
108
5
0
179
0
0
48
136
68
11
207
0
0
102
0
0
1
0
0
0
78
101
265
0
47
26
166
160
0
134
55
0
206
0
139
0
193
52
122
6
0
118
0
129
0
0
0
18
0
0
0
120
46
0
24
258
165
32
0
84
122
116
95
44
12
55
87
108
87
0
38
165
48
0
76
82
0
0
0
21
0
300
130
4
140
122
39
1
104
13
40
109
244
0
113
66
24
0
0
41
0
0
0
91
182
87
136
0
93
95
127
20
0
0
0
333
0
0
18
127
0
381
78
46
203
0
155
27
132
2
314
188
70
103
0
97
0
146
0
0
92
0
0
