300
20 11 11 5 8 18 17 10 19 7 19 3 10 15 15 14 9 3 5 19 20 10 14 19 15 6 9 13 3 17 8 17 20 12 12 9 2 9 2 12 15 7 17 5 9 17 12 13 10 14 7 17 10 10 1 2 2 1 10 18 12 15 14 3 12 5 19 15 4 16 13 16 16 7 12 16 4 6 14 5 1 14 6 17 13 14 3 13 16 3 1 16 1 1 10 13 7 2 2 2 3 16 13 9 2 5 18 17 16 18 4 14 7 1 3 6 5 8 16 15 8 8 11 3 20 1 19 1 11 15 19 14 1 3 9 2 2 9 4 17 8 17 16 15 19 1 14 1 5 15 17 15 4 3 7 1 3 14 2 9 7 19 17 20 5 4 5 11 14 17 12 10 18 10 3 15 12 14 14 4 19 17 6 12 11 3 14 18 6 2 10 18 15 18 8 14 10 13 3 20 11 11 1 10 6 19 17 17 9 10 15 8 12 17 1 7 12 6 14 15 19 12 6 5 12 7 8 18 20 9 18 1 13 9 10 14 12 2 1 17 8 7 9 13 12 4 18 2 14 15 16 1 12 20 15 9 15 13 1 10 15 8 15 10 6 18 5 8 17 20 11 17 15 5 1 13 5 3 15 16 18 2 10 15 9 18 7 15 14 20 13 6 3 19 1 18 9 20 2 18
300
3 2 2 10 4 1 9 8 6 7 8 3 2 6 5 3 3 6 8 2 9 7 8 2 9 9 5 8 8 9 6 9 8 8 7 4 7 9 6 9 7 1 9 3 2 2 7 8 1 10 7 9 5 3 4 7 9 8 8 4 1 2 2 5 9 8 4 2 3 3 8 5 3 5 2 3 6 5 4 8 6 9 5 5 5 4 2 10 7 1 4 7 4 6 4 1 3 5 8 8 4 7 5 10 3 1 2 10 4 2 4 8 8 10 10 1 1 5 4 7 3 2 6 7 7 10 9 4 7 1 4 9 8 6 9 9 10 2 8 1 8 4 3 9 7 9 8 9 3 6 3 1 9 1 5 9 5 9 9 9 1 5 5 7 6 5 3 7 6 2 9 7 2 10 3 3 2 1 9 5 6 6 2 4 1 4 9 8 6 5 2 1 6 1 7 8 2 5 6 10 8 5 3 7 6 1 5 7 4 6 6 1 10 10 4 4 10 9 8 2 8 3 4 8 2 3 4 7 1 4 8 3 6 1 3 4 8 7 4 8 4 8 3 5 1 7 2 4 6 10 5 6 6 9 6 2 2 7 5 1 3 2 9 7 5 4 10 7 10 9 9 9 3 7 9 8 6 4 7 3 6 1 9 6 10 2 5 6 8 2 6 4 6 8 2 5 7 6 2 10
300
200 210 211 216 222 223 226 236 240 247 249 250 255 264 270 273 276 282 286 289 293 294 296 297 306 310 320 330 333 337 343 351 356 359 366 367 370 371 376 378 386 391 393 394 398 399 402 409 419 423 422 421 420 419 418 417 416 415 414 413 412 411 410 409 408 407 406 405 404 403 402 401 400 399 398 397 396 395 394 393 392 391 390 389 388 387 386 385 384 383 382 381 380 379 378 377 376 375 374 373 372 371 370 369 368 367 366 365 364 363 362 361 360 359 358 357 356 355 354 353 352 351 350 349 348 347 346 345 344 343 342 341 340 339 338 337 336 335 334 333 332 331 330 329 328 327 326 325 324 323 322 321 320 319 318 317 316 315 314 313 312 311 310 309 308 307 306 305 304 303 302 301 300 299 298 297 296 295 294 293 292 291 290 289 288 287 286 285 284 283 282 281 280 279 278 277 276 275 274 273 272 271 270 269 268 267 266 265 264 263 262 261 260 259 258 257 256 255 254 253 252 251 250 249 248 247 246 245 244 243 242 241 240 239 238 237 236 235 234 233 232 231 230 229 228 227 226 225 224 223 222 221 220 219 218 217 216 215 214 213 212 211 210 209 208 207 206 205 204 203 202 201 200 199 198 197 196 195 194 193 192 191 190 189 188 187 186 185 184 183 182 181 180 179 178 177 176 175 174 173
300
156 157 158 159 160 161 162 163 164 165 166 167 168 169 170 171 172 173 174 175 176 177 178 179 180 181 182 183 184 185 186 187 188 189 190 191 192 193 194 195 196 197 198 199 200 201 202 203 204 205 206 207 208 209 210 211 212 213 214 215 216 217 218 219 220 221 222 223 224 225 226 227 228 229 230 231 232 233 234 235 236 237 238 239 240 241 242 243 244 245 246 247 248 249 250 251 252 253 254 255 256 257 258 259 260 261 262 263 264 265 266 267 268 269 270 271 272 273 274 275 276 277 278 279 280 276 268 263 259 249 246 241 235 227 226 222 221 214 210 206 204 202 200 191 182 172 163 155 147 502 139 145 152 153 158 160 164 170 180 184 190 197 206 211 216 226 234 241 242 244 253 259 263 268 276 275 274 273 272 271 270 269 268 267 266 265 264 263 262 261 260 259 258 257 256 255 254 253 252 251 250 249 248 247 246 245 244 243 242 241 240 239 238 237 236 235 234 233 232 231 230 229 228 227 226 225 224 223 222 221 220 219 218 217 216 215 214 213 212 211 210 209 208 207 206 205 204 203 202 201 200 199 198 197 196 195 194 193 192 191 190 189 188 187 186 185 184 183 182 181 180 179 178 177 176 175 174 173 172 171 170 169 168 167 166 165 164 163 162 161 160 159 158 157 156 155 154 153 152 151
300
163 164 165 166 167 168 169 170 171 172 173 174 175 176 177 178 179 180 181 182 183 184 185 186 187 188 189 190 191 192 193 194 195 196 197 198 199 200 201 202 203 204 205 206 207 208 209 210 211 212 213 214 215 216 217 218 219 220 221 222 223 224 225 226 227 228 229 230 231 232 233 234 235 236 237 238 239 240 241 242 243 244 245 246 247 248 249 250 251 252 253 254 255 256 257 258 259 260 261 262 263 264 265 266 267 268 269 270 271 272 273 274 275 276 277 278 279 280 281 282 283 284 285 286 287 288 289 290 291 292 293 294 295 296 297 298 299 300 301 302 303 304 305 306 307 308 309 310 311 312 313 314 315 316 317 318 319 320 321 322 323 324 325 326 327 328 329 330 331 332 333 334 335 336 337 338 339 340 341 342 343 344 345 346 347 348 349 350 351 352 353 354 355 356 357 358 359 360 361 362 363 364 365 366 367 368 369 370 371 372 373 374 375 376 377 378 379 380 381 382 383 384 385 386 387 388 389 390 391 392 393 394 395 396 397 398 399 400 401 402 403 404 405 406 407 408 409 410 411 412 413 403 396 388 381 372 362 353 344 339 334 332 323 313 305 295 294 285 277 274 273 267 261 256 253 245 240 239 235 229 225 219 210 206 203 200 198 190 181 178 176 172 165 159 155 151 142 133 124 121
300
122 123 124 125 126 127 128 129 130 131 132 133 134 135 136 137 138 139 140 141 142 143 144 145 146 147 148 149 150 151 152 153 154 155 156 157 158 159 160 161 162 163 164 165 166 167 168 169 170 171 172 173 174 175 176 177 178 179 180 181 182 183 184 185 186 187 188 189 190 191 192 193 194 195 196 197 198 199 200 201 202 203 204 205 206 207 208 209 210 211 212 213 214 215 216 217 218 219 220 221 222 223 224 225 226 227 228 229 230 231 232 233 234 235 236 237 238 239 240 241 242 243 244 245 246 239 230 228 218 210 205 200 195 187 182 179 173 167 160 155 151 141 133 129 119 109 106 98 89 502 153 160 168 175 176 179 185 189 198 199 200 206 209 214 220 222 232 233 237 239 246 254 261 269 278 277 276 275 274 273 272 271 270 269 268 267 266 265 264 263 262 261 260 259 258 257 256 255 254 253 252 251 250 249 248 247 246 245 244 243 242 241 240 239 238 237 236 235 234 233 232 231 230 229 228 227 226 225 224 223 222 221 220 219 218 217 216 215 214 213 212 211 210 209 208 207 206 205 204 203 202 201 200 199 198 197 196 195 194 193 192 191 190 189 188 187 186 185 184 183 182 181 180 179 178 177 176 175 174 173 172 171 170 169 168 167 166 165 164 163 162 161 160 159 158 157 156 155 154 153
300
424 17 737 387 522 285 25 229 98 449 944 414 372 465 879 369 29 737 62 271 204 451 924 254 864 626 982 390 117 980 444 511 474 901 578 79 899 984 519 9 333 197 380 938 228 372 519 971 38 990 453 107 800 215 950 886 857 6 54 71 789 310 241 450 67 29 811 994 479 421 176 289 944 618 734 857 257 828 470 961 223 313 662 557 662 802 506 798 571 876 940 308 57 452 962 352 923 763 745 124 893 547 687 73 226 506 682 993 617 188 925 773 631 792 59 387 378 502 38 185 832 30 922 23 208 155 397 431 71 313 232 227 679 96 758 621 761 719 840 865 342 522 171 418 476 111 249 572 353 353 728 396 527 292 56 220 580 407 361 875 746 129 540 517 263 141 938 526 984 50 275 982 501 573 822 916 463 83 451 833 555 820 718 347 548 393 233 466 990 967 651 182 498 131 994 962 283 949 364 147 731 307 179 867 81 716 69 662 538 385 660 933 675 871 195 513 393 573 773 11 115 584 508 66 818 278 28 796 440 738 687 677 341 605 602 218 2 464 965 812 678 152 749 621 775 584 406 453 513 565 866 108 982 406 845 777 533 637 808 335 5 576 625 96 946 345 258 611 747 188 882 920 273 184 594 900 438 394 797 385 178 587 953 277 639 293 806 641 184 244 375 233 506 454 171 600 800 371 64 340
300
125 126 127 128 129 130 131 132 133 134 135 136 137 138 139 140 141 142 143 144 145 146 147 148 149 150 151 152 153 154 155 156 157 158 159 160 161 162 163 164 165 166 167 168 169 170 171 172 173 174 175 176 177 178 179 180 181 182 183 184 185 186 187 188 189 190 191 192 193 194 195 196 197 198 199 200 201 202 203 204 205 206 207 208 209 210 211 212 213 214 215 216 217 218 219 220 221 222 223 224 225 226 227 228 229 230 231 232 233 234 235 236 237 238 239 240 241 242 243 244 245 246 247 248 249 239 238 235 230 224 218 210 206 196 188 187 185 182 180 175 174 173 171 161 153 143 138 128 123 502 86 91 99 106 113 117 119 123 128 138 144 149 155 164 172 176 184 192 197 198 206 213 218 221 227 226 225 224 223 222 221 220 219 218 217 216 215 214 213 212 211 210 209 208 207 206 205 204 203 202 201 200 199 198 197 196 195 194 193 192 191 190 189 188 187 186 185 184 183 182 181 180 179 178 177 176 175 174 173 172 171 170 169 168 167 166 165 164 163 162 161 160 159 158 157 156 155 154 153 152 151 150 149 148 147 146 145 144 143 142 141 140 139 138 137 136 135 134 133 132 131 130 129 128 127 126 125 124 123 122 121 120 119 118 117 116 115 114 113 112 111 110 109 108 107 106 105 104 103 102
300
158 159 160 161 162 163 164 165 166 167 168 169 170 171 172 173 174 175 176 177 178 179 180 181 182 183 184 185 186 187 188 189 190 191 192 193 194 195 196 197 198 199 200 201 202 203 204 205 206 207 208 209 210 211 212 213 214 215 216 217 218 219 220 221 222 223 224 225 226 227 228 229 230 231 232 233 234 235 236 237 238 239 240 241 242 243 244 245 246 247 248 249 250 251 252 253 254 255 256 257 258 259 260 261 262 263 264 265 266 267 268 269 270 271 272 273 274 275 276 277 278 279 280 281 282 283 284 285 286 287 288 289 290 291 292 293 294 295 296 297 298 299 300 301 302 303 304 305 306 307 308 309 310 311 312 313 314 315 316 317 318 319 320 321 322 323 324 325 326 327 328 329 330 331 332 333 334 335 336 337 338 339 340 341 342 343 344 345 346 347 348 349 350 351 352 353 354 355 356 357 358 359 360 361 362 363 364 365 366 367 368 369 370 371 372 373 374 375 376 377 378 379 380 381 382 383 384 385 386 387 388 389 390 391 392 393 394 395 396 397 398 399 400 401 402 403 404 405 406 407 408 402 396 391 383 378 373 372 364 358 352 342 336 331 325 316 315 308 304 297 295 290 289 285 276 271 270 264 261 256 247 243 240 231 228 226 219 211 205 198 191 184 181 171 169 166 162 155 152 147
300
50 769 878 179 648 340 966 95 247 1000 940 98 115 669 987 891 171 485 467 613 130 514 349 686 756 687 593 72 136 935 573 756 668 537 547 863 933 404 553 410 859 735 816 987 634 286 322 590 952 534 938 885 445 537 916 227 866 871 305 740 402 759 46 824 620 70 664 4 321 386 546 560 926 442 443 228 232 635 239 515 225 631 615 568 671 869 808 828 46 345 255 945 114 451 361 490 209 377 948 873 636 63 132 386 993 564 601 165 316 182 63 944 449 934 857 138 336 510 702 578 691 229 873 829 438 69 681 655 43 535 30 64 942 440 254 465 533 790 653 174 192 320 366 819 674 569 419 157 607 689 857 111 717 948 893 922 788 468 565 454 219 773 212 52 943 491 714 572 923 338 197 920 940 467 959 759 445 246 56 491 640 301 891 840 154 902 121 571 691 244 830 716 421 476 373 599 962 118 817 821 543 959 933 65 163 150 428 607 970 656 404 89 570 106 426 422 178 768 350 408 149 482 315 434 632 345 907 392 981 252 962 386 234 206 593 549 345 498 396 312 163 869 355 205 107 308 664 912 320 444 63 947 462 397 626 315 821 800 270 237 837 805 464 866 341 682 818 113 523 358 713 530 449 444 332 442 388 85 899 488 702 864 519 429 73 663 684 571 655 932 8 594 863 965 706 516 994 877 557 11
300
3 8 2 2 3 3 6 6 7 4 1 2 10 9 2 4 2 4 4 6 4 9 5 8 7 6 4 10 10 5 6 4 2 2 4 1 2 8 6 7 2 10 4 8 8 7 6 7 3 8 4 8 10 10 8 9 4 1 3 5 7 7 10 10 5 5 1 10 5 2 6 3 2 1 8 3 6 9 10 1 6 8 5 1 1 2 6 7 9 4 9 3 5 10 4 2 7 7 6 7 7 9 6 3 6 1 7 5 10 8 8 2 10 1 6 9 1 5 9 10 7 6 6 4 10 5 1 1 9 1 6 3 9 2 6 3 6 10 9 2 7 2 1 7 2 1 4 7 4 8 3 6 4 4 7 1 6 2 8 1 2 3 10 5 8 5 2 5 1 3 2 10 1 9 8 9 10 7 3 6 3 6 4 6 4 7 6 1 6 5 3 9 3 9 6 5 1 4 3 2 7 8 8 6 7 10 10 6 5 10 10 9 7 3 8 10 1 10 10 3 7 8 3 7 10 9 6 4 2 9 2 10 2 7 10 1 7 9 10 8 4 3 1 5 7 1 7 6 2 3 10 5 6 4 2 7 3 6 3 3 3 5 3 3 5 2 9 10 9 9 4 1 8 8 4 8 6 9 9 5 6 8 4 8 1 8 3 2 8 10 10 7 10 9 6 1 4 6 1 1
300
113 114 115 116 117 118 119 120 121 122 123 124 125 126 127 128 129 130 131 132 133 134 135 136 137 138 139 140 141 142 143 144 145 146 147 148 149 150 151 152 153 154 155 156 157 158 159 160 161 162 163 164 165 166 167 168 169 170 171 172 173 174 175 176 177 178 179 180 181 182 183 184 185 186 187 188 189 190 191 192 193 194 195 196 197 198 199 200 201 202 203 204 205 206 207 208 209 210 211 212 213 214 215 216 217 218 219 220 221 222 223 224 225 226 227 228 229 230 231 232 233 234 235 236 237 236 235 229 223 218 214 211 204 196 188 183 182 181 176 166 165 161 157 153 145 135 132 125 117 502 178 185 195 197 199 207 217 221 222 226 236 246 249 250 256 264 267 271 277 285 287 293 300 308 318 317 316 315 314 313 312 311 310 309 308 307 306 305 304 303 302 301 300 299 298 297 296 295 294 293 292 291 290 289 288 287 286 285 284 283 282 281 280 279 278 277 276 275 274 273 272 271 270 269 268 267 266 265 264 263 262 261 260 259 258 257 256 255 254 253 252 251 250 249 248 247 246 245 244 243 242 241 240 239 238 237 236 235 234 233 232 231 230 229 228 227 226 225 224 223 222 221 220 219 218 217 216 215 214 213 212 211 210 209 208 207 206 205 204 203 202 201 200 199 198 197 196 195 194 193
300
4 2 1 2 4 4 4 3 3 1 3 2 4 3 1 3 2 2 1 4 2 3 3 2 4 4 2 1 1 2 2 4 2 3 3 4 3 2 4 4 3 3 1 4 4 3 3 4 3 3 3 1 2 4 3 4 1 3 1 2 3 1 3 3 4 4 3 2 4 3 4 2 4 2 4 4 3 1 1 2 3 2 3 2 3 3 2 1 1 4 3 1 1 3 3 2 2 1 4 4 2 2 1 1 4 1 2 3 4 3 3 4 3 1 3 2 2 2 3 4 1 3 2 3 3 1 4 2 3 1 3 3 2 4 3 3 1 4 3 1 4 4 3 4 1 2 4 2 2 1 2 2 3 2 4 3 2 2 3 1 2 2 4 1 3 4 1 3 2 2 2 1 1 3 3 4 1 3 4 4 4 3 3 3 2 3 3 1 2 3 1 3 4 2 3 1 1 1 3 2 4 1 2 3 2 4 3 4 3 4 1 1 1 3 2 3 4 3 3 2 1 3 4 1 2 2 3 3 3 4 3 2 1 4 4 1 4 1 3 3 2 1 4 2 2 3 2 4 3 1 2 3 3 3 1 1 2 1 1 2 2 4 1 3 1 1 3 4 2 3 4 3 1 3 4 1 1 4 4 1 1 3 1 3 2 1 1 1 4 1 1 4 4 1 2 2 4 2 1 4
300
12 16 13 16 5 7 18 9 15 12 6 20 13 2 18 9 3 14 2 1 4 19 7 16 19 5 17 2 7 4 6 11 3 8 16 17 11 10 5 17 12 14 1 9 13 1 18 9 13 15 20 5 20 1 17 9 16 18 5 8 4 17 4 1 12 11 19 14 20 10 18 13 9 16 13 9 15 4 8 20 11 9 3 15 1 3 11 11 8 6 6 13 6 15 17 12 12 16 8 13 4 8 12 8 2 12 18 10 1 19 14 16 9 18 20 11 9 11 6 11 19 9 6 6 5 1 5 19 20 3 9 19 19 16 8 5 3 10 14 1 16 16 1 11 11 18 20 14 14 5 18 9 10 12 18 12 17 9 8 14 20 17 20 16 11 3 13 7 10 17 4 4 18 3 2 3 1 13 15 4 14 18 20 2 11 13 16 14 12 5 13 8 1 19 1 4 19 2 10 19 19 20 9 17 6 2 13 7 4 5 11 1 7 19 16 17 9 14 2 20 2 12 16 4 7 7 14 9 4 14 15 6 3 12 4 12 7 13 17 20 16 5 3 3 17 3 2 17 2 6 15 1 9 4 10 10 20 13 13 13 14 6 2 2 10 13 14 4 12 7 20 4 2 14 4 5 20 16 5 10 1 16 1 9 20 19 3 8 11 1 6 14 14 19 5 14 14 9 13 19
300
902 876 583 774 574 362 850 560 491 288 803 803 324 54 451 631 83 508 480 73 17 42 737 3 724 926 552 125 715 92 469 958 391 855 355 338 898 489 753 355 412 47 519 739 947 468 491 87 777 725 249 761 600 46 856 653 948 941 80 694 585 549 344 423 197 643 990 150 216 207 60 728 811 829 312 541 466 32 665 837 355 624 224 9 904 308 128 281 411 681 618 142 43 818 732 455 432 845 761 943 282 881 975 930 868 208 241 205 797 767 578 859 7 588 817 513 299 131 851 870 767 689 891 359 635 549 142 284 177 852 709 235 21 699 973 163 255 354 20 192 327 475 452 807 57 664 992 522 676 579 157 224 36 385 275 938 141 659 917 76 749 847 576 682 866 675 770 397 14 602 510 424 713 675 47 7 804 153 357 805 960 325 171 2 354 845 378 382 44 183 111 847 314 859 520 628 7 497 908 435 672 831 766 655 640 614 20 325 440 550 904 354 99 225 508 7 391 77 138 923 643 196 863 718 23 384 604 127 422 885 70 288 57 849 391 50 954 134 512 260 602 820 214 408 670 60 216 66 419 625 609 416 251 172 932 131 812 932 687 77 497 97 756 852 227 846 483 124 817 370 140 462 398 353 850 185 753 168 586 952 610 764 398 977 663 22 49 601 510 252 241 501 495 844 676 609 457 433 286 388
300
191 192 193 194 195 196 197 198 199 200 201 202 203 204 205 206 207 208 209 210 211 212 213 214 215 216 217 218 219 220 221 222 223 224 225 226 227 228 229 230 231 232 233 234 235 236 237 238 239 240 241 242 243 244 245 246 247 248 249 250 251 252 253 254 255 256 257 258 259 260 261 262 263 264 265 266 267 268 269 270 271 272 273 274 275 276 277 278 279 280 281 282 283 284 285 286 287 288 289 290 291 292 293 294 295 296 297 298 299 300 301 302 303 304 305 306 307 308 309 310 311 312 313 314 315 312 304 300 294 292 285 279 271 268 264 256 250 246 242 235 225 216 213 210 209 200 192 190 188 502 136 143 144 152 160 166 174 179 183 186 195 201 211 215 216 226 234 238 240 245 253 256 259 268 278 277 276 275 274 273 272 271 270 269 268 267 266 265 264 263 262 261 260 259 258 257 256 255 254 253 252 251 250 249 248 247 246 245 244 243 242 241 240 239 238 237 236 235 234 233 232 231 230 229 228 227 226 225 224 223 222 221 220 219 218 217 216 215 214 213 212 211 210 209 208 207 206 205 204 203 202 201 200 199 198 197 196 195 194 193 192 191 190 189 188 187 186 185 184 183 182 181 180 179 178 177 176 175 174 173 172 171 170 169 168 167 166 165 164 163 162 161 160 159 158 157 156 155 154 153
300
169 596 884 931 301 256 413 591 377 794 467 736 241 198 600 466 908 690 649 573 197 693 325 121 517 696 482 17 867 471 576 896 778 585 734 352 708 68 954 626 95 990 74 641 994 62 513 695 555 125 170 581 99 79 539 611 173 747 515 521 541 938 886 618 273 582 139 300 720 735 842 462 473 482 191 739 644 171 495 608 815 887 995 720 790 623 791 364 536 261 211 802 303 650 400 357 793 592 399 283 690 674 384 711 342 424 321 457 798 841 220 191 628 828 47 450 67 653 176 453 362 800 365 250 972 558 882 758 373 406 111 952 492 936 267 592 300 127 998 204 52 416 664 425 80 515 696 418 200 168 358 615 233 864 955 829 578 643 651 338 295 740 608 46 888 242 204 951 607 765 676 995 27 634 771 360 400 814 605 164 400 729 735 793 179 658 537 636 280 810 248 101 401 767 55 695 288 554 13 44 829 378 33 248 733 389 228 213 588 499 530 513 88 762 645 811 962 624 551 125 512 543 658 590 785 705 992 326 365 929 607 134 391 375 651 336 457 466 308 843 877 491 313 827 647 306 793 992 531 559 932 439 223 672 185 341 889 974 702 551 576 301 1000 635 449 536 784 838 892 322 213 722 738 67 641 302 794 818 365 522 369 6 855 629 602 704 913 586 239 373 405 254 657 755 651 369 94 487 477 585
300
180 181 182 183 184 185 186 187 188 189 190 191 192 193 194 195 196 197 198 199 200 201 202 203 204 205 206 207 208 209 210 211 212 213 214 215 216 217 218 219 220 221 222 223 224 225 226 227 228 229 230 231 232 233 234 235 236 237 238 239 240 241 242 243 244 245 246 247 248 249 250 251 252 253 254 255 256 257 258 259 260 261 262 263 264 265 266 267 268 269 270 271 272 273 274 275 276 277 278 279 280 281 282 283 284 285 286 287 288 289 290 291 292 293 294 295 296 297 298 299 300 301 302 303 304 305 306 307 308 309 310 311 312 313 314 315 316 317 318 319 320 321 322 323 324 325 326 327 328 329 330 331 332 333 334 335 336 337 338 339 340 341 342 343 344 345 346 347 348 349 350 351 352 353 354 355 356 357 358 359 360 361 362 363 364 365 366 367 368 369 370 371 372 373 374 375 376 377 378 379 380 381 382 383 384 385 386 387 388 389 390 391 392 393 394 395 396 397 398 399 400 401 402 403 404 405 406 407 408 409 410 411 412 413 414 415 416 417 418 419 420 421 422 423 424 425 426 427 428 429 430 427 417 414 407 406 402 400 390 385 382 377 374 368 358 355 347 346 341 338 332 331 330 325 315 307 302 297 295 291 283 273 265 263 258 248 240 232 230 221 214 212 209 208 205 198 189 187 177 173
300
158 159 160 161 162 163 164 165 166 167 168 169 170 171 172 173 174 175 176 177 178 179 180 181 182 183 184 185 186 187 188 189 190 191 192 193 194 195 196 197 198 199 200 201 202 203 204 205 206 207 208 209 210 211 212 213 214 215 216 217 218 219 220 221 222 223 224 225 226 227 228 229 230 231 232 233 234 235 236 237 238 239 240 241 242 243 244 245 246 247 248 249 250 251 252 253 254 255 256 257 258 259 260 261 262 263 264 265 266 267 268 269 270 271 272 273 274 275 276 277 278 279 280 281 282 278 269 262 252 244 239 235 227 224 223 220 214 204 203 199 196 191 188 186 185 183 173 169 161 502 149 159 163 169 170 179 187 188 193 203 210 217 225 228 233 238 241 245 246 254 264 270 271 272 282 281 280 279 278 277 276 275 274 273 272 271 270 269 268 267 266 265 264 263 262 261 260 259 258 257 256 255 254 253 252 251 250 249 248 247 246 245 244 243 242 241 240 239 238 237 236 235 234 233 232 231 230 229 228 227 226 225 224 223 222 221 220 219 218 217 216 215 214 213 212 211 210 209 208 207 206 205 204 203 202 201 200 199 198 197 196 195 194 193 192 191 190 189 188 187 186 185 184 183 182 181 180 179 178 177 176 175 174 173 172 171 170 169 168 167 166 165 164 163 162 161 160 159 158 157
300
1 1 1 2 4 1 1 1 3 4 2 1 3 3 4 2 3 3 1 1 2 1 2 1 3 2 3 2 4 3 1 2 3 2 1 1 2 1 2 2 1 1 2 1 4 3 2 3 4 4 4 1 3 1 2 4 1 2 2 2 3 3 2 3 1 3 3 3 3 2 1 1 4 3 1 1 2 1 1 4 2 2 1 1 3 4 1 3 4 2 2 1 1 1 1 3 1 3 2 2 3 1 1 2 1 1 1 3 4 3 3 2 3 2 1 4 4 3 4 4 1 1 2 3 3 3 3 2 3 3 1 1 2 4 3 2 1 1 3 4 3 2 4 1 1 3 2 1 4 4 2 3 3 1 3 4 1 1 2 4 3 3 4 2 3 2 1 3 1 2 3 4 3 1 3 2 2 3 2 4 4 2 3 4 4 4 3 3 1 1 1 2 1 3 2 3 1 3 1 4 3 4 3 3 3 1 4 3 3 3 1 2 1 1 1 2 1 4 4 4 4 3 2 1 3 1 1 4 3 4 4 3 1 3 1 2 2 4 3 4 4 4 4 4 1 4 3 2 4 2 1 2 3 2 3 4 1 4 3 2 1 1 1 2 2 4 4 2 2 3 4 1 3 1 1 1 4 4 3 3 2 2 2 4 1 3 3 4 3 3 4 3 2 4 2 4 2 1 4 2
5
1 3 5 1 3
300
15 2 20 17 5 4 4 14 2 18 7 19 11 8 3 13 8 5 5 15 8 10 7 15 5 8 14 8 9 18 15 2 14 16 20 19 8 3 13 6 12 2 16 11 1 2 18 10 16 9 20 3 2 16 5 16 5 5 11 13 16 16 1 8 20 8 13 17 14 6 9 13 15 16 11 20 14 2 12 3 18 10 4 8 4 17 5 9 11 4 5 10 4 4 4 5 14 1 12 10 2 10 12 7 5 9 4 19 7 3 7 12 20 18 12 3 20 9 20 9 6 16 3 6 4 19 11 18 15 12 8 12 16 6 1 1 20 5 2 5 11 16 10 5 11 6 20 2 6 4 18 16 4 16 19 11 16 6 20 20 6 8 3 16 13 19 11 3 15 10 15 12 20 18 2 5 3 9 1 5 19 12 7 11 11 19 20 17 10 15 5 9 6 17 11 19 17 5 16 15 20 10 10 10 1 18 9 11 13 11 7 7 12 6 12 2 6 20 13 14 11 9 4 16 1 8 14 6 5 20 19 5 1 14 16 2 17 19 16 2 12 12 18 12 9 7 6 7 12 14 13 1 1 2 11 3 15 4 7 5 13 8 10 9 19 9 20 5 12 13 5 12 9 14 15 11 8 20 7 16 11 16 11 11 6 3 8 7 3 11 4 4 16 5 16 3 20 5 10 19
300
183 184 185 186 187 188 189 190 191 192 193 194 195 196 197 198 199 200 201 202 203 204 205 206 207 208 209 210 211 212 213 214 215 216 217 218 219 220 221 222 223 224 225 226 227 228 229 230 231 232 233 234 235 236 237 238 239 240 241 242 243 244 245 246 247 248 249 250 251 252 253 254 255 256 257 258 259 260 261 262 263 264 265 266 267 268 269 270 271 272 273 274 275 276 277 278 279 280 281 282 283 284 285 286 287 288 289 290 291 292 293 294 295 296 297 298 299 300 301 302 303 304 305 306 307 301 292 283 277 270 266 262 260 257 253 244 238 229 223 220 214 212 204 197 196 194 193 191 190 502 166 168 175 181 184 186 191 199 204 205 206 212 222 225 235 236 238 239 245 246 255 259 265 273 277 276 275 274 273 272 271 270 269 268 267 266 265 264 263 262 261 260 259 258 257 256 255 254 253 252 251 250 249 248 247 246 245 244 243 242 241 240 239 238 237 236 235 234 233 232 231 230 229 228 227 226 225 224 223 222 221 220 219 218 217 216 215 214 213 212 211 210 209 208 207 206 205 204 203 202 201 200 199 198 197 196 195 194 193 192 191 190 189 188 187 186 185 184 183 182 181 180 179 178 177 176 175 174 173 172 171 170 169 168 167 166 165 164 163 162 161 160 159 158 157 156 155 154 153 152
300
4 2 3 4 4 3 3 1 2 1 2 4 3 2 1 4 1 2 2 4 3 3 1 1 3 4 3 3 3 4 1 2 3 1 2 3 3 1 2 2 1 3 1 1 2 1 1 1 3 1 1 4 4 2 2 3 1 4 1 4 1 2 3 2 4 2 2 4 2 2 1 4 3 2 1 3 1 4 1 1 2 4 1 4 1 3 4 2 1 1 3 4 2 3 3 3 1 2 4 3 1 2 2 4 4 4 4 4 4 4 1 1 3 4 3 2 1 2 3 4 3 1 1 1 2 3 2 4 1 2 1 3 3 4 1 3 2 3 4 2 3 3 3 2 3 1 1 2 4 4 4 4 2 3 3 4 3 3 2 3 2 4 1 3 4 4 1 4 2 1 2 2 3 3 3 2 1 2 4 1 3 4 4 1 2 3 3 1 2 4 2 2 1 2 3 2 1 4 4 2 2 2 3 4 2 2 1 3 3 4 1 4 2 2 3 4 4 2 2 2 1 1 1 2 4 4 2 4 2 1 3 4 3 3 1 3 2 1 3 3 3 3 1 2 4 4 2 1 3 2 3 4 2 1 3 1 1 3 2 3 1 3 2 1 2 2 3 1 1 4 3 1 3 3 4 4 4 1 4 1 1 3 2 2 4 2 4 4 1 4 3 2 1 4 3 4 2 4 2 4
300
159 160 161 162 163 164 165 166 167 168 169 170 171 172 173 174 175 176 177 178 179 180 181 182 183 184 185 186 187 188 189 190 191 192 193 194 195 196 197 198 199 200 201 202 203 204 205 206 207 208 209 210 211 212 213 214 215 216 217 218 219 220 221 222 223 224 225 226 227 228 229 230 231 232 233 234 235 236 237 238 239 240 241 242 243 244 245 246 247 248 249 250 251 252 253 254 255 256 257 258 259 260 261 262 263 264 265 266 267 268 269 270 271 272 273 274 275 276 277 278 279 280 281 282 283 278 275 267 264 262 258 256 255 248 247 244 240 239 234 232 225 216 211 209 206 201 197 194 186 502 172 174 178 183 188 192 197 199 208 214 216 225 229 237 247 251 254 264 272 281 288 295 302 312 315 314 313 312 311 310 309 308 307 306 305 304 303 302 301 300 299 298 297 296 295 294 293 292 291 290 289 288 287 286 285 284 283 282 281 280 279 278 277 276 275 274 273 272 271 270 269 268 267 266 265 264 263 262 261 260 259 258 257 256 255 254 253 252 251 250 249 248 247 246 245 244 243 242 241 240 239 238 237 236 235 234 233 232 231 230 229 228 227 226 225 224 223 222 221 220 219 218 217 216 215 214 213 212 211 210 209 208 207 206 205 204 203 202 201 200 199 198 197 196 195 194 193 192 191 190
300
129 131 132 133 139 144 153 157 167 170 171 179 180 182 192 197 204 211 220 229 232 240 245 249 255 258 259 262 264 274 279 286 290 300 303 310 311 315 322 329 334 342 352 358 359 363 373 380 388 393 392 391 390 389 388 387 386 385 384 383 382 381 380 379 378 377 376 375 374 373 372 371 370 369 368 367 366 365 364 363 362 361 360 359 358 357 356 355 354 353 352 351 350 349 348 347 346 345 344 343 342 341 340 339 338 337 336 335 334 333 332 331 330 329 328 327 326 325 324 323 322 321 320 319 318 317 316 315 314 313 312 311 310 309 308 307 306 305 304 303 302 301 300 299 298 297 296 295 294 293 292 291 290 289 288 287 286 285 284 283 282 281 280 279 278 277 276 275 274 273 272 271 270 269 268 267 266 265 264 263 262 261 260 259 258 257 256 255 254 253 252 251 250 249 248 247 246 245 244 243 242 241 240 239 238 237 236 235 234 233 232 231 230 229 228 227 226 225 224 223 222 221 220 219 218 217 216 215 214 213 212 211 210 209 208 207 206 205 204 203 202 201 200 199 198 197 196 195 194 193 192 191 190 189 188 187 186 185 184 183 182 181 180 179 178 177 176 175 174 173 172 171 170 169 168 167 166 165 164 163 162 161 160 159 158 157 156 155 154 153 152 151 150 149 148 147 146 145 144 143
300
128 135 136 141 144 147 148 156 161 165 173 180 181 186 191 199 204 208 215 218 225 232 242 250 258 261 266 268 270 274 283 291 300 306 310 320 326 329 336 340 348 353 359 360 362 366 370 379 382 388 387 386 385 384 383 382 381 380 379 378 377 376 375 374 373 372 371 370 369 368 367 366 365 364 363 362 361 360 359 358 357 356 355 354 353 352 351 350 349 348 347 346 345 344 343 342 341 340 339 338 337 336 335 334 333 332 331 330 329 328 327 326 325 324 323 322 321 320 319 318 317 316 315 314 313 312 311 310 309 308 307 306 305 304 303 302 301 300 299 298 297 296 295 294 293 292 291 290 289 288 287 286 285 284 283 282 281 280 279 278 277 276 275 274 273 272 271 270 269 268 267 266 265 264 263 262 261 260 259 258 257 256 255 254 253 252 251 250 249 248 247 246 245 244 243 242 241 240 239 238 237 236 235 234 233 232 231 230 229 228 227 226 225 224 223 222 221 220 219 218 217 216 215 214 213 212 211 210 209 208 207 206 205 204 203 202 201 200 199 198 197 196 195 194 193 192 191 190 189 188 187 186 185 184 183 182 181 180 179 178 177 176 175 174 173 172 171 170 169 168 167 166 165 164 163 162 161 160 159 158 157 156 155 154 153 152 151 150 149 148 147 146 145 144 143 142 141 140 139 138
300
904 761 597 805 347 197 183 354 688 935 897 816 398 165 300 414 260 522 752 252 528 41 642 381 664 997 754 774 464 722 370 789 108 998 69 730 743 848 395 200 928 374 354 359 28 683 578 184 760 45 529 837 932 193 219 328 939 119 447 688 455 408 318 633 761 882 886 53 990 661 326 981 649 948 802 426 302 186 695 169 295 336 447 80 857 474 554 957 556 236 702 517 942 516 625 25 958 677 82 703 714 727 352 973 435 609 350 505 709 510 180 292 147 382 393 593 240 166 704 265 651 252 909 230 735 665 508 555 572 818 230 959 254 24 391 345 153 136 136 453 334 521 444 834 981 446 752 768 795 659 823 254 66 780 608 756 21 718 308 358 175 160 690 337 658 685 869 474 54 178 812 98 914 153 608 591 244 464 352 237 53 931 824 172 819 719 119 534 786 948 885 551 54 415 48 885 661 89 778 784 433 987 536 816 810 221 55 509 166 277 945 28 647 828 359 810 904 133 884 92 431 816 582 859 592 493 459 260 231 813 430 264 509 777 131 852 34 162 362 274 36 350 108 208 901 998 992 660 815 897 127 428 881 996 382 133 236 478 120 400 2 355 241 589 157 944 184 749 873 160 473 606 600 496 327 959 942 218 833 9 672 972 827 858 196 92 322 202 623 752 819 788 568 359 906 152 918 200 357 570
4
1 2 3 1
300
75 160 521 309 376 135 857 925 766 148 249 841 150 538 907 855 584 774 582 424 460 950 605 952 302 566 92 570 226 869 555 144 370 817 166 223 787 327 346 456 890 276 488 12 258 288 746 570 742 193 127 737 908 35 914 229 17 471 970 341 431 746 219 784 63 53 503 628 840 496 230 728 740 518 754 534 745 605 41 597 26 20 606 646 824 194 47 385 935 52 881 904 814 916 667 669 916 866 436 830 554 255 415 686 570 479 705 672 600 150 168 290 377 264 862 421 206 145 42 330 917 768 593 907 668 539 488 577 640 64 204 789 82 490 378 591 646 501 188 7 608 427 294 543 824 716 846 633 338 930 823 299 634 576 732 572 224 194 867 284 407 953 352 641 218 782 667 536 168 788 751 60 297 880 179 779 506 449 53 972 15 717 151 42 807 637 450 665 295 533 108 192 512 774 899 417 37 460 874 918 570 700 521 388 371 683 505 830 99 110 472 838 274 594 327 66 47 698 332 905 286 841 640 127 96 32 675 67 923 542 936 218 771 646 736 429 417 81 50 898 410 682 67 707 988 641 527 596 324 783 918 651 325 807 561 857 57 565 602 584 173 979 217 838 296 885 571 787 195 213 81 700 407 443 635 930 819 845 405 815 279 430 455 688 671 765 457 134 312 887 42 401 771 55 724 782 733 565 296 989
5
5 1 2 3 6
300
4 3 2 4 4 2 1 1 2 4 3 3 2 4 1 3 1 1 4 2 4 4 3 3 1 1 2 1 1 4 4 3 3 2 1 3 3 3 4 3 3 1 3 4 2 1 4 3 3 1 3 4 4 3 3 3 3 2 3 3 3 1 1 1 1 4 1 2 3 4 2 2 3 2 2 2 4 1 4 2 1 2 1 2 4 3 1 2 2 4 2 4 1 4 1 1 1 3 2 4 4 1 2 3 2 1 2 1 1 3 4 4 4 4 2 1 1 1 1 2 2 1 4 3 2 4 2 3 4 1 1 1 4 1 1 1 1 3 4 4 3 2 3 3 3 3 4 3 4 2 2 3 2 3 4 1 1 2 2 1 4 1 1 2 1 1 3 1 2 4 4 1 2 4 1 3 1 1 4 1 2 4 2 2 4 1 2 3 3 2 4 1 4 3 1 3 4 2 3 1 1 2 1 3 1 2 2 2 2 1 3 1 3 2 4 3 4 2 1 1 3 4 2 3 4 2 3 3 3 2 4 2 3 2 2 2 3 2 2 1 3 3 1 2 2 2 1 3 2 4 3 3 4 4 1 4 2 1 4 1 2 2 1 2 1 3 3 3 4 1 2 3 4 4 4 4 1 3 2 2 3 3 4 2 3 2 3 1 1 1 3 3 4 2 1 3 3 3 1 4
300
152 153 154 155 156 157 158 159 160 161 162 163 164 165 166 167 168 169 170 171 172 173 174 175 176 177 178 179 180 181 182 183 184 185 186 187 188 189 190 191 192 193 194 195 196 197 198 199 200 201 202 203 204 205 206 207 208 209 210 211 212 213 214 215 216 217 218 219 220 221 222 223 224 225 226 227 228 229 230 231 232 233 234 235 236 237 238 239 240 241 242 243 244 245 246 247 248 249 250 251 252 253 254 255 256 257 258 259 260 261 262 263 264 265 266 267 268 269 270 271 272 273 274 275 276 271 262 253 245 240 231 224 219 216 210 206 205 197 190 184 178 173 172 167 162 153 146 142 140 502 164 166 175 183 189 191 193 200 203 213 220 226 230 236 241 243 247 248 251 258 263 265 271 278 282 281 280 279 278 277 276 275 274 273 272 271 270 269 268 267 266 265 264 263 262 261 260 259 258 257 256 255 254 253 252 251 250 249 248 247 246 245 244 243 242 241 240 239 238 237 236 235 234 233 232 231 230 229 228 227 226 225 224 223 222 221 220 219 218 217 216 215 214 213 212 211 210 209 208 207 206 205 204 203 202 201 200 199 198 197 196 195 194 193 192 191 190 189 188 187 186 185 184 183 182 181 180 179 178 177 176 175 174 173 172 171 170 169 168 167 166 165 164 163 162 161 160 159 158 157
300
123 124 125 126 127 128 129 130 131 132 133 134 135 136 137 138 139 140 141 142 143 144 145 146 147 148 149 150 151 152 153 154 155 156 157 158 159 160 161 162 163 164 165 166 167 168 169 170 171 172 173 174 175 176 177 178 179 180 181 182 183 184 185 186 187 188 189 190 191 192 193 194 195 196 197 198 199 200 201 202 203 204 205 206 207 208 209 210 211 212 213 214 215 216 217 218 219 220 221 222 223 224 225 226 227 228 229 230 231 232 233 234 235 236 237 238 239 240 241 242 243 244 245 246 247 244 235 229 221 215 211 207 197 193 184 182 174 172 166 164 154 147 140 134 129 127 125 115 105 502 178 183 191 198 206 215 216 220 221 222 224 231 235 240 246 254 256 260 262 268 276 283 285 290 296 295 294 293 292 291 290 289 288 287 286 285 284 283 282 281 280 279 278 277 276 275 274 273 272 271 270 269 268 267 266 265 264 263 262 261 260 259 258 257 256 255 254 253 252 251 250 249 248 247 246 245 244 243 242 241 240 239 238 237 236 235 234 233 232 231 230 229 228 227 226 225 224 223 222 221 220 219 218 217 216 215 214 213 212 211 210 209 208 207 206 205 204 203 202 201 200 199 198 197 196 195 194 193 192 191 190 189 188 187 186 185 184 183 182 181 180 179 178 177 176 175 174 173 172 171
300
5 8 7 2 10 6 8 7 6 3 3 2 4 2 1 7 5 9 2 5 9 10 1 9 7 9 10 9 3 9 6 10 3 3 4 5 6 6 7 1 10 2 10 2 7 8 9 7 3 1 5 2 10 10 6 7 3 9 3 1 4 4 2 5 10 6 3 7 8 7 1 7 6 4 7 5 1 3 1 8 9 6 9 7 4 6 2 2 6 4 2 6 10 8 1 8 3 10 8 3 6 1 2 7 1 7 3 8 6 5 7 10 2 2 2 5 1 4 10 3 3 1 5 4 7 8 5 3 9 5 6 3 4 7 6 2 8 6 7 8 9 6 7 8 7 1 6 6 1 4 1 2 8 6 7 5 9 3 6 8 8 2 6 3 7 6 1 1 1 1 3 10 5 1 4 5 3 9 4 4 4 6 9 5 10 10 9 6 4 2 2 5 6 1 2 5 6 3 10 8 5 10 3 3 4 9 7 4 3 2 3 5 3 6 6 3 10 4 10 10 3 2 10 2 2 8 1 4 8 1 9 5 3 6 8 5 9 2 10 2 4 4 8 3 9 3 10 6 3 10 2 5 2 9 10 7 7 8 8 7 4 10 9 10 7 2 3 5 2 6 9 10 1 4 4 10 10 4 8 10 10 3 5 10 3 6 3 7 8 10 2 10 1 4 10 5 3 9 9 7
300
240 789 453 750 104 326 162 705 418 816 82 104 956 853 343 689 517 305 920 232 291 987 969 653 832 213 748 698 562 405 958 842 38 821 230 529 793 497 998 973 832 529 27 254 332 497 723 548 666 347 732 435 554 980 626 573 49 540 470 535 909 356 735 791 484 34 538 82 509 160 593 58 122 884 337 93 943 232 501 350 493 309 217 95 57 236 515 119 145 885 797 667 740 13 930 633 55 251 982 978 539 347 848 830 395 962 7 293 208 483 845 114 68 385 479 566 394 19 870 336 43 676 70 41 444 974 456 641 370 528 176 934 775 3 590 809 610 111 144 330 541 629 894 901 586 128 228 493 198 128 598 136 731 613 708 463 207 880 545 10 671 397 274 252 417 546 192 317 474 701 921 602 717 549 244 515 446 20 64 990 400 953 154 251 964 883 898 555 623 750 821 384 795 702 173 503 637 504 742 384 406 591 594 181 613 962 252 12 911 360 553 503 781 997 974 545 718 421 674 65 855 179 556 262 993 916 439 641 824 93 787 85 251 108 682 568 128 900 203 846 607 767 236 961 289 60 38 284 108 370 849 287 57 691 670 506 631 175 480 980 447 32 191 123 377 486 234 489 746 528 500 880 658 99 724 935 19 62 367 640 65 358 993 621 836 617 677 493 485 729 692 657 183 427 613 205 532 180 274 809
300
4 3 8 1 2 6 1 8 10 1 5 5 2 6 10 2 7 9 8 8 1 4 10 3 5 4 4 3 1 8 5 9 3 2 9 1 5 5 6 7 3 5 1 6 8 4 10 10 4 6 2 4 1 7 5 10 9 2 10 1 1 8 7 5 9 9 1 10 7 4 8 9 1 2 3 9 2 3 3 2 6 3 2 2 9 8 7 1 7 7 5 2 4 6 8 8 1 10 4 5 1 7 5 1 7 9 3 5 5 3 5 4 2 2 4 4 4 10 7 10 7 2 2 9 10 1 5 5 9 9 9 9 7 3 4 3 9 4 6 8 5 4 8 8 3 2 2 3 3 9 4 3 3 2 10 6 9 4 7 4 5 1 8 7 5 1 9 2 8 2 7 5 10 10 1 7 6 7 9 1 8 2 10 2 4 9 7 9 7 6 6 4 4 5 4 2 1 8 7 7 3 10 2 10 8 4 4 3 7 2 7 7 2 3 10 2 6 6 5 10 7 3 6 5 2 10 1 8 5 6 4 8 3 4 2 8 6 8 10 1 2 9 6 6 8 9 2 8 5 3 1 8 8 7 1 5 2 10 9 1 6 5 9 6 2 7 5 4 4 10 10 2 9 1 10 2 4 9 8 4 7 1 9 9 9 6 5 9 1 3 8 10 10 9 8 6 3 7 3 6
300
138 139 140 141 142 143 144 145 146 147 148 149 150 151 152 153 154 155 156 157 158 159 160 161 162 163 164 165 166 167 168 169 170 171 172 173 174 175 176 177 178 179 180 181 182 183 184 185 186 187 188 189 190 191 192 193 194 195 196 197 198 199 200 201 202 203 204 205 206 207 208 209 210 211 212 213 214 215 216 217 218 219 220 221 222 223 224 225 226 227 228 229 230 231 232 233 234 235 236 237 238 239 240 241 242 243 244 245 246 247 248 249 250 251 252 253 254 255 256 257 258 259 260 261 262 263 264 265 266 267 268 269 270 271 272 273 274 275 276 277 278 279 280 281 282 283 284 285 286 287 288 289 290 291 292 293 294 295 296 297 298 299 300 301 302 303 304 305 306 307 308 309 310 311 312 313 314 315 316 317 318 319 320 321 322 323 324 325 326 327 328 329 330 331 332 333 334 335 336 337 338 339 340 341 342 343 344 345 346 347 348 349 350 351 352 353 354 355 356 357 358 359 360 361 362 363 364 365 366 367 368 369 370 371 372 373 374 375 376 377 378 379 380 381 382 383 384 385 386 387 388 387 383 378 377 373 370 368 364 361 354 352 345 335 331 328 326 319 318 310 302 298 295 292 282 274 268 265 255 252 244 240 234 227 217 210 200 197 196 195 194 193 183 182 178 175 167 158 154 145
14
8 7 1 4 3 5 4 1 6 8 10 4 6 5
300
104 105 106 107 108 109 110 111 112 113 114 115 116 117 118 119 120 121 122 123 124 125 126 127 128 129 130 131 132 133 134 135 136 137 138 139 140 141 142 143 144 145 146 147 148 149 150 151 152 153 154 155 156 157 158 159 160 161 162 163 164 165 166 167 168 169 170 171 172 173 174 175 176 177 178 179 180 181 182 183 184 185 186 187 188 189 190 191 192 193 194 195 196 197 198 199 200 201 202 203 204 205 206 207 208 209 210 211 212 213 214 215 216 217 218 219 220 221 222 223 224 225 226 227 228 220 218 212 202 196 188 187 183 179 173 164 163 154 145 141 135 130 124 120 110 104 97 91 87 502 171 176 186 195 203 212 217 222 227 228 232 236 241 251 259 261 262 263 265 272 282 292 296 299 301 300 299 298 297 296 295 294 293 292 291 290 289 288 287 286 285 284 283 282 281 280 279 278 277 276 275 274 273 272 271 270 269 268 267 266 265 264 263 262 261 260 259 258 257 256 255 254 253 252 251 250 249 248 247 246 245 244 243 242 241 240 239 238 237 236 235 234 233 232 231 230 229 228 227 226 225 224 223 222 221 220 219 218 217 216 215 214 213 212 211 210 209 208 207 206 205 204 203 202 201 200 199 198 197 196 195 194 193 192 191 190 189 188 187 186 185 184 183 182 181 180 179 178 177 176
300
5 8 7 10 9 6 10 5 10 1 10 2 1 9 2 9 1 6 3 10 3 2 3 9 1 1 6 8 7 2 7 5 9 1 3 7 6 9 10 7 2 3 7 7 8 2 5 6 6 4 7 7 1 2 9 3 6 8 8 3 1 4 7 7 3 2 7 6 7 4 10 7 4 6 10 9 3 8 3 10 7 4 7 8 2 9 1 8 3 9 5 1 3 4 7 10 9 9 1 4 7 8 4 8 1 10 5 3 6 10 3 2 9 4 7 3 10 2 9 1 5 3 5 8 1 9 7 9 4 10 9 1 7 1 6 1 6 7 9 1 1 8 1 2 5 4 6 9 8 1 9 10 9 6 7 3 2 5 2 3 1 8 5 6 9 7 5 7 6 5 1 6 5 2 6 1 5 1 7 10 4 8 1 4 3 9 2 2 6 7 4 7 3 4 2 1 8 3 8 10 3 3 4 5 8 7 8 10 1 6 1 5 10 4 10 4 1 7 6 9 1 6 7 8 1 6 3 3 5 4 5 6 4 7 10 8 4 7 5 7 7 10 7 8 9 1 10 2 1 8 2 3 2 1 4 2 1 2 9 6 2 6 4 3 7 3 5 7 8 3 6 10 10 1 6 2 2 1 9 4 6 10 10 8 4 7 2 8 9 10 9 7 7 7 4 3 10 2 7 2
300
44 27 853 869 385 314 116 650 358 699 595 42 2 627 693 886 192 760 471 221 435 548 149 443 797 501 64 24 904 263 288 734 534 294 96 631 663 891 676 966 895 683 237 429 880 770 378 45 92 598 959 183 767 741 666 302 152 602 461 916 324 325 668 746 89 21 572 809 89 889 707 10 677 323 564 199 608 605 3 11 449 835 400 334 718 395 231 167 871 173 441 403 721 435 26 889 691 417 475 703 641 286 464 380 796 451 495 787 764 441 592 929 427 68 490 470 760 141 108 603 463 709 583 396 648 877 817 651 886 954 188 851 510 250 609 148 981 870 794 358 688 231 444 716 582 962 300 16 802 102 800 193 696 983 609 765 340 474 717 266 920 72 635 23 907 292 207 546 31 209 739 658 977 649 288 761 830 855 870 525 618 173 278 801 911 684 962 193 742 234 993 881 228 929 396 951 847 182 720 715 195 495 70 489 630 677 815 606 641 31 324 512 579 202 799 489 322 464 49 601 646 551 395 42 649 148 537 948 55 609 575 272 459 284 461 418 444 925 278 122 936 389 416 656 946 835 478 461 173 389 805 682 620 796 972 162 460 429 427 586 660 567 901 41 934 677 510 929 285 933 125 315 136 136 574 93 758 945 715 102 482 209 625 627 704 716 231 972 469 931 120 45 608 53 913 523 553 626 626 815
300
8 6 7 2 10 10 1 8 10 4 4 3 4 3 4 5 10 5 2 4 1 5 1 6 3 3 7 3 1 2 9 8 5 4 2 8 8 9 2 9 4 5 5 6 1 6 10 9 4 9 1 7 8 4 4 1 7 10 10 4 1 6 8 5 5 7 8 5 3 3 9 2 2 7 5 1 3 10 5 9 10 1 9 4 5 7 8 6 5 1 4 5 3 7 3 9 5 7 10 2 10 10 4 8 3 1 8 5 7 9 6 10 8 6 1 3 2 10 9 7 2 4 5 4 8 1 1 1 4 9 8 6 5 1 8 9 6 4 6 4 2 5 3 3 6 5 4 10 5 9 1 2 1 4 5 1 8 4 6 1 7 10 7 8 9 6 3 3 10 9 4 3 10 3 1 1 6 5 2 7 8 4 7 8 8 9 1 9 8 7 7 8 2 10 9 8 2 5 8 5 9 1 10 1 8 8 8 5 10 2 2 5 4 8 2 9 10 6 5 10 6 5 5 2 5 4 8 3 4 7 9 10 4 6 1 9 6 7 7 2 3 8 3 10 3 1 6 8 1 1 1 2 10 5 2 8 7 10 2 1 3 7 2 9 2 10 6 7 8 8 1 6 3 1 1 3 8 5 10 1 7 5 10 10 8 3 8 10 5 6 8 4 4 9 3 10 1 6 1 8
300
151 152 153 154 155 156 157 158 159 160 161 162 163 164 165 166 167 168 169 170 171 172 173 174 175 176 177 178 179 180 181 182 183 184 185 186 187 188 189 190 191 192 193 194 195 196 197 198 199 200 201 202 203 204 205 206 207 208 209 210 211 212 213 214 215 216 217 218 219 220 221 222 223 224 225 226 227 228 229 230 231 232 233 234 235 236 237 238 239 240 241 242 243 244 245 246 247 248 249 250 251 252 253 254 255 256 257 258 259 260 261 262 263 264 265 266 267 268 269 270 271 272 273 274 275 273 269 267 264 258 252 249 240 230 224 217 208 199 192 184 179 175 169 160 153 143 142 137 128 502 135 143 148 152 162 163 171 179 187 197 199 203 211 212 221 223 232 236 245 249 250 259 264 273 279 278 277 276 275 274 273 272 271 270 269 268 267 266 265 264 263 262 261 260 259 258 257 256 255 254 253 252 251 250 249 248 247 246 245 244 243 242 241 240 239 238 237 236 235 234 233 232 231 230 229 228 227 226 225 224 223 222 221 220 219 218 217 216 215 214 213 212 211 210 209 208 207 206 205 204 203 202 201 200 199 198 197 196 195 194 193 192 191 190 189 188 187 186 185 184 183 182 181 180 179 178 177 176 175 174 173 172 171 170 169 168 167 166 165 164 163 162 161 160 159 158 157 156 155 154
300
130 131 132 133 134 135 136 137 138 139 140 141 142 143 144 145 146 147 148 149 150 151 152 153 154 155 156 157 158 159 160 161 162 163 164 165 166 167 168 169 170 171 172 173 174 175 176 177 178 179 180 181 182 183 184 185 186 187 188 189 190 191 192 193 194 195 196 197 198 199 200 201 202 203 204 205 206 207 208 209 210 211 212 213 214 215 216 217 218 219 220 221 222 223 224 225 226 227 228 229 230 231 232 233 234 235 236 237 238 239 240 241 242 243 244 245 246 247 248 249 250 251 252 253 254 250 244 242 236 228 221 217 207 204 203 201 200 197 196 190 186 182 174 173 164 154 152 145 135 502 91 97 104 113 114 115 124 128 138 142 149 150 158 160 170 179 188 194 204 214 224 232 234 239 249 248 247 246 245 244 243 242 241 240 239 238 237 236 235 234 233 232 231 230 229 228 227 226 225 224 223 222 221 220 219 218 217 216 215 214 213 212 211 210 209 208 207 206 205 204 203 202 201 200 199 198 197 196 195 194 193 192 191 190 189 188 187 186 185 184 183 182 181 180 179 178 177 176 175 174 173 172 171 170 169 168 167 166 165 164 163 162 161 160 159 158 157 156 155 154 153 152 151 150 149 148 147 146 145 144 143 142 141 140 139 138 137 136 135 134 133 132 131 130 129 128 127 126 125 124
4
1 2 3 4
300
123 124 125 126 127 128 129 130 131 132 133 134 135 136 137 138 139 140 141 142 143 144 145 146 147 148 149 150 151 152 153 154 155 156 157 158 159 160 161 162 163 164 165 166 167 168 169 170 171 172 173 174 175 176 177 178 179 180 181 182 183 184 185 186 187 188 189 190 191 192 193 194 195 196 197 198 199 200 201 202 203 204 205 206 207 208 209 210 211 212 213 214 215 216 217 218 219 220 221 222 223 224 225 226 227 228 229 230 231 232 233 234 235 236 237 238 239 240 241 242 243 244 245 246 247 243 233 229 228 222 220 215 206 198 192 182 175 171 165 164 162 156 152 150 141 131 123 115 106 502 121 127 133 140 150 152 157 159 169 170 175 176 181 189 191 197 199 206 210 219 226 229 232 235 245 244 243 242 241 240 239 238 237 236 235 234 233 232 231 230 229 228 227 226 225 224 223 222 221 220 219 218 217 216 215 214 213 212 211 210 209 208 207 206 205 204 203 202 201 200 199 198 197 196 195 194 193 192 191 190 189 188 187 186 185 184 183 182 181 180 179 178 177 176 175 174 173 172 171 170 169 168 167 166 165 164 163 162 161 160 159 158 157 156 155 154 153 152 151 150 149 148 147 146 145 144 143 142 141 140 139 138 137 136 135 134 133 132 131 130 129 128 127 126 125 124 123 122 121 120
300
4 1 4 10 2 7 1 6 10 6 7 7 7 10 1 9 6 4 5 7 4 7 4 1 8 1 3 9 6 3 7 5 6 4 1 3 3 9 3 8 4 7 10 2 6 4 10 6 3 10 10 4 5 10 2 3 6 5 1 10 10 4 5 8 3 2 6 10 4 6 7 10 2 5 3 1 2 8 8 1 8 7 6 10 5 5 3 5 10 2 10 1 5 3 4 1 8 7 9 8 9 9 2 5 5 3 1 8 5 10 7 4 10 3 4 3 4 6 7 4 10 2 7 7 7 6 10 4 4 6 6 1 9 4 9 4 7 8 7 7 8 10 4 10 10 10 9 5 7 2 8 6 7 6 6 4 10 9 2 2 2 10 9 1 7 1 6 2 6 1 3 3 9 1 6 3 7 10 3 5 2 6 3 2 1 10 3 9 7 2 4 10 8 8 3 4 1 3 5 7 10 4 8 7 4 2 9 4 10 1 2 4 4 7 3 6 6 9 5 9 10 7 2 3 4 2 10 1 4 8 6 10 8 8 10 6 4 1 6 2 1 6 5 3 9 5 10 7 4 4 10 6 5 7 8 4 9 1 9 3 1 7 2 4 3 7 9 9 4 5 7 6 3 9 8 6 2 9 4 9 5 6 4 3 3 3 1 1 4 2 3 6 8 2 5 8 3 4 5 3
300
7 9 1 2 1 7 5 4 3 5 8 3 10 8 1 9 6 9 5 4 6 4 6 6 7 8 3 9 8 10 8 1 10 6 1 4 7 10 10 3 4 7 5 5 3 4 1 7 8 6 8 2 3 8 9 5 1 2 5 10 2 4 5 8 10 10 4 3 5 4 9 9 10 4 4 1 10 9 1 3 6 6 1 5 2 10 9 5 7 1 8 1 7 4 5 2 5 9 2 3 6 4 9 6 5 5 7 2 5 4 4 3 3 2 2 1 7 4 7 9 6 8 2 3 3 6 7 7 5 3 4 1 1 5 2 10 6 10 3 8 6 9 9 6 3 6 9 5 3 6 2 3 8 10 8 9 9 4 5 8 4 5 9 10 5 9 2 7 3 6 9 10 4 6 5 4 2 7 1 7 5 8 1 8 4 4 9 2 3 9 5 4 9 3 5 8 4 1 5 9 6 6 3 8 4 7 2 3 3 3 5 7 4 6 2 10 4 9 9 10 7 6 3 10 4 10 1 1 1 7 7 6 9 1 3 3 3 4 8 8 9 9 5 8 6 5 7 3 3 1 9 6 6 3 4 8 3 6 7 7 1 6 10 8 2 6 8 4 10 7 6 9 3 5 3 6 6 9 6 6 1 10 5 1 9 7 4 7 4 10 5 5 8 2 9 4 5 8 4 5
300
14 13 14 1 3 18 5 18 10 17 13 8 6 3 17 5 2 5 10 5 17 3 2 14 13 2 9 9 10 12 20 16 8 18 12 6 6 16 14 16 17 11 3 8 14 7 7 1 19 1 11 2 5 5 20 14 1 17 4 17 14 1 12 12 2 14 7 13 8 1 1 5 3 6 8 7 15 8 20 5 16 10 12 19 10 19 2 17 6 8 14 2 4 1 10 2 10 8 8 14 1 15 19 3 3 10 9 8 8 20 16 1 5 1 11 5 18 20 13 8 3 3 3 1 13 9 7 9 3 15 8 16 15 16 11 1 19 6 5 15 10 12 16 3 3 6 12 3 6 14 18 1 3 1 7 14 9 13 7 20 2 16 12 10 3 14 13 5 7 12 7 9 14 3 14 17 5 20 4 13 20 10 17 20 19 6 12 11 16 14 19 12 2 1 11 19 8 2 13 8 18 14 16 9 11 2 9 8 17 19 9 12 14 9 7 15 12 10 12 13 1 12 4 14 4 5 17 5 10 17 8 13 13 6 14 5 12 3 10 9 7 18 2 15 20 13 12 9 18 18 9 6 14 5 19 16 17 17 14 6 14 12 17 14 14 11 6 1 7 19 20 10 20 11 14 1 5 4 8 11 17 20 9 2 19 2 2 3 9 6 11 17 9 17 18 5 11 7 13 19
0
