10
1111110011001111011001011101001101001100100010001001
9178
1111101001110001100010011100001000101000100011011110
5187188
0101110111100001110010101110011010101001100011110111
7
1110101101011101010010000011101100000100000110001010
52
1010111010010101011101111000011110101001111110100100
9518540
0010101101100011001001101110011010000011010101110000
2845246633
0100000100001100000001101100011010000110110010101001
82514121997368
1100001101011001011010100101111001001001001011100110
80
0100100110011010100010111110100100110100110100101011
1000000000000000000
0001111011101010100110010000110011001101010100010111
184928196792
0100010011000010111011111010100000100110100111010010
717101209240556
1011001110011100111100001110000100001111010111011111
166299303
0101001100001111011000111001100001111100001100110100
8430
0110100100010111001000100111101010100010110101000001
716141353017580
0011111011111000000110001001001111011111101100111111
960066
0011101101100011000000110011101011011000010011010011
3
0101100101101101110011101000011010100001000001000010
10120481594
0111110001100010111011100100010110100110001100111010
89756651
0100000110100111110000001000011001100100001011101001
791012182
0000000001000011110010111011101010111001111100000101
69130521437210
1100010100101111100010101100111101111000001011101111
33047287
1000000100001000100101000100111110000110000011111001
16064940922
0011000000011100010110111011011100000110010010000010
2303673
1110111010010011011001011011111101011111011111010110
6393691034079
0111111111000011101111011111101001010011011011101001
535262960458544
0011000010110111010111110100111001001011010111100110
9747495195042059
0000101111001111011010111101010010010001011001101101
29249
1101101010101010011011111101100010010001111111000011
1633379175695980
1011010111110010100101110011101010111001011100101101
6793887
1001111011101000001100100010001010110011101000010100
15
0001010100101111101111001111100011011011011111100111
1747223121
0011000000110110000100111100000011001001100001100000
57121212195695
0001111101011001110000001100110010111011000110101101
1625709966992800
1001011101101111101000110010000000001001111010100001
63
1100011101111001110110001010100101001101100100010011
8
0010100111111011010100100001001010101110100011001000
68218678682
0010011010001110010000101011100000110111111111110101
13
1000111100011011000011011111010000001001100100000001
645522
1000111100000101011100001000111100010011100000001000
1000000000000000000
0000110010011000100101011001100101100010110011111110
46273302910211769
0100001111000000110000101010110010011110011111011011
423
0001011101011010001011011011111011101000101101100100
621162
0101111101010001111110101001101010000000110110011010
93563138864
0101110110100001100010100111010100011110100011100101
668681
0000000001101001000111000111111111101001001010000100
80570082
1000101001110000110101110000010111110110110000111000
278
1001000010100010100001100111110001010111000001101001
685
1010111001101011111110111011010110010001001010110010
22
1110011000011000110000101110011110101110011100111010
608068030
1110001111001100101010110111001111010110110100110101
2700668
1011101001011101010011101101010011011011111010100001
393961411260
0101010100100110110000001001101011001110111111011000
31729763440293924
0110001100000101110001101111010000010010101111101110
50337731756963342
0100110011011100111001011100000111010000111110000001
739269666
1100001110110000000111101101111101101000110101011011
739005883675
1011010010101100011100101001010101011101011100010000
39105774
1011000000111101011011110101011001110000001111101001
6
0000001000011110011101110010111100101100111100100001
66329721051
0011111101011010010110100100000001101110000001001011
9193064376902324
0010000101001011100010010000110001110010010101010000
642
0011010111111010001011111000101100001111111100000110
4614559817
0101100000100010001000111001101111010010111111000111
12
0011011101001000000110110010101100101110001111100111
549215828237
1000010011010010000100100110010010011111110110001001
32021936793354719
0000110101101111000110001011011001011111000011000001
32
1011110010010100111111011110111111110010010111000000
380477265570
1000000001010001000101111000111011011101111011011000
80040
0100001100111010101010000111001001100011100101011100
158798
1011010101110110100010110101000010100101001010010101
3471797669051610
0010100001110100001100111010000111101001100101011111
32620088
0100010000000000111101000110111011001111111110111000
44408458719
0001000111011111110110100000011011000010100101010000
53123109
0010111011000111110100110000101101110110001111111101
8
0101011101111110010000100001100001110011101111000011
80589330
1101001111000000110011011101110001110111001111101010
565284
0000010110001010100101111100101101111101001001001110
4382579
0010011010110010100110000111101101111101010000110000
1778604170309
1110110110111010101011100110111100010010101010010000
29053204475711402
1110001000110110100101110110000110001011010010111001
679595352071987
1111011011001101011000011110101000010011011001110011
3107
0101001110110111100101110101101110100001001000100100
79
1111001000110111000100101100111101100100001001110111
20
1111010011011000110011100000010011110010001001100010
79
0111100010100011110110010100111011001101111010100010
6285188
1010001010000001010110100011001111000011011111010010
57383749149899724
1011000101001000100101101111111100111111001100111000
971714577966
1011110011011010101110111010110100101011010111111001
328
1101000010101100000001101111111101000010111100010011
17
0000000000000000000000000000000000000000000000000000
962298
0001010011110111110000101111010010010010110111111110
512
0011100011100110000010110010111110101101100010011111
90616885691
0110100011011111001100000010011011100001011111010101
7
0010110111100110010100111011110001001110101001111110
9502547
0100111000111100111000000101010010011001100000110110
509
0011000000001110100000010111111101110011011000011000
556377681121
0100110010111111000001111010110101001010110001100101
6
0110001001111100001111001110110100000000110000000110
384081813198891
1000111111100110101000011001101111011000011001100000
692492638950727
0010110000110001000011101001000000001011101101001101
35800
1011010110001100111010101011100100100100101111011100
6718550690074
0110111110101011000010100000011111110011110100101010
76
0011111001010100011010110100101010001111111011001111
6531775845609794
1010100101100110100100011110000101110001011001111000
5
0101110100011111000000011100100011101111000110111100
211937124
0011101100111001010000011001100110000011001101011000
54005466
1110010100001011011000110010000011000001011100010011
7756235035
0000010010100001100110110100010100010010110010101011
25906377241713299
0001010100001100111000000100001010100111001100110110
3505
0101100110010000101101011010110110001101001001111100
319347072
0000111101000010010001100111101010110000000100000101
20
0000000000000000000000000000000000000000000000000000
6561295057
1000000001000111010101011000101111110100010010110101
508
0010000011010100011101001110010100111010111011000111
258458026518550
1001100100000110001111001101011111011100101001010010
993671
0101101001000111100001100001101111011111000101101111
608143296906645
1000100001011011100011001010011010111001001000011011
622544397153
1011110011010001111110101010011010101000011000100110
17
1101110001100010000110111110101011110110011100100111
4
1110111110011000011011011010110101110100101000100001
264441
0001011110000111101111110101000000101101101110110010
156373172671225
0000101011101011111011001011100101001111001000101100
72674244104546634
1100111010010101110011000110100100111110101010101000
51851230674195690
0101000011111101010010101001101111001101000011010100
9261268630939982
0000100111001011111100010011111111111100001100110011
229690800
0100100000011011101000111101010010011100100000101011
2748148823380
1101001010110010001011100010101010000100100101101111
41682572538742469
0110100011101011001111111100011001000000000110100001
652024553500884
1100010110001011110100001011101000101100101001111010
72028
1010000100010001010111001010110000110101100101001111
55655591
0111111111010110011011011110110100011000011100101110
93
0001110111000011010000001011110000100100110000000100
5984155
0001011011011110111100010100010010111011000000000101
99161099
1101110101000001111001000100011010100011001111111110
31
0101010110101110101101011000101100010010100000111000
2219286
1011000011100110111111101100101101010000011110110101
6177972516
1101010100010111001110001001001101010000010010111110
15300278
1011111100000111111110001100110011100100111100011010
401682
1010110011000100010011001111100110011011010100101101
431656434
0110110000100000000111000010111101101111110100010010
1407927930
1001110001011001100011111110001001011111000001010010
48986581523065
1011011101011010111011000101000010000011011110100001
4
1100010101110110111010010101001000001001111110111010
96250
1111000000001001111100101110101101101001001100000101
1245688
0001100000101010111100100010100110101010000000100011
47416242
1010111010011110111010010111010011100101011010110000
537
0011000111000100011000100001000110111111101011100011
5013365795574387
0100000111001011011110110010110111100101110101110011
31713530
1101100001001100110010110100001001001110111100111111
403733201021
0001000000000101001010110110111000000000101101010100
9237035
0100010111000111011100111110100010110100111111001011
144632
1101011111000110011000010010011000010101011010000110
1563868207016522
1010001100001011001101110011011101010010001001010001
98356417793
0111011000000101100101111111101001100000100010011001
697420
0111101011101010011111010011111001000010011001001001
2203765528
0100110110001111111010011110010100001000110101010011
85235103470001307
1111110010000100000100000000010000010101101000101011
52584127
1110100101100001000101010001000001000010101011010111
267
0110100000111101010101100110110110010111001101100100
6199119346
1110110100110001111011100010001011110000100011010110
6980628920511
1011110110111110001101110001001011000010011010101100
415264699
0100100010111011110001101101110101011101111000000000
6073
0100100100011000101100000111110011000010010111000000
2131569
1111011101001010100000100111010000101111001111110110
3747160913
1101110110111110111110101001011000011101101101001010
650
0011000010110100010110110100110100100101001101101000
9736985476864
0111000010000110110011110000100000010011110101111111
98994841191063253
1001100110001000111000110000111100110111001101100111
34672033547
0010100111000011001000010101111000101110011100101011
6505064653
1101101100101100100111100110111000001000000010111100
666809638867
0100010001110101000110011000000111110001100011110000
26
1000101100110011111001001100110010001000110110010110
7588288331
0000111111001111110110111111011110111100111111010001
26
0101001111100000000000011100011011011111010101100110
21206902114
0001001110111101010101011110011001001100100111011010
35621413647
1001001000101110000111101011000110110011010001000010
692462592448779
1110011111011001011001001110000111011000011011111000
27838951912424705
0011100110111000101101011011010010110100001100100000
50
1110101101001111111111101001110011000000011011100000
591327
0010111110010101110100100001101101000001101110100011
131
1111010001001001110100111011100110011100101011011110
56429
1010111110111000110100100011100001011111000000111010
832349314540851
0011011100110001101100101101001100111101100011110100
3920576449
0101111100000110000111111000100001101100000011000100
3903
0010001000101011111100100110110011100001000000111000
6495004
0100011111000000101100100101100100011110111001111000
7875290
1011000100100100111110100111010100011011111011000110
6910858869693128
1011111111011000100000100010011001011000110100110000
8096
1000101111001101100111001111111011010011111110000110
5104
1110000001101001110001101000010000000011010101011001
75
1100101000010001010111001001011111101010100111010011
531
1000010011110000100110101010111001100101111110000001
77156898313
1011100111100111000011010100111001111000100110100100
8972248
0000110110011001111111001111010010000001101000110101
72076066773232
0111110010111000101001111111001101101101000011001100
7858054
0111100011110101111000000000111010110101111000000001
4713981
1001111110111101100100101100111010010010011010110001
210538811130360
0110101010000010011001101011110010100110010111000001
57239
1011010010010110011000101010001001110010110010010110
34525037782354275
0111100011101011011010000110010000010110000111000100
218
0010110000001011010001110110011101101100100001001110
21
1101101110110010101001011010111000001000001100110110
4343023903763679
1001000111100001011100110100110110000101100001100111
10031588
0100111110011101000011000110001001101010111101011101
87735456917628478
1001000011010110011111001110000001000101000011010010
63
1000110101101011110101101010001001000101101110011011
3209915784316
0001000001011011101001110011010000001110000100010110
83
0000000100111101010011001111100010001010101001001101
8120
1011011011011010101011001101010011110000101001001010
1643578543
1110000110100101011111111001000010010110000111001001
476593425449
1001110010000000001110001000101011001010111100111100
8580846490673
1010100111010100111101101011010100111000110111111010
13
0101000110110100000011100110001101101000101111011010
803593
1010111111011011111010011110111101101101010001100011
1000000000000000000
1110001001011111111111111101010011011010010001111111
8278967631824415
1010110100100111001001100111011110010000110101101010
700714998448
1111100101000101000110011100000110101010100100000001
1887245
1100010111111011101000111110100101110001011010101000
8449
1011100011000011110101010001011011100001001101110110
723630025053
1010011101111111010111100000100111010010001111100100
9059
1001111101101011010001011010001010110000001011000000
7486762413
1100010101010111000010101011011010111001110001011011
48
1101000110001011000000100101110110100010001010110011
47518017905
1111101100100001100010110110001011000011011101100000
37
0000100011011010010101111011100000101011001010110100
5180154
1100010111001110011010010011100111110010110111010100
4946126419978251
1001110101010000010111011000110111110111011111001110
138923368893
0110101000000101010010100100110010010111001001100111
216707986172
0000101100011001001000000011101100101100000011011110
807
1010010111010101101111011100000101110100100001101010
638430
1101110000010100111101011111101111101000001100010100
3375194297037965
0000000010101110111001000101100001100001110110000010
5668955659495868
1111010011110111100000101100111101001100000110100001
649047838
1101110011110111101110011001110110011001001001111101
21470491482
0010000110001110111111001110011001101001100001010101
2
1001111101011100110100010110111010010010011000011000
7
0110011010101101110111000000001011001001111000011100
73503974616
0111010110101010011101001011010000000011000011100000
876947296955710
0011010111011001000110011011100011010010100000111010
8919907671523247
1010110011111001101111011110011110001001001000101101
8333664626
1000001010010011101011110101001100001111001001111011
9850169168
0100100000101010010010000101101011011010101100101110
791272948912911
0110100000010110100100101101111001111111011110110010
9586
1011111010101110010111010001100101010101100100010010
61024710268280
0100111001100111010001100011010000010110111100011101
4939446055637
1010010100000101000111010110010100111101111100000000
48301
1011111110001111101000101011000110001111011110111011
85375696299088
1001100110101101001110010111110111111100101111110101
944646
0111010001111101000101101110001100000000100010110110
765924357443
0111001010000100010001001101110101110101111001111011
18
0000000000000000000000000000000000000000000000000000
837723308889786
0010010110011001111100010110110001010101010001001110
769482076580
1101001111101001000100110111111101001110000010000100
4320500
0000010101110100001000110110010011101001010000110101
6732011938
0101010000101101011011000011000101111100110101011000
2
0100011100111101010001111010000010010010111000110101
70161366428364313
0011001110001100100111110101111001010101011100101010
78787136
0001100011101100110110111100010000001011001111110000
46
0110001100011110011011010011011010001100111110001111
12641597332448
1001111000101011000001000010000111101000001001101101
4379911482766
1101000111100001010010100111000011110000000011111100
7
1110001111101110000010010010111111111110000011010100
5143758
1000110010110111101011111101010111001111111000111001
49
0001110111001100100110101111111001110000110011101110
16
1011100011001101001000000111101100110001100100101000
7
0010010101011001110101010100101101100011010110011000
47
1101011100011101101110101010101000111001000110110111
9050
1010100001101101110111001001000001110010100110101101
33092760477226770
0011101110000101010001000001010111101101110010100111
8643795966884
0110000010011010011110100000101111010110010110000010
50083855917363470
1000011001010110101110101000111111011011110100000100
68313560
0010000101010010101010101001110110000000100001011101
890168
0110001100001100011100111001110001000011110010011001
20
0000001000111111001110000101110111000001110101001000
5680
1111001101100111001101101100100001011010010100011100
662621116815
0001010010110000010011011100000101111000100111100101
394855332
1011110110101101010000100001101011000001101011111010
44760848101
1101010011101010001010100010110101110001111011001000
140876407
1101100011000100100100010011001110001011011011011100
481501289260880
0001001110100100101011101110000111111111001001100000
40823
1101010101101001001011010111100000100100101000011110
2355102113
1001011110101000000100011010111011110011110100101011
30
0101000110110100110001100111001010110110101010110101
87279224968574837
0100000011111000111100011010000011000111000111011101
60316748
1000101010100101000010011010010110111100101011000111
80670214101144
1100001011110000110000010011111100011110100110100100
54964
0011100100111110011101000010111000110101000011110010
12680514001
0100000001111000111110010111011001100001101111000001
91
1011011000111001100011101101010000011001110101000001
33835873
1000001000100101111001011011111101110110010010011000
93706940726432
1001011001101100001000011101001011111001111001100100
15776448307
0100111011000101101110101001100100011101111111100110
43
0011011100000111011000110101000001000100110111111100
16285333087
0010111100011011110001011111011111111110101111111001
993
0000111111001001111011111000110101101001101011100100
5763587404
0110100110110111111011100001011000010110011001001011
29951330401244
1110000011010110010100100111010110010100101111110110
675489012
1111011110001001101010001000001100110101101000110110
15
0011000010100000100001100110110000111101111000110100
52413600228038
1010100001100101011000101010110101100010110000101101
469120
0000110011010101101010000111100110011000000011111100
4
1101111011010010111110010100111001110100110101101000
5660384803160
0111111110011110001011010110000111001010000001011110
524120408
0011000101100100010101010111000100001111101010000010
8639620620743
1001111011101110100111100100110010100001000111011011
8108979712
0101110010001000111010011101010010001011011111110001
96883785
1100100000001010000101100010001111100011110101001100
828779790925
1110000100011000001100001011001110011100111000000100
2558689710
0111011101111000011001110010011011000000000111110010
291799387090736
1010000011011100100000111010111000111010101110110111
515179649614
1111111001110010101010100011111010111101000010001000
96
1010111110100010100001100100010001011001110110011000
2
0000000000000000000000000000000000000000000000000000
7697
0001011110001101000100000100000010101110011100100100
6
1110000000010111000000101011000010101110110101011111
6887852
1011101001110111100011100000001111111000011101010010
510
1110110110111000000110011001001010110111111100111001
34539085
0111100001100110000000101000000111111100010011011100
250383836
1100011001110011011010010111010001011100010001101100
7
1101010110001111100111000100011101110101100101101100
89494312770308
1111101101111001001001101111111011010110101001111010
9320428159109971
0101000111101000010100101110111001110010100001000110
878321
1010011101011000000101111001010000100011000101011111
372386815889
0010101101001101111101110000001011001111111011000000
4115229051587
1111010101100100011101111110101000100100001011011001
7469744
1100010001101011110111110101001100111110100001100010
201838488
0001110010001100110000010111101101101011101011010000
26851909892058661
1000100000111110101111010101101111110010001010010110
8264946406272109
1111100011111111101111011100001000010101000010100001
74469116634364
1010101111101011110110110001001000110111101101011110
485589738
1010111000010101111100110011100101001101001100110010
446181789365
0111111110101010111101110111100011100011011001111001
82128441456
1111100100000100010001111011011001111101110111100100
359177105030
1101011111010110101011010101000010011001001101111110
1411
1000010100001100011001000010001110100101101010000011
926260484
0110111110000011010001011101000010101011000110101010
64213
1001000010011011011011011010010011001010010110101001
48703618921
0111100010111011111001011101001001100001011100101000
977334085
1010101001010001110001001010010101011001001001101100
3694309883379
0011111101110001010111011000101110101111010000010101
6
1011010000001101101000100011000100001001100010100001
625879940
1111010101110111011011101011000110001001111100111111
526250
0100011110101110101100111010100000100010111001010101
80850
1101110100100100000000001100110011110110001001110111
86808671840
0100000101100010110000000011001110100010001000101110
136991159041561
0101010011001011010000111100100111100100011011101011
44852
0111001001001110100001111101010000110000000101000101
4
0100100110011101111000001011101101100011100101001000
1
0000000000000000000000000000000000000000000000000000
84492190407557586
1111011101000100110101111110101001000010001100101001
7
1100100000011011111111101110010011110100100110011010
66627
1101100001011110010111111001100010110100010010110001
4562169885440
1111001100010100110001110111000100111100000111100100
91772258
0101111010110011010111000110000111101101000001100101
6060813
1100101100010110000010100101010000100011000001010010
616177326
1100100010110111111000000010100011001100111101001011
40624724
0111011010110110001011101100001100111010110000001110
204
1110110011001011001010000110011000110001000001010011
839288708080
1010011011000110111110001010001000110000100001000100
193651616885
0010010111010010111111111110011101001010010001110000
89465903
0101011010101111001010000011100111010000101000000101
44
1110101111011001110011111011111101111001100011111101
371
0100001011001011001100111101110111000101110101101000
49089750874115
1110011110010111000000110001111001001011001101111101
7364
0100110101011110111110100011010111101000001100001001
30334133762
1110011010010010010111101000010010111110001010110110
6769369265
1000100100011011001000001010011010011101000000101111
144422
0111000101101111011011001000100001100101011001000100
35169203678232
1110001100111101000001000000001010111001000110011011
850
0001001101111100000111100000111011011110011001100001
1000000000000000000
0010000011101001010000011111010001110000010011100111
8
0110110010000110001101101101000000000011101100100001
3058941934332
0111111010000001110110001001011111011011110001101111
1493730992
0110111011000001101110001000100100011001110011011001
70256
0011100001101110110101000111100100011111000100100001
7
0000000000000000000000000000000000000000000000000000
368664714464
1111100101000100101101000110110101110011001111111010
6053731499
0010110000011111110110010011110000110110011101001001
63518217708348
1010011000101011011101010111111110110100011010100000
19127516917927
1110111000000110101100010110010000011000010010010111
82
0000011110111011010110000110110111101110001000100111
3150
1111011001001000010011000110110111000000001110101101
82642788625
0010100011001011011101101001010100001100111000010111
21
0100101101111100110100101111000001101001110111011001
1916055953493
0010101101001011111000001011001001101010100111010010
4641
1001101001110100001011111100100010100111011101111001
987267520341
0100011101001101000111011100110111000011001111000001
3077054039132
0111000101100011101110001000110001010011110011001110
61
1111110001101011010101010011000101101000101101010100
466440
0110001011001111101001001111000000000010101000001001
7
1011110001110011100100001111011000000000101101100011
600238
0111011010110010011000011100110100000001010000000010
693249057876
1010111110011010011001101000010101000000010001110100
648670660
1101010000101110011111011110011111101110111001110111
245807801500151
0001001000101000000100011001010110110100010110111000
7
1011011111010001111001001110001111101010000001011100
29
0100000100111001111110110000001100001001010010010110
1620119523224749
1101111100101111001011101100010000110001011001110010
650752350772
1000000110011000001101101001001110110111001001111110
433401
1000110000011011010111110110110010110100011101001101
4845373
1111101100000011001001011001000111100000000111100000
99424941173015215
1000110110001101011011001000000010000000000000101110
11395726821
1111110011000001100000011100100111000110101110111100
8
0110000010100110011110101010001110010010110111001100
4
0010110111100101101111101011111110111111111010011110
4342847700
0001111111001010111001000101000000001000111001011011
784317437244
1100110100100110011011101110100011111010001001010110
764
0001001010110101010010111101100110111101101101001110
8239432593
1011010000000001111111000000010010111001010110101110
640209337917
0101001011111001111011001100111010001010000110110111
25286965094
0000110000100110000111010001010011010000011101100010
13
1001000010101001001000000001000101111001111000101011
48444088034910
0000100100111000000111100001011111000010100110100001
78249250550250863
0001011001001101001110110000011000000000001110100101
47513298643
0111110000011101101010111000011100110111001011101010
17
1101101011101110010000000001101110011001110111110001
82
1011110101011111000011011011111110100111100011000000
24259199032104255
0000111101111001111010101000101011110101111011100101
49765441579743
1111111110010001100110000010010110011010111100101100
309
1100101000110001010011111111100110001010101000000011
43830218431386224
1101100100101001010011001001010101111110000000110111
735939253
0101010101011101001110101001011011011101110001000001
9897375
1001010100101110110011100100000111100110010101110110
96949892929
1111100000011001101101110011010100110101111011001110
7
1100010001000100011011000001101011010110000111111000
976
0010111110100100110101111110111011100010001100101011
5749190282624612
1100111111011011100001110100000111111110111101101010
356452604655
0011010000110000000001110010010111011000111011100111
763432971116
0011010100110110011100001010110111110100010110101101
1145
0100101001010001001100110111011100110110101001000001
1
0110101010110110100100111001100100000010000000100001
468486105957
1110100010110000101110011001111111001110001011011001
11214
1111110010001101101001010111110011111010110110100101
950929572344150
0010011011011011010010110111001111011000110110011101
15
0000000000000000000000000000000000000000000000000000
57248020444126
1000111100000110100010000011101000110011000001000010
5619045009
0010000101100001100011010011011011000010001001111110
12504642970488907
1001000011111100100011001010110101111111101011010110
7032
0111001101011011100000011000010100000010100000000110
8207931101380
0001001010101011010000010000001100111101100111101111
4169
1010111001001010011110000110001100100011011101000101
9216686456456
0100111010111010111100101101000001000010011110010110
955896451127
0111111001101000000111011011110010010010001111001011
784197537
1010110110001010111010000010110100010111001001011111
7928525354922
0011101101110110000110100100010001110000100110111111
4
0000000000000000000000000000000000000000000000000000
1644192
0100000100111100000110001000000110011110101111011010
6
1111011111000001111110010001100101100010111000001111
201849346977
0101100100110101101011111010111000011101001101101000
78371779867635218
0100111111111011110010110000111101110000111100100000
955
0101111101011001010101010100010010110010101101011110
39646
0111100101010101000000010011010011010011110011001111
13
0000000000000000000000000000000000000000000000000000
35776678
0110101010110110100010111101111110011011001001000101
5441675775
1010100110111011100001011101001110000110101111011101
6780
1111011010010000100000101000101110000101111100001110
52996756030402356
1011110010101111100110010000010000000101100111011011
727736061372418
1011011111001000011011101011000100000001000111100111
79664
0111101110001011001101001000111011010100101011010100
853
1011011111101001110011001010010000000110000010011100
9234470
1011011011111000111100111000011111011010011110101101
3626954885103
0110110001011101001010111100001101111111010110010100
1418823280645542
1010101011010001000111010010011101011001101000110100
59354665061124
0000101010110000100101001101011111010100100101000001
30727203737280
0110010000111110000101100000101111001111101001010100
8104139765855
0011100101100101111101101110111100111111000001110011
21647720105354
0000001011011001110101000100000011111000110111011101
968895636582956
0001110111001110100000110100111001000110000111010000
303148033181
1011010010100110001011000101010110000110100110011110
4200405739
0100100001001100111011111000000010001000000010000110
4
1101101111110010011010101010111100000110000010011110
7352030427726
0001100100000000110100100101100000111111100100111011
9016382866
0101011000001010000000100110100111000010010110010111
91140541505
0001101011110000011100100101110110111011000111010000
9925038331942
1111010110111101110101011010111001011011101000010100
96557318967220
0000000111101111011000011111001100110111010011100101
92941374678217
1010101011100000111111101111110000101011010111011110
537559556314
1111010111001001000110011001011000011001111111100011
77894895381232
1111000111101111011011011100111111000000111100010110
609442
1010001101100001100110011001110011011011010101000011
55463680
1000110010100010111111011001110111011000110000010110
467230115166926
1111000110001011100001011110111000010000000110100001
2134908364344
0010110100110010111000000011111010010110001010001000
455428632826
0101111110100110101000010110110010001011000111001000
9642
1000111010110010101001110001001100111110010100010101
6
1101101110100001110010111001000010101001000111001011
79865498
0010100010011100011000100001011101110111000000010101
3874731726733862
0001101111111011111101001011001100000010010011101011
446087779
0100100011100000110110010011100110000111010001111011
7976
0010101000110010110111000011010011100100110011000010
6832
1000110001010100101011010100001111010011100001010110
87630442964843
1011010000100100100011010010101100111100000101111100
13817158982
0101000110111100110111110101011101001100100100010100
73
1010010101011111011001001000000000010111001001110011
55211271633602
1110110110101011000001100110001101001011000011000001
41582307
1011111000001011101011101110111111011011101100110000
11877
0110111110011001100111011100010011001111110001000110
2465282833
1100100000101000010011010000000110001010011101110111
14232
0001100111001010100111100110101011011001110100101001
9
1110101110000100101101101101101110101000101000010110
660943
0101011011011011100100110100101100010110100001011101
56409497857470
0011111111101110111000101000011101011000111000110111
6725629283656170
1111000111010101011011100010000101011111111110011110
628514
0101001010111000000101110011101011101101011101100011
6663
1010001111011101110001111111001110000001101111010000
733641773
0101001010000000011111001000111111001010101101100111
2255
0000001110101111010001010000000100111110011111110111
636
1001110010000010001011000100010001111110111111101011
6076899
1110011010100010011101111101010110111110101100111011
34495619
1110000100001100110011011001110111100001011101001011
103772643960
0110111110010000100100111001110011001111101000110011
6513692672624
0110101011011010100011010000011111110010100001000010
3537696830
1100101010011001101111010010100110000100001110000010
414369702825
1010100000011010010111011010111100101110111000010010
595669201730995
0111001110101110101011001000110000011001111100000110
5497589591
1010001001010000100110001011001010011010101011011110
26706561802555676
1110110000001010101111100101010010101100111111100010
711479
1110101001110110101001010111010011000110111101110000
68089
1100100111110101100010111101000001011101001100001010
1000000000000000000
0111100000111011000110111010110011101100110001101101
9
1100010101111010101110001100110101000110110101010100
1000000000000000000
1011111000011101100110010111110111111001111101111110
4282
0100011000011011001101001011001101011110011001111101
83
1100001010011011010101010001110100101111010101001001
762219901746
1110001000100000011001000001101001010110010011010110
16928692
0110011110001101011100110001010101101101000001100110
4859
1001011000110111101110010101100100000011011110101010
51989426025
0100010011111111101001011001101000110000010011100100
56
1011000110010001100001110001110101001110111101001010
36249286
0000110010001000101111001101101010100110011111000111
21141
0101101001110000110110010100100000001011111011010101
34635
1001111001011001001111000001001110101001110000011111
9585122314790
1010011001011111010001110011100100000100101100110110
501844242
0111100100110111101111010110001111000110111111111100
7179763561133
0101010010010011001010111111011011011101101001011011
516256225203
1011101100100111101001110011100000110000001111010000
3
1000011011101110011100010010111001101100010000111011
756
1011000110010101011011110000110101111101111010000101
35863
1000011111011001000110101101010000011011101101100001
5286041058677
1100110011111000011011000000110111011101110000010010
826976237
0001101111010101000110111111000001000110001111110100
75
0001011100100100110010010010100000010110111111011100
375751062119
1000110010011000011100101111000111101110101111110100
905572537283
1010011111001100100100011101111000110101001011100011
91
1000010100101010010101000101001111000111010001010001
531882926245
0100101111001111111110010000010011101000011010011101
5871
1111010001010110010000110100011101001010111011001100
8275730202050
1010100110111011010001100101000100011100001101011001
834
1010111001001001001010000001100000011101100000001100
70316396946352049
0101001111100011000100111001100111000000010111111001
853748041
1101000000001111001011001111100011001010110000110110
94
1011110000111001100011000111100011111010001100100110
16
0000000000000000000000000000000000000000000000000000
8288371612
0011011010000111001011000010010010010101010100101100
41
0011011101010100110110000011010000010000000010110000
196081430666510
0011101011100111011000011111011101011001100010000011
78
0101010000011110101011110111111101010001101111110001
61
1011101010110100010110101000001101011001000101110010
55
1000011110010101010010010000010011010000010100110100
64310646348042161
1001010100110001010010111011110011000100000011000110
65783253
0001010111110100000010110101101101110110110001111000
58317912606
1100011001001011101011100111110000010100011001110011
1206550213946
0000010010010101010010101110111110111101000111101010
42
1110011101111100000101111011010111100011110000110110
1
0000110011101011010000010011000111011001000100110001
983418452203
1111011111101111101110110110001000100101001101011011
56461
1110010111011001010001000100100111010111000011011101
5444
1101111101100000000001101011010010010010110010101001
235
1000111010111100010110110111011000011011010010110110
74886649
1101010101001011100011000110110000100100010111110100
1000000000000000000
1001110000110101101111111100111100001001101011010001
536301540627
0011011000111011010001100001010110011110101000011110
8971
0111000010100001011100111100011000000111100010101110
3
1101110010001000110110010110111010000111000011111010
350
1110011001010100110111111010001001111000110101101000
8
1111010011001011100111110100100000001011101010011110
8
0110010111101100010111101111010001110001000010110110
14
1001111101110111100111001111011101101100001001000011
9615543857756034
1110110010011001010001000011011001111010100110010011
1187349068106336
1100110110011011101110011010011100100010011001000110
7705857365445
1100101000000100010111011100010011011111111010011111
976771421
1110010010010111001100110000100011110000001010000001
41574319557
1110100010001010110111010010000100011000101100101010
9339881701919142
1010000001001000110000111110010010101001001110000001
8879642755164701
1100010011001011011101100101000010101000100011001011
6718195043160260
1010111101101110111011001000001000100010111001101001
31812
1100000100110010010000111000011111011000010001010110
74990
1110000111101001101011011111101010110100001110101000
80869489597769444
0101101101001000001101100110011001111011011011111010
87858491098415
0011000010101001101111011010000101111011011100101100
8234251395
0001011000100010001100111111000001110101101010100010
476571259430
0010100100001101011101001110100000011010101000000000
59772514085
0010101110001010111110000000101110100100101001011100
6
1000011111101011010110000110010001110101010001100100
1465753992795
1000111101010001001001000000000111010001011110100100
83612800879407902
1001000101011100100101101100000110101001010101011001
77500725112062
0011110100010110111100011111110101010001010000000100
50213
1000010111010110110111101101101010001010110001011001
97575
0100000001010111011100001110100010001101110000110101
267
0111100000011000010010011100101100111001101010111101
5841
0110101011000100000010111010011001100011100110000011
5034165016829
1110011001111110111111010111011101010000001101110110
71289208
0111001101001010010011011011010001111100001011111011
6211902
0101010011110100011101010100101001011011001100110000
1792
1011111100101101000010000101111011101001111110010011
17757228713893
1110011110101111101010011100101100000001100101110000
19
0111100110101011000100100000011010110010111111110011
57930135
1101111010000000010000010001011011100010001101011000
330
0011010101100100110010010000011101001110101100111001
7356041140
0010101101010000001000101001111001010010100100111100
851171
1111110111100111001100010101001111000001011100101100
18
0001101110101001010001101001100101000010001101001101
615100544
1001011110111010001001000010101011001010001000110111
95660772582901541
0010010011001100110100100100011100110001110101000110
31710993896135
1000110010001110000010101011101011010000010100111000
26
0111001111011011101111011010001000010010100011010010
587938029857677
0000111001110011111011011100001010110010011110110011
7535815057
1000110110001100001100010100100111100111001011000001
799593167630
0000101110000010100011000011111010110000110001001010
820598
0100010100100010011100000101000100101001011011100111
3040202691
0110101011101101010000111101001101110110010010010010
119994614586
1101000011001100001101101100111010101100111111010011
886505354559
1011001000110011110110001110110111110001110100100010
93779
1011011011111100001101100010100101100010101111000100
36302050729545191
1010010001101001110011000011001011111100111100111101
49
1111111010100000111011000011010001011100111101100001
16293
1110000110010100001001101111000100000110010110111100
28103
1101000110100110000011101101111000001110010010111001
3
0000000000000000000000000000000000000000000000000000
91513215748689447
1001101011101101101110011000111011101001110111011110
632201981114239
0000100000101000001001000001010100011000000110001110
3632970775026829
0111000001101100111101110010110110010010011100100001
9
0001100011111100000100110000110001001001100000001000
87013
1000111011000101000011100100011101101010001010010111
88377
1011011111010000101100111001100100111010101101001010
6838897562
0100100001011110001100110010000110101010011010001100
88557650780394
1111011101001100001101111100100111000001011011110101
3
1010001011101011111010111110001001100010011111011011
36
0100010110011001000101011111100110111111111000011100
12760930670812613
1000100100011100001100001001100001110110100010111011
94481466729
0010000001110010000011101100011100000000000000000000
4
1111100000011001000100110011110100101111110110011100
131
0100101111110101100101001001100001100100011010001010
399959329113
1011001100101111000111000110011011110010001011011111
7931109309
0110001010000011001110011001011001111100101000010010
73165849
1111010111111011010001100011100000110100101001000101
77810950
1100110111101000000000011000101010110000100000111000
262120307
1001000010110110010101101011110000001110011101010101
1756
1010011010000011001010011011110000100110000000001100
9010
0001100010110001010110000111111001110100101011001111
2839673184
0000110111101100101111010001100011000000111110111001
819285282394
0100111110110110011011000111100000101101101101100010
9112
1110011001101001100111000001000101100011101110000011
424
1101101100111001000110001111001010000111110111001011
6154142
1010001101101110011111000111101101011100101000110101
748
0101110100110010011110110111101101100111110010100100
932248
0100000111110011110111101000110001101110110001000010
50
0000111100110011101011111100111001110110010000011000
3837262291037
0011010110110011000000101100110001111011000110101011
908
0100110000010001010101111110011000111001000101001011
85416569343316598
1100010110110110000110100000011101110100101000011101
25351
0010011110011111101010111001101001001001100011110011
605366
1010011101010100111100000011001111101010000011100010
85122
0010010000110110100110101010100100111110100000100101
455915301216
0100111000010100011011111111010101110000001110011110
497218210477
1010011111111111000000001010000101101001111101110000
8753951759
0111110111101001010110000111001111001111111100001100
4587298722
0000101011011101011010001010101101000000000110010001
48753
1011000000101110110010001111010000000011010011000110
332843299182948
0111010110010100000100110000101001011100011110010010
10
0000000000000000000000000000000000000000000000000000
9815813
0001111111110111100001000000001111101001100001001000
31516229
0011000111010110100011111110001010111111110001100010
944126160699
0110011100011010110111111011111101001101101001110110
863184188574675
1011110110010111111010101011100110011101000001100111
529965
1000001100101000101100110101110011001101000001110001
692905
1100010001110011001110110101100011110011010010000001
6841837632
1111011000010001001010110101101001101101011001100100
820
0000000010000110000001110110011010100001101111010001
190032461785997
0111110000111001111110101000000110001110010000101111
8710915831910
0000100000000000111001000010110110111010011111011011
46816505911137614
0011111011001011000110011010100110010100110001001100
16
0010001001011100101010010010100000000111110011101000
4
0110110001110010001010010110110011111100010011111111
3341231
1011000101001101010111001100010100111100001111111011
177480671
1000011101000110010100011101010001010010000000010000
83
0111001011011010010111111011001011000011111110000100
5426
1110100010001000100000110101110010100011010101111110
73022504657259
1101110101101100100111111110100111101011100011001100
6442899
0110000011000001100010011100110000100010110101100100
35211
0101111000100001110001111101011011101011011001010000
2
0110101000000001010010100111100011001110000100011010
8794147333208
1101001100010111100010011110110101110010100100101010
1780616978748665
0111101001111100010101101000010000100101001100101010
679832042885707
1100010011001111010001101100100000010010010010000101
8022772276350
0110110001110111111101101111010100011111001010101010
24
0111100001011101001010111000000000001001011011110110
2967750678
0001100000011101111100011010111011111010000010111000
33
0001110011010000010101110110001110110101110000111100
2
0011101111111010010011010000010001101111001111111011
35227167630
0000011010011111010011001100001000111101001001001100
93638
0110010111001011001111010000110001101110110100111010
84049933999559110
0010111011010111110101110110000100000000010111110000
833249788776
1111001001111101011100110101000011111010001011010111
82370650293
0101111011010010101001010000101001101100100011001011
5
1010101100001100100100001011011110000101110101100100
305
1110111101101111100010001101011101101011001010011101
267
1011001110111001101110011110010101010000001111011111
26309598739260
1001000111110000010111011011100001011101011111111101
1821014952698013
0100010010111111010011011110001011010000110010000100
61447966016948
1010011101110010010111001011000000110011010111000010
7719064234699
0100000110100110101010111101010000011000001101101110
330413298
1111111111100000011010101000111101000010000011011101
791400023590
0100011001010101100110110011011011011101011100101101
712235625254958
1110011010000111011100101101111011101001111101110000
247062
1100011111110011010000010010100110100000001010100110
60053526524
1010101001101010101011110010000000010010110110001110
55420359920993719
1111111001111110111100010000010001010011101101101001
273205204
0001011011110101001010110001100001100111110100100111
2
0001100011010110111110000100111010001111101110100010
34
0100110010100111001100000000111000110110100110101011
5
1010010101110011011011000101011100000110001101000000
8053
0101001010100111101110101011101000111011101110001101
894822456
1101000011000000000110110001101000010000110001011100
528339
1001111010110101010000011110001011010101010101011111
39
0011110011101111001000010001100010111100010111000000
700651566887
1110100000110110000101011010110001110001111010010011
471022267969
1000000100001011100010011110001011110011101110111001
63061
0000011001001000101110001101011010100100101011101001
1164459
0011100001111000010110110111100010110000001001001110
1731379058697769
1000101011100100110101110011011100101010011010111001
1882657253096443
1101110011100010001101111001111101010110011110010110
76917291348785533
1011110010011010100110101101011000110110100111010001
9353762707647
0100011000000100110100000010011101001100110100010000
186315068610062
0010100101000110100000000100001110110110110010101101
77065254
1101000100101000000101110001100001011111110100100000
1208909
1001100110110100110111011011111110001110000111101000
4240559354
1111001000000001001101001001001010000111101101111110
8
0000000000000000000000000000000000000000000000000000
12
0000000000000000000000000000000000000000000000000000
272469190
1010101101111111010100010001010011101100111110001101
171
0110010111001100010110000101000000110101111010101001
828254734273965
0001010100111100010110011010001000010110000010001011
712641906555
1010100011110110000110000011000000011100000110100100
9
0000000101001110101110000100010101011000001100111110
59418
1101010011110100011000000101111001100111110100001110
9808
1011000111010011011010001110000010110101001111001101
7
1010011011110000011100101010101001010000100010100111
760
0110000100010110110010101001101111100100101011001000
8876636879210
1111110011100101111110010110010010111011111111001010
41859103183118
1111100011001101111100011111110010001100000010111111
2493211784626676
1001001001011011011101011110101001111110100010111011
37191492613799051
0101110001001011010100100100000111010100011100110011
25
1111011101011010100010001110001110010011101011110100
179306196226433
1010000000010101010001010001000101001111101011101110
12782168
1111101111000110101100110000011111011101110001000111
745
1001001111110001011100111101110101110100111100010101
740335901
1000001100000000000011000001101000100110110000100101
63274753
1101110110001001010110010101011111101100011011111111
89746745930504323
1101010000001001101110011101100110010011110010100110
27
0010001100001000100110111010011111011010000000101111
43057375855594
1110000000010101101111010010101010001000100110011110
675449022794
0111001110010111101110000101101000011111101010000100
83145393
1100111000010010000110101001001110101000101011100100
23
0101100000011111100111110100110101101110000100100010
11
1011001011100000000100010000111000010001100101011111
470521416431211
0111100010011000110111100011011111111101011011111111
86832371
0010100100110010100110111110100100000000110011010010
532586541507
1010110010111101001101110011100100001001101101001001
25600955282960334
0101101001001011010110110110010010001010110001000111
60065058
1110101100110111101100111000101101111011101011001101
4566939
0100010111111011001111001001001110000100011111100101
51098569658
1010110001010101101000101110101001010001001000010010
1390972213425593
0011110011010011011100100110001100101111010101110000
978830595441076
0100000110010110000110101000111100011000101001111011
9314335
1001101111110011111000001000011110001010110111000101
753162750982
1101101111010001011110000100110000100001011111011001
1000000000000000000
1111110010011111110101101001100111111010001000110110
223861804376476
0001110101110100101101100001111011111101101101111110
6314000236
0111010011110000110110001000001100101111111110101001
92339
1010110111010111011010101100011000110000011110011010
55310413107883
0011111000100000110111101101101010110001110010101100
78200938127248
1010110101010011100100101001011110101111111000011010
8550454
0000000111000101001100010100011000101010000100111110
1000000000000000000
1010010000110010001000110011010100010101111110011010
7929880149830
0100000001010110011010100001110001011000111010000000
50
1110100111011110000101010110010110001010101110000100
37
1101111101001010010110110101100001000000110001100111
759
1110000010100000000010100011101101000010110011010101
14744118
0001010011101111010101001110011110100000001111111111
7046
0001001101010100110001100010001000110110111010011111
8
1010000001101010101001110100010111101010100100101101
27946769518
1110001111000110001011010111110000011010011110100110
456898146201146
1110001110000110111110101111010111011001000010111010
10396
1111101101101001110111010111010111001110011000001110
3638261
0000101000110010000101111111011101111000000100100000
7861572969009184
0111001011000010001101001101010011011000011110000100
897947
0000010001011000111100000110100011000100000110001011
865642642539917
1100110010111111100101011101000101011010110000110100
14
0000000000000000000000000000000000000000000000000000
9546872723953281
1101110010000110110110111010111001000100000111111001
785645391122
0100010010001111100010111110000010111000110101111111
3
0011001111010100011100111000010111000001010100000010
842328
0011110100010100111111010000001001100010111111111001
8462064
1101101100000000100001101011000001000011111001101001
362080260752
1001001111101101111100000111101001001010010001001001
568693124299
0001111011011110111101011001001011001111100000111110
54
0101100000000101000101000010010110011110100101011001
933558848
1001110101110100000111100101001101101110001011110010
2758207662
1110100001001011010010111111000010010101001001001000
278550927893
0100011100100001001000101100110011000100111011000111
7063890494
0101100101111001111010100000011001010100011010001010
1191861225790
0111100100001100110001001010100001010010011111110000
80399179601087
1100100000001010000111011110110100101001100010011000
45
1111100110011010001101001011001111110001010100000100
6042964928296711
0001010011011010001011111011110100100011011000100000
352626
0110100111100011010001101101011001101111000010100011
904250320930963
0011000101111110010010011000010101011001111011001100
8757887179799000
0001000100110010000100110000001000101100100110010111
596488244790422
1000010001100011111111010001111100111010010011101001
524998384148
0010000001010010101001011000011001010000111000000101
6277177370
0100011110101011101110000001100111001000010000010110
5080082650247
1111000110101001100011101111000101111000001101011001
323252
1000111101011010010110111011001010110101001100000011
406644
0010000110100101010000111001001110001101001110100010
984910985164
1010100000011000011010100010000010110010111000001001
97366988565527
0011011100101011000100000011011001110000010111011001
172
0110100011011101011000110110111100110100110110000010
309273133
0001110101101101011111000000010101111101111101010100
5478951287705
1111011000100100110010001011111001101111100101110001
353712855
1110010110101010010111110010000100000001101001000110
75011644056080
1000100000100010110011111011110110110101100111110100
195233
0111100100001000100001111111110100110101101111110010
95147
0011111010000010100001110101011011000011010101010101
471852541613
1001111111000101101010000010111011101001001110110111
23
1101111111010100010010010010101101001111101101010001
67974640591
1110000000101011101100001011000011111101111011010100
709230853
0111100100011100000101111010111111001111111111001110
99701237215
1000000000110011110111011110101010111001110001111000
5
0000000000000000000000000000000000000000000000000000
13145281196552
1000111101001000111100110101001011000011000101011110
104151029848
0000001101110000101001011010001100101000111011010001
99713
1000111111000111000001111001101110110000111101111001
35164500063454169
1101010010011110101101111101010011001101011010101101
6647867325483013
0011101110001110010111110010000000101001100100000001
12316998956610
1110001110001001000110011011010011101011010101100001
53586970
1101101000101110101001010110100101100100111110111010
97060699689
1100010110101000100001001011111111100010110011101100
91234979278
1101110110110000100100010000101110000100011101000111
1474387
1011000100001010000100001110101110110000000000011101
873265
0111110100000000011010011100110101110000110111101001
509363877
1101100001100000110101100011000001111011010100011001
506363276550
0110101111001010010100010111010110011111110100001110
34
1110011111001001001001110100110100011100101110100101
2
1001010100001010111111000110010000000101000001101101
2121436
0011000101111110010100010100101010111111110011110111
35
0000001010101000001001111101011010000110101100000010
77566213626
1001101000011100001100011010000011000110001101010111
235336470130
1001011100110010100010100110011010001101110111101010
906
1000000101010010111000111010111110111100111110011100
621
0111010000010101010011001001100001001110010000110001
511074907819
1010011110011001011111000111001010110101100111101001
616130327508
1001110000001010011001101111100011000001001000110001
23366181045206241
1111001100101010100000110010111010101001110011110011
1555441
1001100100001010010101111000001000100111100110001110
248156488494154
1000000011011100110001111010111011110000000000001010
5
1111010011110000011100100010110100001100100110111111
19
0011110110111010001001001100110000011010010111101000
55726003982658
0011000111100011101110001100110010011101111110100110
6263452988447216
0011000010101111100110111111000110100011111010010111
8547708
0100111001110100001000100101000111010111011001111010
2869
0000010100101100000100101010111011100011001000111001
679278420030276
0110010010110010010000111000110000000110000011011001
667116544142782
1110000100000001110010000101011101000010110000011100
6800035
1010011000111101010100101110011001011001011001001101
9916221617376113
0010010010001101011110001011111100100010011101110001
9
0000000000000000000000000000000000000000000000000000
562604498596
1111111010000001000000010011100111000001001111110011
1656201602598
1011001110111100001100011011101011001010110100110011
156902610005
1000111111101101001100100001100001100010111001000011
4820059190589372
1111000011011111000001011011100100011100011110011010
8754877695609516
1111000101001111010000000001010011110011111000100001
170490544588
0010001001110100001111110000100100010110011000101000
61568
0000000111010101111010010111000111000010100000010011
331929542669
0100100010101111001100011001001111000110101111011111
4536797733028348
1100111011010011011011111110001100110111011010101000
2678908439175332
0101011100111000100001111111001100001000100010111111
265256
1101011001110110111110101010110011001000010000101101
69
1000010111100011011111111111100100000111000011111111
302792766
0100110011101000111011001110110101101001001010010100
854416862813085
1110001000100000001100111010000011011111100100010100
48609659130
0001000101000000011100111111001101011011011000011111
37479827610
0001110000100000110100011010011001110101100010100110
4489
1010110101111010110100001101100111010100100010011100
123
1100001110011111100000111000101111100111101100001110
540656982080
0111100110101101010101001101000001011000101111111000
587358914193
1101001110110100111100011001111111011110001101100101
459228101
1100101111100110010111010100001011100001001110100110
160138035640286
1101011101011011010101100011101011101000000010111011
52
1101011111001100101001111110001000100111101101010100
18459417817
1110101000100011001010110010101111111111110010111011
1135250968
0011101010011000101100000000110100000100100100100100
272093781
1101011010101111000111001100100001111011111110111000
51185791065
1100100001111011110100100111001001100100101000010100
51676985235535
0001010011001110000110011000010101001010001010010111
33133
0101110000001010100101000110001111100110100010100111
49393276187
0010101001100001000110010010000001111111110010111010
8319228167
1011100110011100101111000100111011010000010100110111
4152690
1111111001101110110000011000101101011110110100101010
42270462465
1101111110001000110011100101010110111100011001000111
986569915240
1110001000111000011110011100001110000111011010101101
672487569436
1110101011101000101011111111010000000000100111000101
1890527854151
1100101111000010101010110111000001101001100011110001
85300
1101010000101000011011010011110001111000000011010010
50779702
1100110001011001011100110001000000001001011100100010
40
0111110011100001110001101000110010011110000001000101
244397916199
1101010011010011000110000010101110010001101100100000
1000000000000000000
0010101100110011000111001110000000001110100001000011
13534816990704198
1011000000000110000111101100101111001011011011001110
974837884940
1010111010110010000000001100100100100011011101110001
163588875
0010110100101101110101111001000001001011010010101011
89698378932
1011111111100111010111001001011010010000001000011001
479705
0011100110011101001011001011010100011000000001111000
263
1001101101010011011100111000101101101100101100011110
1024614100643
1011100111111110101101000111011011111100010110110001
95110246
1111011001011001001101100010011010001110101101111100
3067697723533569
0000101110101101011101011001011001001000011100001101
11
0000000000000000000000000000000000000000000000000000
239060
0101011110100001000011000111101001101001101011001101
463329
0111110100000000110100001101100111100011100010110100
5
0010100101101110100011001001010001101110110111001011
5003179265591208
0000100110010011001001000001110111110110111111011010
6
0000000000000000000000000000000000000000000000000000
21655924193468181
0001011110101101001011101011010011110111110010010011
975376727620
0101110001001010010000011101001100011101100101011010
780155
1101111011000110110101111001001000110110111010010000
1
0001110010101100000111101110010011001011100001000110
484376
1100011011101001111010011001001101100010011011000110
646686304226355
0011000001000111010101110101110011001011011011011000
775055546995
1100011100101000011100000110110110100000011001110000
37
0010110011111010100100100110111101111001001010101000
699662112828762
1011111100100101101000111101010001001001001110010110
19
0000000000000000000000000000000000000000000000000000
26032807
1000111001000010101001101101110101110001110111010101
3
0001101000110000011100000110111100010010100111100111
304876072377
0110011011000001101010110101101101111110010100110111
1642009
0001110111110100010001011000110100000001010101000100
63993
0010000110100100010001101101010011110111000000101001
8089857
1110010011001010010100000111110010101010011110110101
1923
0000111110100001110100101011010100110100001011101000
457151436104
1010011110000100110111010110010000100100011100010100
109906854
1101001000101000100101010111011000011110000010111010
28
1011001010111001111111001001111100110110100110011011
270473852091
1010000110010101101100000010000111001011110100110010
791612348825
0111101110001001101110000100010010001100001101011110
85675097061144
0100011100111011101101000100110001101100111001010011
75
1111101010111100111001101000000010111100011110010111
7958312879746022
1000100101101011101000011001111111010000110000100111
47
0010110001100111110100101000000111110111001100110000
685434440510
0001111110000010000110011001001010100001011010000000
274769914
0001100110000000011011010111011110011001011111111010
929148679824
1010101101011010001001010001111001010100010000011010
9241
0101111010100011010010000111010111000100000001101100
911
0011010110101110000110101001001010010001010011000101
9322343559966665
0001100011111011100110011010000001001000100100111111
70
0011000010000100101101010101111010110101001100101001
21301
0010101101011001100000001111000111100011110001000110
9
0111100110111100101101110100011100110101101010101100
38
1101101110010011110100111011110010110010000011001111
48
1011000011111000100110111000000110101111010110010010
9
1010001100101000011001100001111000000001101111000100
309123
0000110100011000110100000011001001110010000011101110
7831
1011111110010110011111010101110100100001011101011001
406
0000011010100000010011100100010011010111011110101010
18427271822035406
1010110001110110101101100011000001111010011011000001
44
0100011110000010010000010110110101111101010110101001
1183
0100001111000011111100110110000110011111010011101101
10709052
0010000110101110000010010111001100000110110111001010
9307
1011111010011101100011011000111011000000111001100111
6174
0110010010010000011101010010001010010001000010101010
138494660
1011001100011011001100100000010011100001001001101001
0
