0000000001000101110111001110100101100000000101000100100111011100
0000000011100001101110111011000100111101100110010010010100010010
0000000101101011000010110100111101000010010000111101110111110101
0000000000111110101101011101010010000011101100000100000110001000
0000000001100110010010010011110001101111110001011000110000101001
0000000101110101001110110110110111101100101101100111001100101100
0000000111111010100101011100101000111110011101100011101111110110
0000001011110000011101100001100101101110011010101011001011111010
0000000001101010000100100111100110010001001100100110110110001110
0000001101010000000000000000000000000000000000000000000000000000
0000001001011011010011111000111010001101111111100111110111101110
0000001100100000110010111010101011101111000000000011010100100000
0000000110111010010000011010101110110011011110111100011110011000
0000000011010111001110100000000001110100010000100110001000110110
0000001100010111111111100110100100101011110010011111111010000111
0000000101000010000011000011111011101100001101011011001010011101
0000000000100101100101101101110011101000011010100001000001000001
0000001000011100000000101001110001010111000011100001001111111101
0000000110101010111000110100111111000001001000101011100101001001
0000000111010111100110010010111111001111000000010111011101100000
0000001011101011110001010101011101110000010001000110101101001111
0000000110010111101100110110110011101000110111001110111101000101
0000001000100001110001011111111000001010000010001011100101010000
0000000101100000111110100011111000001000010011100111000011001101
0000001010110001011011101100110001100100001011001100011110110100
0000001100010001111101010010100111001100111001100110101111101001
0000001101010000000000000000000000000000000000000000000000000000
0000000011111010011110110100100010110111111010001100000110000100
0000001100110010001010110111010010011000001110010101000000111001
0000000101110101000000000111111010110101101100111001110000011001
0000000001000001010100101111101111001111100011011011011111100010
0000000111101110111100000101011001100001100011010001110011000110
0000001011011101000101000100100100001101110101111100101010001000
0000001100110001011111111110000001111100100011011110110101010101
0000000001101100011101111001110110001010100101001101100100000100
0000000000110100111100111010101111000101010100000100010111100001
0000001001000010010001101000100101010000101000101111111000000110
0000000001000101110100110111101011000011010110001000010111100000
0000000100111110101101001010001101100011000111111101110000100001
0000001101010000000000000000000000000000000000000000000000000000
0000001101010000000000000000000000000000000000000000000000000000
0000000010001100111010101101010110111100010000110001011001011101
0000000100111010000000111100001101110000001111111011111100110101
0000001001001101110000000111011110001011111111010100100010011000
0000000100110100011100000111010011110101110001010001010000100100
0000000110101101100110001111100011111011100100001000001001110100
0000000010001011010010100001001000001001000110000010110100101001
0000000010100010000001011001010101110010000000100010101101111101
0000000001010101110101100001110011000001011010000101011000101001
0000000111100001000111111010101100010000000011111100001111000100
0000000101100001110011010101011110111100001101101101000010100010
0000001001101110100011101111110111110100101100001111010100011101
0000001101010000000000000000000000000000000000000000000000000000
0000001101010000000000000000000000000000000000000000000000000000
0000000111100011011011111100100010101100010001100111100111101111
0000001010000010010101111100111110000101100110110110000101001100
0000000110011111011111000000010000101110100010000010001001010000
0000000000101100001110110101010100001001001010001110101001111000
0000001001000011010000111111000100011111000110110001101100100110
0000001101010000000000000000000000000000000000000000000000000000
0000000010011000010101001001101100101011010100100100011111010000
0000001000000111000110111101100101110010111001010100101010101001
0000000000111111100111010101001011000010011000101011001001010000
0000001001111000010001101110111001000101100110001011100001010111
0000001101010000000000000000000000000000000000000000000000000000
0000000001011100101001111001101001011101111101110001111011101110
0000001001110000100111111010001010111011010110110111001110110111
0000000100001000101011000100110111110000010010011001000001101000
0000000100100000100100000000100001100011111100001111111111110111
0000001100111001100110110000100011001110000100010001011100001011
0000000110010011101011111011010011011010100000100100101101100010
0000001000110110000111111000010011000111110011101101110111111100
0000000110011101111101011100000110101001111000011111001100111101
0000000000111000001001101110000010100101101110000010001100111001
0000000110110001100011011011001111110101000010011100111100100111
0000000100110001100111111110001001010100100000101101100000000111
0000000101100011001111101101000110011010110011101011101100010111
0000001010011000111101001010111010010000100000101000100111001010
0000001101010000000000000000000000000000000000000000000000000000
0000001100100010001110100000011110111110001110010010101110100010
0000000011000000000111000110000011101001100101000110111100000100
0000000001110011011101100010011010111100000110011110100101101011
0000000001010100100010101110010001110011001100111110111010001111
0000000001101101011011001100110011111010001010000001011000110110
0000000101110011100110010000111110010011101110011010010100010001
0000001101010000000000000000000000000000000000000000000000000000
0000001010001000100100100001011110111111011111100001110100100100
0000000010010010101010010110100010100111111100000110100000011101
0000000001000010000000000000000000000000000000000000000000000000
0000000100111111110001011011100100111101100110101110010110011010
0000000010010011100110000010011111100011010101000101010110100001
0000001001001101101111011100110011001110001101010000111110101000
0000000000110010110111100110010100111011110001001110101001111100
0000000101110111101010011111001101001111101111101111011000010000
0000000010010010111011011110011100101111110111110011111011001011
0000001001110101000010111101111111100100001111011000010000110010
0000000000110011011000101100101101010100111101100000101010000011
0000001100010000100101110001011011010001100001111111011110101110
0000001100010110011010010000010001100100010000011011100001000001
0000000011111101111000001100110011111100101011111000111110011000
0000001010110001100010111111001101011110101010110111100010000100
0000000001100111111011111101100100010001010110110101001010000001
0000001101001100110000010111101110101101100101110011110011001101
0000000000110000010111010111010000010101011010110011010101001101
0000000110111111000111000001011000000010101100111001101111101001
0000000110101000011001010110001100110001111011101110110111101110
0000001000001101011010101011110010000010111011101100001001111110
0000001101010000000000000000000000000000000000000000000000000000
0000000011000010011111001001111111011000001000101101010101101010
0000000111000100001010110100101110111110100011111111101111011000
0000000001000101000000000000000000000000000000000000000000000000
0000001000010010010110000110100001111101100100001110000110011000
0000000010010001111100100011001101100011010111100011000011000010
0000001100000111010001100011001001001111110111100101001111111001
0000000101000100100000100101111001000110000101100001010101101111
0000001100011010000101110001001110001001111101110000101001111111
0000001001111111011110110101000010001010100001001000100001110101
0000000001010000101111110111001011111011010000101010101000000010
0000000000110011010110111111010001001000110001101000111001010100
0000000100100001100111111011000011010111001011110100101010011110
0000001011110010011001011110111010001000110110110011010101011100
0000001101010000000000000000000000000000000000000000000000000000
0000001101010000000000000000000000000000000000000000000000000000
0000001101010000000000000000000000000000000000000000000000000000
0000000111000001100011000000000111101111111101001001010001100000
0000001010100010001110010100111001011111010001100111100000111111
0000001101010000000000000000000000000000000000000000000000000000
0000001100100000001110111111100010100011110100111110010011111010
0000000100001100101001100011100100100000011110101100100100000101
0000000110100011111001010100010001010001111100010100000110111100
0000000001101010001110110110110001110001010001010101111110100000
0000000101101000110111011111111000011111111000001011110100010001
0000000110110110000010011001111110011010001110011100101010100111
0000000001010101010110101110101101011000101100010010100000101111
0000000101011100101000011101001010010011011010011011101000100000
0000001000010101000101011111111110111010001011101011100001101111
0000000110001001011110101101100011101010011111011011010111001101
0000000100110100100001111111110111011100101011011111000010001110
0000000111010010010011000011110111111100000001011010111100101110
0000000111110000111001011000000000001110110001010100100110110010
0000001011100011000011111111000010111000101100111011110001101011
0000000000110001101101101010010100011101001101000110001111010011
0000000100010110110001000010011101100100101111111101010011000111
0000000101000100110011010101100010100101110010100111111011110001
0000000110100011000001000010000101010110001010100011011100111000
0000000010010100000101001011010110110000110010100110010111111000
0000001101000011011010010101010110010001111001111011100001111111
0000000110011011111001100011010111000001001011000001111000100001
0000001001101000111110000111111100010111000010101101011100001000
0000000101110110011010111010100000111101100110000000000010010001
0000000100100000010001001010111110110111111100010010000111101111
0000001100110001010010010011101111011010100110111010101100110011
0000001001010000101110101001101011101001110111001110000111000010
0000000100111111100000001011001000101010011000010111101111010000
0000000111110101011001001101111000100010001110111111100001011010
0000001101010000000000000000000000000000000000000000000000000000
0000000110100111111101110101110100010010001001010001000010000011
0000000010000111100100100000001101100111101010111010010010000000
0000001000010110001111101100110101111111100010101000000111100100
0000001010110110000110011001011000000111010000110110010010010100
0000000111001111110010001011011011100111001111110010011001000110
0000000011001110100000000101001111001011011100000001010010100011
0000000101011111111110001101000010110110111110111000101100010101
0000001000001010000011001111101100001110110111110000000111110101
0000000010011000001101101101010100100001011010010110110000101011
0000001010111001011111101011000100010101001111010100100001111100
0000001101010000000000000000000000000000000000000000000000000000
0000001000110010110001110111111000010100001010101111101110101101
0000001000010110011111011000000111000011100001110100101011011100
0000001001111000100110000111100111000011010001111010111010001110
0000000001010100110101110011110010010000110010010011011101101111
0000001000001110000000111011101111011101011110101111111011001110
0000000001010001111011000101000000010111111111001100011100001010
0000001000100101010001011111101100100000001000101110101100000101
0000001000111010000011110010100101101000110100101011111000101101
0000001100100010010011101101100011110010100000110111111010111111
0000001101010000000000000000000000000000000000000000000000000000
0000000001101000011110000011101111101110010011101001010101110010
0000000100110101011001100111011111100110010011100001110100000011
0000000010000000000111110110000100010010101110110100110001111011
0000000100000111001110111100010101100001001010111111001111110100
0000001100011011100001010011001110100010101011111010011101001110
0000001000000100000001101100110110001110011011111010110001110001
0000000011000001010010010001111000110000111111000110011101000000
0000000101101111101110001000111011011010111100010010011011110001
0000000101111001011010100011101100000000001011110100011101010011
0000001101001110001001101000110111001110010111001000111001101101
0000000011011000011100110110100100101001010010111110010111010101
0000000011010010101101100000111010100111110101110011111100001001
0000000001110000111111111010010011101111101000110011010011001010
0000000010011001010000100010000000001011100100110101111001111110
0000001001001111000000101000110011101010101011110010000000111000
0000000101110010000001011011111100011011100001100011011101110100
0000001011101000010101001111100011001101100011011111011000100011
0000000101110110000100011110011011111001100010000001101101110011
0000000101101101001101000000010010101101011110011001010101000010
0000001100000000110101011000101100111110101100001101111001001111
0000000100000111110101010010001110010011011000010000010100110111
0000001101010000000000000000000000000000000000000000000000000000
0000000010000000000010101101101001100001010101111001110100110100
0000000001010100011100001010110100011110011110100101101000101111
0000001101000100110100010000001011111011111110010001111101010101
0000000101111001000101011000101001000001011000100100000001101101
0000001101010000000000000000000000000000000000000000000000000000
0000000001101000110101101011110101101010001001000101101110000110
0000001010011000110101111010011010001110101100001100000110000100
0000000001100101000110100000011101010000011000110101111101110110
0000000011011011001100001100111101111010010101110111101100110011
0000000111110111000010100000111001101011001111111011111010010011
0000001001110110010110011010100101011101001001000011010010010001
0000001010111001111100111111011111101100100010000001100011110010
0000000001000010011101111101100011001001011011111011101001011101
0000000101000100101011110110011001100100000001100011000110111001
0000001101010000000000000000000000000000000000000000000000000000
0000001101010000000000000000000000000000000000000000000000000000
0000001010000100000111111111100100001100110011000011000100000010
0000000101011001100010001011000110100011111010011010111010010100
0000000011011100011010100101011111111111110011101001000001011010
0000001010000001011010110100100011010100100101011100100010101111
0000000011011100101101101111100000110110001110001100111010001010
0000001000011000101100011110100000110110010010101010010011011011
0000000001100110010001101110011011011100111110110000001010000000
0000001001000101111010101011011010000001101111100010100100011000
0000000001010011101010000011010010000010101010110011010000101110
0000000101110001100000111100010100101111001110111010110010111011
0000001101000110111110011000000110001101011111011000110101110011
0000001001010110110111101101101101000000100011110101101110110011
0000001001011010010100100101011000110000010000000100110000010010
0000000010100100110011011010101001111011101010100101111011010110
0000000101000010000111011101011011010101101101010011111001011001
0000001100110111111110111000001001011110000111011011001000101101
0000001101001010011011001001111110100100101011011000101001101010
0000000111100010000001010000011001000000110110111101110101011110
0000001000100110100111011111110101100011010111000010101000001000
0000000000100011011110000101100111010001001011101101110010010010
0000000000110110011010101101110111000000001011001001111000011011
0000001001001000111110101110001010101111010010000100101010100101
0000001100011100111011110110100001000001000010110001100111011100
0000001101010000000000000000000000000000000000000000000000000000
0000001000010111011100001011001011101100001011100011110011000101
0000001000010111100001001111011101010010000111111011010011000101
0000001100011111000110011100001000010101101010101010010101110111
0000000011100000010101011111011011110010000111101110011011101110
0000001011100010000101111010010001000000111101110110000100100010
0000001010101101100011010011100011001001011111001100011000110000
0000000100000100100111011101101011110001101011110100101110100101
0000001011101110111101101000001010101001110111100001110100110101
0000000101000100111110010001110100111011010011111001111000111010
0000001010000000001000011000111001011011000010110000000110001001
0000000001000011000000000000000000000000000000000000000000000000
0000001100011010110110000100000001111011001011111001110110111100
0000001010000100011101110100011101110101000100101000001111111101
0000000101100000110101010001111110010001010011010001011110100110
0000001000010000101010011001101000101101101100001110111111000000
0000000000011110101011011011111010110111000011011100010101001111
0000001101010000000000000000000000000000000000000000000000000000
0000000110100100100111001111110100010101100100011000011110011000
0000000001100000010011001010010110000011010000001111100001100100
0000001011000010100110000100011111011110110101101010101101001010
0000001010101100111111100101111101010011001001110010001001001001
0000000000111110001111101110000010010010111111111110000011010010
0000000101101110011010000101100001010101000110010011111101100001
0000000001011011111010001111101100100010110110010000010000100011
0000000001001101010001011001111100101000001011100100101010110111
0000000000110010010101011001110101010100101101100011010110011000
0000000001100110000101010110010010111111111110101010110100110110
0000000011011101010011101111001000011010100100110111100110111000
0000001101010000000000000000000000000000000000000000000000000000
0000001010110101101001101001001111101111010010010111111000111011
0000001101010000000000000000000000000000000000000000000000000000
0000000110100010011010000100010000111110110011111110100000110100
0000000101000010110101101001011100101011111111001111101101100001
0000000001000101001011110010111110011111101100001110011001101100
0000000011010101101001010011101010111011010110100000101100101000
0000001001110100110101111101111000010101101110100111100011101000
0000000111010100011111001000110001111111010110001101110101011110
0000001001000011000101101110000110100110101110011001010000011111
0000000110111111000000111000111010110010110011101011100011110000
0000001100001101000111101000000000001001101110110110111111010000
0000000100000010010001101000010111001000101011101101010010101101
0000000111111011111100010001100101001111001000101011110110101110
0000000001010100011100100111001000000011111100100000111101011000
0000001101010000000000000000000000000000000000000000000000000000
0000000110100110001010110011110110010001111011011111000111011101
0000001011110000000101101000011001001111110111010000010000100110
0000000100000000011010110111101011100100011011000010100001001000
0000001000011101100100010101010011011110001111101000111011011001
0000000001110011101011111001010111101010100001110010100011111101
0000000110011000010101100011000010111110111111000101110111001100
0000001011110000110110000000100111011110010010101110011001110001
0000001000100011001101101100101011101111100001110001111010110000
0000000001011010101110101010001010001000111001011110101100100101
0000001000100001111101010011011011100001011001011001000100111110
0000000010100000011111010011100001010000100011000101000010010110
0000001000001110010101100111011110111100100111110011110110111000
0000001011011001100011000110111111101100100111011011111001101111
0000000111100011110011000110010011111111000100101111100100111100
0000000001000011000010100000100001100110110000111101111000110001
0000001011100011101111010110001100001000011001110110001011001110
0000000100101110000100011000000111010101001111100001110101000010
0000000000110010101101000011110110111101000100001001000001100001
0000001010101110110110011001110011111101110001101011000111111010
0000000111010010101000100011100100110100001111111011101100101011
0000001010111001011101010010100100100010111010001010000111011110
0000001000010100100100000101001000111100101111101000101111110101
0000000110110100100100110000000011000100110111001011100100011011
0000001010000110101010100000101001001011010000001010110010011000
0000000111111011111101011101110010000011111100110100001001101111
0000001100001010111101001000011110111100001111111001011100010111
0000001001111101111001010110000101111010110000100100011010011010
0000000001110100011100011001001010011011111111001100000101011110
0000000000011000000000000000000000000000000000000000000000000000
0000000011010000011010110001011111101001010111000111100101010010
0000000000111010010000010100001000100101101010011000111110110000
0000000101110110101101001110110100111101110000010111011001011000
0000000010011110110011000001001111011000010111101110100011001000
0000000110011000001101110001101000100001110001100000011000111011
0000000111001010011111100011110111111010001010100010010011100001
0000000000111101010110001111100111000100011101110101100101101010
0000001011110100000100100010001000011000011110001010110001110001
0000001101010000000000000000000000000000000000000000000000000000
0000000101000110001010011011011001111101001011111000111110101111
0000001001101001010101111000011001000101000110101100000110100010
0000001010101101010100010100111100100101000001000001111101000001
0000000101111001001011011101010011110111001010101000110111111001
0000000110111010101111101000111101001111000101110000110100011010
0000001101010000000000000000000000000000000000000000000000000000
0000001101010000000000000000000000000000000000000000000000000000
0000001011101100001001001101111100001011101101011000011110111011
0000000111011000010100000001001010010011000110101001111010010110
0000001001110011011101100000110100101011010100010010010001001011
0000001001010010110111000111010111111101011000100011011001101101
0000001001110011010001000011101100000101011110000001000001010000
0000000010110000110000111011000010110000101010010011101001011111
0000000111100011110100001000101011010100010001101000100110000100
0000000100001000100010000110101010110000000010010000101010000110
0000001001000000101100000000100101010111000011010110101111110000
0000000111101000010000001010101001010101010000010001001001011010
0000001010100000110001001010101100010000101010011010011110000011
0000000000110111110110001011111011011110101011101000010110001100
0000000111100010010001001101100010100001000011110110011010111100
0000000100110100100011101000110010001011101101111111101101001000
0000000100010010011001010010010010001101010001101001011111111100
0000001001001001010111111011101011101101111101101111100000111011
0000001011110100101000100000001110110101011011000111111010000100
0000000011111111101011100000101100100011100001010111011111000000
0000000000101001110000000101010110001110101000111100011110011010
0000000000010000000000000000000000000000000000000000000000000000
0000001101010000000000000000000000000000000000000000000000000000
0000000000111100100000011011111111101110010011110100100110011000
0000000100001110000000111101010100100010100001111000011001010101
0000001010110000001011010001101101110010001110000111001100000111
0000000110101101111110010110011101101000001000100011001000110000
0000000101110100101110110001001100001101000000001101100100110111
0000000111100000011000010111100111110101101100111000110010110101
0000000110011100010110101010111001100010010100111000011001000011
0000000010001000101010011110101011110101100111010101001111100001
0000001010000100001010110100000001000101110001011100111111000011
0000001001011001110111111110100001100011110010001000010011011010
0000000110101100100011011001000110000110101000000101111101000010
0000000001100101100111010101001001100001001010100001011101111101
0000000010001101010100001111010001110101111001000011011101000100
0000001011100101001100000110000001100001000100011100010010101001
0000000011010010101110110111011010111010001110000110111000000001
0000001000111010110110010000011001001111111110011011001011110110
0000001000010011010111001010010110001000001001000101110010010100
0000000100011001011100010000111000011000101011111110111000001010
0000001011011110001001010101010011001110101000011001001010001000
0000000010011100100111100010110010111111010110110110100111011011
0000001101010000000000000000000000000000000000000000000000000000
0000000000111001101000010110111111011010101000000100001010000100
0000001010100000101000001001101000001000010110101011111000111000
0000000111101111111000110110010000000000100101010101110010101010
0000000100000100111011110000100010000101010101100101010001001110
0000000000110000000000000000000000000000000000000000000000000000
0000001001110101001011010011110010010100011011011011100111100000
0000001000001010011100000110000001010111010000001011101111010011
0000001011100111110001010100100111011100010010000011000001110101
0000001011010000110010001110100001000010010101100000001011100110
0000000001100101011000000110111101101010111010010000110100111000
0000000011001000001001100110001111100100101110101101111010010101
0000001001000110010011101101010011111110100011001000111110101001
0000000001001100011111001011101000100000101010010001100100000100
0000001010010000010011000001111001001100111010000100101100010010
0000000011001101000100101010111011001010011101000110010111010011
0000001010000010010111011111100111001010000001011100101101110111
0000001010100000001001101101111101101111100001100111100000110101
0000000001101110110010000111111110101000011111011101011011101010
0000000100110011101110101001110010100010011000011101100110100100
0000000000111011110001110011100100001111011000000000101101100001
0000000100111010110011111010001011100110110110111100011001110100
0000001010000001000000011111011000110111100111011011111001001000
0000000111100001101011010110101100000001100110101100101011101000
0000001011111101110000000001010010110001011010100101011100101111
0000000000111011011111010001111001001110001111101010000001011010
0000000001010010110100100110010110110101001011011000101101000110
0000001100110011101101010101101000110101100000001011011111010011
0000001001111100100001101110100010111011011001100110101001001100
0000000100110100011101110000111101111010110110010110110101010011
0000000101110010010011011011011100001110000111110011111111001100
0000001101010000000000000000000000000000000000000000000000000000
0000001000100101000101110111100111000010000011011101111011110001
0000000000111000110010111011010010011111100000000101001110000100
0000000000100111100101011111001011100110111110101111111001000101
0000001000000010001100000000001101100001101111111101001000100010
0000001010000100100011110000110111111110100101111000010001111000
0000000010011001101001110011111000011101010011010101111000110111
0000001000011010001000110111011111010100100011011010101010000011
0000001001111000101010111101110110101000000001100001101100011100
0000001000101000101010101111101111111110011001000110010000010001
0000000001000101111010010011111111000000111101001010101001100010
0000001011010110110001111010010100010100101110001011000001100011
0000001101010000000000000000000000000000000000000000000000000000
0000001001000000011011010000101110011100010101111010111100010001
0000000001010000101100100110000001000000111110000110100011010111
0000000001110010000011001011101000101110101001000110101001001000
0000001101010000000000000000000000000000000000000000000000000000
0000001011100110100010010100001110011001001100001011001011000010
0000000010010001010101101011110110110110110000010110111011101110
0000001101010000000000000000000000000000000000000000000000000000
0000000111011101001111110000100110011011000011101010011101011110
0000000101111101111000001111000001011001111001000110000001110111
0000001001010110001110010111100010000000110001111011011111001001
0000000000111100010001000100011011000001101011010110000111111000
0000000010100010000110110101000001110000010110101011010000100101
0000001101001010100010001010001010001011001001110000001010000100
0000001001101000111110100101101110110010011010110001101101101110
0000001001111010110101100000101011010111111010001100100110010000
0000000010100111000110101011111000000001100011101010100101110111
0000000000010110101010110110100100111001100100000010000000100001
0000001001111010000001110010000100011010110011111110011110011110
0000000011100101110000011100000001010101001100110111111010000101
0000001100011110011110011000010110000010100111001111010101101000
0000000001000000000000000000000000000000000000000000000000000000
0000001011100100001111000100110101001000010010111101101100000011
0000001000000111101010010111110100000111110100010101100011111110
0000001101010000000000000000000000000000000000000000000000000000
0000000011010011111011010001011001110100100111111000110010111011
0000001010110000000000110101000110000000000110001001110110101110
0000000011001011011000010000100100001100111111101101100110101111
0000001010110101111010001110101100001000000111111101011011110000
0000001010000100110001110011011111101101000101010101111001101011
0000000111100011100110110110011001111001011100001110010000110110
0000001010110001110000110010110101101011101000001001001011111001
0000000000100100000000000000000000000000000000000000000000000000
0000000101001111011110110100001110010101100001100000000100100001
0000000000111011100011001001101110011111011000110110100001001010
0000001001011111101011111100001111001111010011011001111010110000
0000001101010000000000000000000000000000000000000000000000000000
0000000010100100100000000100011001101001101100100010110000110001
0000000011111100100010001011101001111000101110100101001010010001
0000000000111100000000000000000000000000000000000000000000000000
0000000110011000001010111100001000001101011011001011010000110110
0000001000010000110110110010111110100011101100111101111000010000
0000000011011010000000000000100011101000111101001100111010010101
0000001101010000000000000000000000000000000000000000000000000000
0000001100100001000010011101110111101100100011001100000111000100
0000000100001100110101011110110000100111111010001111011001001110
0000000010100110111011100001011111000010101011001011000000100011
0000000101111110001100111100011100110101000001001101110101010111
0000001010100010110001101010100110110110101111110110001101101000
0000001100101111100011001000111100011110111111110010001110110110
0000001011011100000011111101100100011101011001001010100011010110
0000001011010011011011101010101100001001001100100001111100111010
0000001010110010000010100010001111001010100011000101001000101000
0000001011000011111000011010111010001101111011000010000001101110
0000001100011100101111111110011111010111011011001111110010010110
0000001001101110000110001101010100010001101010111101110001110000
0000001000000100000100010010100000011000001100001110011111101000
0000000000110010100101110111100000101010110101100011110001100010
0000001010101101010110111100011010010111000001000101101101101100
0000001000010110011100000101000001101011000101110110000100110111
0000001001000111011101000000011111110000011000101010010101100001
0000001011000001101011101101010110010010000101011000100011111011
0000001011100101111111101111001111001101110110011011000000010111
0000001011110001100010100111100011100100101100101011000001000000
0000001001111110101010100110010110010111000001100101100100101001
0000001011110001001010110010000001011110011111111011111001001001
0000000100111110011101111111010011001110100000100010101111111001
0000000110100100011111001111010000100110110001000101000101010001
0000001100011001011010101110011011101000101101000110100010000011
0000001010010010010001100110001111101110011100000110000011010011
0000001001110010001101001110101110101111000011110000010010100010
0000000011011101010101010001000110111101101100001110100011100011
0000000000111010000000101101100100100001111010010011111110010000
0000000110100110000011111110010001001101100000000111111111101111
0000001100111011110100110011001111011011101100110111100011110111
0000000111010001000101000100000111000001011010111000101110101111
0000000011010010001001011111010101100111110101100000111010010001
0000000011010100101010010101000000010010010101111010100100000101
0000001011110000111101010110001000111111100100000011000000110100
0000001000100000111110100001010110000000011001100011001011000101
0000000001101110011100110110010011000011010000011010110000110010
0000001011101000001001011001111111101011010101100001110100110101
0000000110100001010001100001100000011000011001011111111010110101
0000000011100000101010000000010001100011100011100110000111101011
0000001000000000010111010100110100010101010001000001100011101110
0000000011011110100110010111100100010000110100010011010010101111
0000000001000011001100110010111100100100100101001001011001001011
0000000100111011000000111001010010101100110101011101101101110001
0000001011011111111011100110011111001101110000111101001111100001
0000001101001110001011010010101011000000010111011101001110001101
0000000100111001011000001110001101101011110111100011001110111010
0000000011010101010110001101001010011110011111010101101001100101
0000000111011100111010010001010100110011100111100000100000000011
0000000010110001111000001111000100100000001101011110101000000010
0000000010100000000010011011111110100000100110011011111100110110
0000000101110110000010000111011111111100001001010101100000111011
0000000110011110111010001011000100110111101111110010001110110001
0000001001010001010110000110111011001100110001011101111101001000
0000001010110000110010100001000110010011000010101100111111100001
0000001000000111100110111101111100001101000000110010010111010000
0000001001110011111110101000000001000111011111001011010110111100
0000001100010111111111001110011100101000000100111010111111011011
0000001000010000101110111001000101000111100011011010111100010101
0000001101010000000000000000000000000000000000000000000000000000
0000000101000100110011001010000101000000000010111010011011101000
0000000100001101101111001110011001111000010100110001111001110110
0000001101010000000000000000000000000000000000000000000000000000
0000000001000001101101101100101100111000000001001100010001010011
0000001101010000000000000000000000000000000000000000000000000000
0000000011000101010011111110100100101010101101001110011110100010
0000000001110010011110110101111011111101101100100111000011101101
0000001010000100111000111001110101100101000101100000010101010110
0000000110000110101011001100100000001101010100101001011011001010
0000000011001110000111111100100111100010101101011101011010100001
0000001000111110101111000000100000000101100111111100000101010001
0000000001101000001000100101100111000101011000011010010100010110
0000000110010010001000011001110101000101001011100110101100110000
0000000011101011111100001100100011101110000110001101000010101101
0000000011111011010111111000001000100101100001100111000011111010
0000001010111100110000000100101111100010111111110111110101111101
0000000111010110000010011011011100001100001011001000011111010110
0000001010110001010111110001011110011110110111111011101111011110
0000001001111010000000100010100011110101000111100000111011110001
0000000000101000011011101110011100010010111001101100010000111010
0000000010100100000010000111101110000101100010111001010010100100
0000000011111010110011011110111011100000110100000010111000001101
0000001010110001010011101100011001100010010000101000101100100011
0000000111011011010100110100011111110100111011010000011111011001
0000000001100100101101111011101011101101111110011011010010111101
0000001001110000111100010001000110100000101011001100000001011110
0000001010000101110100000111101001001110101010011011110100110000
0000000001110001011110110110011011001001110000110111001110001101
0000001001110100000100000010110010111000101000111000011101011110
0000000011010110011010100011110101010011100110011001101101100010
0000001010111001000001100000101010111001101111110011000101110001
0000000010100101111011011110001001110111000110101010000011100010
0000001101010000000000000000000000000000000000000000000000000000
0000000111100111000011111010111110111010100111011101011101100001
0000000001110100100110110010101101100100000111001001101100000011
0000000001000001000000000000000000000000000000000000000000000000
0000001000010010101110100000010101110110011110011100111000001100
0000000001011001100010011111010110111100010001010101000011011111
0000001011111011001110010010110000100001100110000000011110100010
0000000001101010001111010101111000001010000100101000111001011111
0000000001101010110011011110101101111010111100111110010011001101
0000000001100101011010100010100111111110010000110110010001111010
0000001101010000000000000000000000000000000000000000000000000000
0000000110100001000001110110011111010101011111110101101010101100
0000001001001000000110000111111110001111100101001001000101111000
0000001010000001110111101111110011000110000110011101111110010001
0000000001100100011110000111010111111110111000110101000001100101
0000000000010000110011101011010000010011000111011001000100110001
0000001010001100001010110001101001100010011100011010101001000110
0000000100001010001010010100001101010011001101010001000100110111
0000000011010011111010100000101010110111010011110101010101011011
0000000010000110111110010101101001000101000011100001001001001001
0000000110110000010111010111101111100100100001111110110000001101
0000001101010000000000000000000000000000000000000000000000000000
0000001001110010111010100001011110110111101101010010100001010001
0000000011011001001110111010110100110010110000000001101100001011
0000000000101101110010001000110110010110111010000111000011111001
0000000010010100110101100111001011110100111111100001110100001011
0000000001000001100110110010100010011001100010000110100011110111
0000000000111001001010101001111010101101001011111111001011001001
0000000001001000010110000000001000110010011111110101011000011100
0000001101010000000000000000000000000000000000000000000000000000
0000001100101101100111011110010001010100101111000010001010000011
0000001010111001000100111011110010001110111000100100010110010111
0000000111101011100011010011101011011100011000100111010110100111
0000001001000010011110001111100000100011101001110111010000011100
0000001101010000000000000000000000000000000000000000000000000000
0000001101010000000000000000000000000000000000000000000000000000
0000001101001101011010111110110111101100111000111100101001001011
0000000011111011010000011010110101101000010000000000011111001011
0000000100010001001110111000001110011100110110101110110001011011
0000001101010000000000000000000000000000000000000000000000000000
0000001011100111101110101011011001010101101100111010011100111100
0000001000010000101010011101111010110101000100000101100100010110
0000001001110000000110000001000101101100010101001001000011101101
0000001001000000010010001010111011000001110011110000010010010110
0000000000110101011011101101111011010101011111100110100111010111
0000001010010000101000101000110011110110111001010110000001101010
0000001101010000000000000000000000000000000000000000000000000000
0000001011100101110001101110101111001111000010011111011110011000
0000000100000010101010110010011000001000010001100100000010101000
0000000100001101110011110100001100001011001110110010111100110110
0000000010001000100110111001011011010100000011000000010110010110
0000000011010000001010110011011011101000111011011000001001011101
0000001010110001011001010010011101100011100011001100011011101111
0000000110101000101001101011001011010001010111001011000110010100
0000000101101111100011110111001010111010010001000000011110111011
0000000010111000011101111111010011001111010000011000010111011110
0000001011001110101111011001011000100000000100110010100110001000
0000000001001101100000010101110101101000100001011111101111101100
0000000110101001110100001101111111001100011110110100100101111001
0000000010001001000000001001010011111110110001110010101111100001
0000001000010000000001010001100001011010110011100111010111001101
0000000101001001110111101000110000000110010111101010011101000001
0000000001000101000011011001000000111101010111111110100111100101
0000000111011101001100100011100000000111110000111010001101100001
0000001101010000000000000000000000000000000000000000000000000000
0000001011010110010100010001110000101011111110011111101001010011
0000000001010011100111000001011010000000000010111111101001101101
0000001100010001000001100110001111000101011110110001001010101111
0000001000010101110011000011001000011010010111011011000011111111
0000001001111000010100010001110110110001000110110011110101110011
0000000100111111110011100011111010010110010100010110101110101110
0000001000000000000011100110000010000110000111110101011001010100
0000001001011001010111001101100010111011110011001011000100111001
0000001010000101111000010011001000001111000100010110101111110001
0000000100010011101000010110010100000001100001110110100100011001
0000001101010000000000000000000000000000000000000000000000000000
0000000001101000111011101101101110001000100011101000100111111010
0000000011101101111011101110111011101001101001000010001001110010
0000000011111000111101011110111111000010000001010000011111100111
0000000000100000000000000000000000000000000000000000000000000000
0000001101010000000000000000000000000000000000000000000000000000
0000001100010010001101011111001101110110100001001011111000011101
0000001100111101101110001101111010101101100011101110001010000100
0000000000110101111100111011000101111100111101011011111000001010
0000000100010000100010111010100110110111100110101110110110101100
0000000100010010100010001101111100111010100100010010001101001001
0000001000010000010101101110010100010011111000011110011010001100
0000001011110011101011001010011001010000111011101100010011101110
0000000000101010001011101011111010111110001001100010011111011010
0000000001010111100001111001000000010110100011000101110111000001
0000001101010000000000000000000000000000000000000000000000000000
0000001001001000110010010100010110110010010110011011000000111010
0000000000110011101100001111101011000000011000111101111010000001
0000000001110101011001010101010000010011110100100111100010110100
0000001001110011110010011001000000111111111010110111000111111011
0000001000010100011101010010100000001101111001101011110001000000
0000000110110001000110100100111010111100111101010111010100110110
0000000110110000101111001000101101110100110001100000110010100001
0000000111001000011101001001000000101000100111100110000000101111
0000000010110110101001111010010001101010111000001010000110011100
0000000011010011010011000001010100110110111101011000101001110010
0000000111110110010011101101101011110001000010100110101101000101
0000001001111111010001000111110001110010000111100010111101101100
0000000011100000111010001100100101011101001010011011011011001001
0000000010011000101001111000111001010011010101010001101110100011
0000000101110011001110110101010000001101011111010101001000010011
0000000010011111111011010110010110011010010000000111010010010111
0000000101000001111000111100010111100010111101110011001011110010
0000000001011011000000111010011000000011000100001100011101110011
0000001010100000111000101010100001001000001001101111001111011000
0000000010100010011011000110011001010100011100011110000111111101
0000001101010000000000000000000000000000000000000000000000000000
0000000011101100100101101111111100010110100000011011001100111011
0000000100111110100011001100010111101111101010011001110111110101
0000000100000111101110001100010110001000010010011000000011010111
0000001001110001010100001101010000001010111101001100111010111111
0000001001110111111101110110111000111100010010010101000101001001
0000001000011000010100110100000111101000110010010001001010111110
0000001000000001110100000111010101101110001010110111111011101011
0000000100000100000110000011001011011111101010010101000001111111
0000001100001011010010100100001111011110001010100100110110110010
0000000000110110000000000000000000000000000000000000000000000000
0000000101110101000011110101110111111111100000000001011000111110
0000000110010001111101000010101101000001010100110000011111100101
0000001010000011010001010111101111101111010001110000101100110010
0000001100100011111111000101100101111011101001010011101100000111
0000000100111000011101011010000101010111001111110000110110111010
0000000101000010101011111011011001111101110100111001101111001011
0000001000011000111111100100110001111000000001101100010001011101
0000000010011001101101010110111010101101111000010010010000000001
0000001011111111111001100101100010000110110001101101100100101000
0000001010110000010101110001100011011011100001010011111111110010
0000001101010000000000000000000000000000000000000000000000000000
0000000001000011010010000010011100111011101010001000010010110101
0000000000101100011110001110101100111100100000111011011000111101
0000000101100101100100101100011100110111010111111100111111000111
0000000111000000001010110010101010101100011011111100100110100001
0000000001101110011010111110100111011001101010100001001101011000
0000000011010100001110100100001011111100011000100110100000010100
0000001011101110111000111101100101110001100000011100001110010011
0000000101110000111011101111011111001101001011011000100110110110
0000000011110111100000111111000111001101011010011000010010110110
0000000000100000111110000000111101111101101010011010100011010011
0000001010111101001011100111111011011111100011110001011010110111
0000001100110000100101110111111101000011110011111100111010000010
0000001100100000111011001011111010010001101100110001111000010100
0000001010110100110000111010110110100111100100011111100111011010
0000000001010010011000001000110010011111110000000111010111101010
0000000111111000001100011100101111010110000011000110010111000001
0000000001010010111010011101010111001101100111110001000111110101
0000000000011101100111110111011100111000011010100110110111111000
0000001000110000110101000000100001111001011001111010101111011111
0000000100001111111100111000111001110000011100100001000010010010
0000001101010000000000000000000000000000000000000000000000000000
0000001010000111100111000001000111001110011101011110010110100100
0000001001001010010010000011001101011001000010001010101111011101
0000000000110100000001001001011011001000100110100100011000001010
0000000010010010100000011001101010001100100010111111000010000011
0000000010001100100000100110011011101001110000001111111110000100
0000001011010010101111110100011110011010000100011000001101010110
0000001100110000001001100010110101110000010100100101011000101000
0000001011100111000001001011011111011111011111011010011000011101
0000001010110001101000101111010110110100011000110001010011101100
0000000111010011101100000111110111101101011111100000111010010000
0000001001111101010111000001011111001011101111011011101011010011
0000001100100010110011000111100100111000101001000111111001010111
0000000100101010110110111000001110101101111100100100100001100011
0000001001000111010010100100010100011000011001000010010000001110
0000001101010000000000000000000000000000000000000000000000000000
0000000111000001101111101010000101100100111010110010000101011001
0000000000011010010101000010011101000111010111010111100101110011
0000000001010110101111010110110111001000111110001011101110001010
0000000000110011110000010110100100010100000101000100101001110000
0000000011010100110011110011010001110110010011110111110110111100
0000000111101000001101001110111010101011011100000011110110001111
0000000100111010000111101001110000111000000110000100110001100110
0000000001011000110000101010111010010101111011101011011100110000
0000001010000011011100011000111000001110000110001000000100100110
0000001001110100100111100100011010001010011100100000111010001000
0000000011111111100011000011111111000001100010101111101010111010
0000000101000101101100000000110000101001111001000110010110011000
0000001100110010011111110010110101110111010100010111001101100000
0000001100110110100000010010110100111111001111100011100000111110
0000001101010000000000000000000000000000000000000000000000000000
0000001010110101101010101011010010010010101010110000100000101111
0000001011111000100000010110100010010000110111101110101110111000
0000000110110000101100010101100000110010111100101010100010011011
0000000101001101100001011010011011110111010011011010010001101100
0000001000001110101110110010001011011111000111001000101001111110
0000000000110010000000000000000000000000000000000000000000000000
0000000000111010000000000000000000000000000000000000000000000000
0000000111001011000111101011110101111100010100011010011010000111
0000000001111110000011001010100101101010101111001000011100001000
0000001100011000100010100010000101001011001010001010010010001000
0000001010000001001101101101001101010001110000001010101101110100
0000000000110100000110100010011001100101011010101110010000001011
0000000100001010100100101110111011010001101110110010011010000111
0000000011100000001110111010100101011101011000100111100100001110
0000000000111010011011110000011100101010101001010000100010100011
0000000010100000011001100111001100000001001001011010101010010010
0000001011000000000010101000000001100001010010100111110001011110
0000001011100010101111100010110001000101100100101011000100011101
0000001100111010101111000100010100110011110000000000110011000101
0000001101010000000000000000000000000000000000000000000000000000
0000000001011001100011111001100011110011100011100111111111011111
0000001100000000100100000000100010110111011101010001101001010100
0000000110001000001011011100111000001010010101101010001001100110
0000000010100010011001000111011001101110100011010101101001110100
0000000111100000101011010101010101101000011111110001011000001010
0000000110101100001001000000111010100001011111001011101111001110
0000001101010000000000000000000000000000000000000000000000000000
0000000001001111110101001111000100000110010110111101100001000010
0000001011100010010110110100010110111100111011100110010110100110
0000001001111100100010000111011000110101101111011101101100001001
0000000110110001111000111110100001101010011001100011011011001000
0000000001010000001000010111101101110111101000010010100011011000
0000000001000100011000101000000011001100101010001101001100000010
0000001100010011001111110011101110110011111001111111110111000100
0000000110101000000010001011100001110101111010111100001100110110
0000001001111001111101010110111001111111101101101011101101000111
0000001101010000000000000000000000000000000000000000000000000000
0000000110101011011110101000101100010101100011010111110010001001
0000000101100110001011110001010100101101101101001101001000011010
0000001001000011111010000000010100100000111110110000101100110111
0000001100100110000001101100100010010001000100011010001110000001
0000001100100001011000111011010010110010011110001010001001001001
0000000101111100100101101001111100010000011001100101010011111111
0000001010000100010111101110010000001000110111001001000011101001
0000001101010000000000000000000000000000000000000000000000000000
0000001011111100000100111000111111011101111001000010101001001111
0000001000010001001000100000111100111011001100111001100011101000
0000000100010010111011010010100101001100111011100001101011111000
0000001011011111001111101001111100000011000111111011010100011101
0000001011101101101111110100100110100001001100111010000101001100
0000000101110000011010111110010111011010101011011111011011100011
0000001101010000000000000000000000000000000000000000000000000000
0000001010110010000010110011010111100110111001110110111101011111
0000000001101000011001011100111110010000110011101010100010101010
0000000001100001110010010100001001100011110001100110011101010111
0000000010100110010010110110110001111001011111111011100010111101
0000000101111110011011000000001011101111110110000110000101011100
0000000011001101100110110010001010011010000101111100011001000101
0000000000111101010001110111111111000010111010100111111001001111
0000001000111000100101111011001011001111110111011100000000100110
0000001100011000010110111111101100001100100010101110111001110001
0000000011100100000111111110111010100001110011100101011111111101
0000000101011100110111001111110101001010001100001001111001001010
0000001101001101111000101001010010101011100001010101111010000110
0000000100111011110111100101101000010111001110000001010100110010
0000001100100101100111010111111001111011000010111011110011110111
0000000000111110000000000000000000000000000000000000000000000000
0000001101010000000000000000000000000000000000000000000000000000
0000001001111100111111001100001101011101010000110011010100111000
0000000000100011001111010100011100111000010111000001010100000010
0000000100111111110101101101101111101111101100110101110110110000
0000000101111101111100101001010110100011001111110000111111111111
0000001001110000101000001000000100100000101011011111110011010100
0000001001110010100010111110000001111111101001011101110000000101
0000000001100010011110100100010111010101000001010100010001111010
0000000111100110011101111001100100111000101110000000101010010111
0000001000000011100110010100100000110101100010101000011100001000
0000001001100100101101111111011010100111101010110001000111010010
0000001000010001110000011001110000001110100001010101110001000111
0000001010001001100010110001000000000100001011110011011100100110
0000001011110000010001111111110111111011100000001001101000011101
0000000001100110101101100110110101011110000101010101011100011000
0000001101000101100101111111000100110110100100101111111011000010
0000000100101110011011001100100001000100011111101000101000111100
0000001100011101110000100010001101010000111010111010001100011101
0000001101001111001110110111101101101011100000001001111100110010
0000001100011001011110001010010001111011010001101001011011101111
0000001001110001001101010101000111010011101011001000011000100011
0000001000001101111011100101101001011111010001010000000001000100
0000001010110001111101011100000100000001011100100011110100100110
0000000100101110110001110010011100101011101101001100000010001010
0000000100101100000101001110011000011110110110111000010101110100
0000001010000111101111100001110001010001011101101110010011100111
0000001011101010110000111100101100110101101111001001011110100001
0000000001111110011110111011001110000110010001001101011010111111
0000000111000100100011011001101101001100100110100000111010010101
0000001010110011100010111000011100000101100110101001110111100000
0000000111010011111111111010000000110001100111000101011100000110
0000001011101010000111011110011111100101101100100110000110111101
0000000100100001100011001100011111110000101101100011100011010010
0000000100001100111001101101001010011101010110100111000010110101
0000001001110110010011011000101011111110101111011011000101101000
0000000001010110011111011111001101101110000001111011110001111001
0000001001001101101011110110111100110101010101011001100111110100
0000000111011111001000101101110101110011101111100010001100100100
0000001001010001011010110101000001111111000000001000000000000111
0000000000101000000000000000000000000000000000000000000000000000
0000001011000010101000111001001010001001011000111001111011000111
0000001001001000100100110100011010011000100011001000100001101000
0000000100010011000000100010001110001101000010110101110101011110
0000001101010000000000000000000000000000000000000000000000000000
0000001101001000001011011110010110010011100001010000110100101100
0000001011000101001001101110111111100010001001100010111111111100
0000000110100111101010100011011010011100000100101100010110100101
0000001001010100000001100000011111011111001110011011011010100000
0000001001010011110100011001100101001101111000100010011101011001
0000000101010011000001110001111111000100111100101101001101111010
0000000101000011110101001101011011101011110011001110010010010111
0000000111011100000000101100111100011111000001000000001100000001
0000001001110100111100010010000100011101011001000011111101100111
0000000001100000101011000010000000010111111000101011101101011011
0000000000100010111111001000001111010100101100000011110001010001
0000000101010011010100000111111100100010100101100100111000001100
0000000001010010001011111101001011001101000101010111100001100000
0000001001001100111011100111110111000110010100110011011101100101
0000001001100101110010011110010100010100100101011000010110011000
0000000010100101010101001100001010110010101111101000100010110000
0000000010011100010000000101111000000000110100000111000011111111
0000001001111000100111001010010011101101111111100001011111111100
0000001001111100110111000111101101100110001001110010001000011011
0000001101010000000000000000000000000000000000000000000000000000
0000000101010010111101100001110110001011001100001000000001010100
0000001100000101001010010010011010101011011000100110011010101010
0000000000110111011110110100010101011010000111001001011101001101
0000000001001000110100101000101011011111111100100000111101011110
0000001011011110001010011000110110110010001011110000011010001100
0000001101000110110010100101010011111000110001011111100010010101
0000000101110101010011001100000010000101110000100010001000101110
0000000010110110110111111111100000110010111010010100101011000000
0000001100011010100101110111111110010101011101011001011101101101
0000001100100001101010000111110011011111001000000001100001110010
0000000101110101011001000111011010101010001101111000010110011110
0000001101010000000000000000000000000000000000000000000000000000
0000000000110100000000000000000000000000000000000000000000000000
0000001010000000010100110111010000100000011001001101011000111000
0000001010010100100000100011111111101000001100101101111110001001
0000001001011100100010001111010111111101111100001001001101000111
0000001101000111011010000000011100100111000010000010111010101010
0000001101010000000000000000000000000000000000000000000000000000
0000001001010110100001001101010010111101000110110101110000110101
0000000011111110010001110100111011110100101010001101101100011001
0000001001101000110011100101011011110001111000111001101000111000
0000001101000110001110011110111010011011000010110101111100001101
0000001100110110011001100001110111001100000010011111011000000110
0000000100101101110000001101001101011110000001010000110000011000
0000000001101010101001110000110100111111100001011111101101101110
0000000111000111011110000100111100010111010100110001111111000011
0000001100100110010100011010110011011010111100101010110110011101
0000001000111000001010010011010011110110110100011000001100100000
0000001000110011010111101101101100001001110101100011100110100100
0000000011001101011011001010110000010011000011001000010100010001
0000000001111011010110000010100001110110111110001000011100101000
0000001001110111001101101010110001011100000101100111011010011011
0000001001111111001110101111100101100100101010011100100011101001
0000000111011000100101100011100000000010000001111100100010101111
0000001100000000100101101010101001111111001100011111100110011001
0000000001101000011010110101011110110000011101001000111000010101
0000001000110000011101010010001100011100110111001001100001110000
0000000111100100110010011110001110000101000101001011000110011010
0000000111001101110100011001010000011110001111001000001000000100
0000001001000101010000000010111011101010000100100000010011010111
0000001011011001010110101010001101010100110010100111001111111100
0000000011110101111111101101110000101010010000110001010011011101
0000001000111010110011101110000001000001010100110010011000100100
0000001000011010101110110001111000111100001010110111010100011011
0000000101101111100101011110010101001010001101100010101101000110
0000001001000010011011110111111111111000001000001001010000110100
0000001010001011000010101100100000100110100111001001000101100010
0000001010000010110000111111010010101110111011101101100000100001
0000001010011000101101000000110111111111010001001100011111101111
0000000100010011000010101100110000010011101100011110000111111011
0000000110100101110001010101111010011101110001001001010100101001
0000000001011110100000000001010001100110010000101010011101010010
0000001001101010000011010101010100110011010111110001111110000010
0000001101010000000000000000000000000000000000000000000000000000
0000001101010000000000000000000000000000000000000000000000000000
0000001010000111110111011010010110110111110110010100110100101010
0000000110110110111100010110001100110100000110010001101011110000
0000001001010010010001010001110011010011110011101100100111111001
0000000100110001111011110010010000000111111000001110111110010001
0000000010001010100000101110000011110010011111001000000101011001
0000001010001001101111011011011001101010000110011111011101011101
0000000110110110001111111010001110111110010010011000001110000010
0000001100110101110111001101100110010101110111001011011011000000
0000000000111000000000000000000000000000000000000000000000000000
0000000100100011100101011110111101101101111001010100100110011100
0000000100110101000010110100011000111101000101011111111111110011
0000000000101011111000100101110100101101111010100110010010101110
0000001101000001110011100100010011101111010011101100000000111011
0000000000101100000000000000000000000000000000000000000000000000
0000001101010000000000000000000000000000000000000000000000000000
0000001010000011010011110100111111010101110010110001100001110110
0000000101000110010000110111100010011000000110110111111110100001
0000000000010001110010101100000111101110010011001011100001000110
0000000100111010010001001000101001011110001101110100011110011000
0000001100010101100001010000110010000110101101100001010000111000
0000001010000100000011010110110110100100011111011001000111101101
0000000001010110010101101001100011011110010001011111111000100001
0000001100100000100000001111001000111111001001000011110101000110
0000000001000100000000000000000000000000000000000000000000000000
0000000110010011010011111100010011101001010000101101010000110011
0000000000100001101000110000011100000110111100010010100111100110
0000001001101000110111100111001100101011110011111101110100000010
0000000101001011111111001001101100110001011000011100011001110000
0000000100000001101011010011101000110101001001001011101101000101
0000000101111101001110000110011010111000001110101000111100011010
0000000010101111111001011111000011001110011001110110110101001010
0000001001110110000000101100001011101101001101111001101100010010
0000000110110111110110111001001000100010101101001001010011110000
0000000001011000100111111000100011001111000001001001011110101000
0000001001101001101011100011101001110000101001000111011000110001
0000001010000001000100111111110000101010000010001110001110110010
0000001011101000110001110001010111111101001111111110110111111111
0000000001110010110011100000001010001101110001101111111001110110
0000001101010000000000000000000000000000000000000000000000000000
0000000001011100001010011011101110111100001011110010110010111110
0000001001110110011001110101001110010001111100110111110010111001
0000000111000010000000100100111110110010000011011000111111000100
0000001010000110100100011111011011111111001111011101010101000000
0000000011011000101110010100100101100010111101011100001011110100
0000000010100001001111001111000011111010101010001001010111110001
0000001101010000000000000000000000000000000000000000000000000000
0000000001100101000111010011001110010011010100010001000000110000
0000000011101000010100110100101001101011111001111100110110101001
0000000000111101100000101011111001010001100100000011000101010101
0000000001100010000111001110000101010000011011111100011111110110
0000000001100100101101111110010101110000111101001010001111111010
0000000001000000010111111001001111111101001011000001000101011001
0000000100100011110101010010101011111001101000110111100101100101
0000000011011010101111101011001000000101101011001000111101100111
0000000010001010000110001000110111000110111101110010100010110110
0000001101010000000000000000000000000000000000000000000000000000
0000000001011100110010001111001011000000000111111000010001101100
0000000010100111011001011010100100010110100011100000001001000001
0000000101110111000111001111100001110111101001010110010011110110
0000000011011111101101110101010001000011011110010010100110000011
0000000011010000110011000101110000111100101101100110001100111000
0000000110111100000011111000100111100111000101000000100111001010
