166584896644
1101100111010101110001010110010100001001100000111011
2969726436236
0001010010111001100101110001010110001011100011110010
18308256754
1001000000010001101101101001010011010101110010111011
70444680387231
0111100010010111001011000010111101111101100000111000
92
0100001001101001011110100001010110000100111010100000
4046
0101101000100110010100000010110101111011111010011010
796337
0110011101101100000111101101000111110001101001110011
892463
1101001000111101110110100001111110000000000000110000
999
1110110001001011001100110111111010011101110111011100
439
1111110000100100010100111111101010011001101110001010
1000000000000000000
1100010101101011101001001110010110000001000011011001
1
0100001100110000011011011000000101010010100001010111
98852157767619
1111001100000101101110100101101101011011110101110101
72939237880597958
1101010001110000110101101110101011100011010000000011
8
0000101001000101000110101101110010110101101100110100
2
1011111000001001101011100001011111000011111110001010
26171024081202
1000000001101101011100101010001000100110111011001001
57
1101010111010011110000110001011110011000101101110000
3178995468
0001011010110000000000110011110110000011000101010110
8734479934653201
0010001100010111111001011011110010101100111010110010
33065809052
0011111001111110111001100101000001000010001001111000
2240832880540
1010000011111101100101100100101011111110100011110110
13995501391087
1111000010111111000001011110011000000011010000111110
55803692656080426
0010010111101101001100010111101100100110100111111111
5916511
1011011100011001111100001101001110101001100001110001
3268
0011101010010000011000001011010010010000000111110001
15176
1010101010111100010001010110100111011010000011100001
7655
1010000000100011000001101100010001101111011110001001
9769
0101010111001001010011110000100110111110011001011101
728
1110100111010100100111111100011000011101011101011110
4308548
0001101101100010111110001001000100101100111111010000
7360718
0011010001110001100011010000010000111100010100000010
9034383899
0110011010100100111101010010001010100110100101100010
35377387
0001000100001000110111001100101111111101010000000011
2112595802516737
1000111000100100001010011100110011000111101110011100
4671866129311
0001110101101000101011110100011000100111100100001110
31362666703480
1001001111010100110000111110011111011010010000111000
239
1010000111111111010100001110110101100011010111001010
6322
1010101101000101111111110000000010100111000010101100
8
1110110110001111100000011001000011100011001011000100
4889092
0010111110011000111111010100111001110100010010100101
708960447
1110100101001010011100010100110010010001101101000100
8466669
0101101111111110000000011000000111000100110110100110
41666334074
0000000111010010001101001000011010110010110001110011
77954210207091315
0000011000010111001011101010111010000100011111000010
6234558182154
0111000001111000101110110111000101001010001011111011
1475000766276
0011111001101111101011101100111100101100101010010100
7905
0001111001111010110101000110010011101110110110101101
524454
1000010000100010000100000101011110111010101101010101
8186664166406860
1111101010011101011010001010010010010101110011001011
30512312081
0011011111111000010101000111001111010001110000000011
790
1110110101000010111100111101010100001111111111001011
75760488143679
1011001000111101101001110000110011100011010001100011
4
1011111100110010000011101000000010101111111010110110
32949370531536
1011000100010111001011010001110101001101110111100100
43
0110100111000010011010010100101000011010101000010100
5445
1110010101000001101100101010111011000010010100000110
5661
1000110100001011011111101100001110110001101100111111
3046
0101011011111011000011101011001100100000000001111010
27050696
0100000111110101101010001110111000000001010100000001
61897247851
0000101000110001011000111011010010111000001000100010
4735
1000100110000001100110100111111100100010011000000111
982
1000011001000010110111000110100111010110011101101101
8323
0101000110100000111110001000100011111101110101010010
4412503173209586
0101001001011000000010011101100101101001111101000011
6183
1101100110100000001001111001110110011000011000101001
60294790375261957
1110111111101101111000011100110111000000010110111000
2658624309799318
1110100010011010010010111000110010001100111000111011
8205743
1001000101100000111010110101000011001101110000110100
357791953717
1000101101001111010110101101010011001100101101001101
838069868363
0011111000000010111101100101101000000110111100000000
790599191390
1110100101111100110011001010100100100010111110001110
249452
0011111011111100111101000111010110111111011010010100
3
1010000110011011010111011001001011001110101110011100
860582243562530
1101000000111010100101101010001001001010111101010101
2517136004865
0010110001010100001010110000101010001001011101110001
187222124014918
1000101100000100100001100000100011011000001010000101
910808385171
1110011001010100000010010010010011000001110110011011
33255026451
0111101000111001011111101110000001110110110011100100
28963034
0000110011101101000110000100100101100001110000111011
987066150308
0000100010101011110011110000111100001110001000011011
25
0101110000101001001110000001010001011110101010001101
96153049
1110111001010100111001001111111010100000110100101110
14375816
1001010101101100011100100010010100101110011100010001
67829431
1000001110011100101011101101010110011011000111111000
538057339133
1011110011000110001110010010110010001100101101111101
73522842011739
0110110000101001110010111001110010100000100010110000
29
0111101111000100111010110000011110111100011110001011
160421363502
0110100110110111100000010100011001001010110010100111
6
0010000011011111001100111101011101011011101110010101
9
0010000100010111011010110000110000111110111011111000
63213
1000001010010100110101110100110011111110100001010011
29356
1100011011100101011000110001000111100111101011010101
7773848
1001000010011011101101111001001100110011000101110111
744
0011110101011111111111010111101000001111100001011001
1243
1000101000110110101011100000011011001110101000110100
65198896450
0110011100011010001011100100101000000110011010110001
690787078377
0010001110110111100010110101010100011000001101111101
19834975666
1111110100110100000110000100101001001001100000000101
97130078
0100101111111111101110111110100000111011101011100111
6644284599417992
0001101001100001000010100100001101101010110110001000
721480773347
0110100010101100111100001110001111000100001011011000
10262
1110011110111110111101010101010011111011100101100000
41
1000110101100101110101000010010110111001010111100011
1463633197381597
1110100100101011110000111001000001101100010001000111
27263400779
0111010101111100011111110101001111000111110001001101
640157304806236
1001101100010011100111001111011000001110101000000000
62
1100010011101001100011110001101000010011011101101010
80886
1010001100110100110000110110010111010011110110100101
49
1111010110011001001101111110010011011011000110101110
26
0010100001101110100111010110110110001010101111001001
106576693
1100010000001011111101011001010100000001011111101101
907431006
1100110100101001010100111100111101110010011101111000
381265110643
1011001111101101101010010000010101111100100000101111
39288242209957
0001111101001001011001110010101100010101110000001011
4812108588101
1111101010000101111100011100110011110101111001110001
79372870464482454
0001111011000111010011001110010101100111100001001111
5582923
1101001010110101100100011100111111010100110001101000
9793205531476
1001011110010110110011100011001101101101110100100100
374039944
0000011101100011111011100010101100011110110101111011
372
0000100100111111111110011100010011111000000100001000
59
1000000010000110101111111111000100011000101101001001
642692314
1000101101000000010111110111011101100011010101111111
914624221041392
0110111010011011101101110111010010110100011101101101
47884369938046477
0100111101101101001110110001010110100011011110011010
17997629808
1110111111110110111001101101101100010010101011110101
13
0101010001100001110011001100111101111101111101101110
813219854530
1100111011101000111101111001011110111111010111101000
17
0100111100011111111111101011010101100100101011010101
46107636
0110011010100110011000111101101011010010101011001100
24
0011110101110111010011100001100111111010010011110010
6399528024
1001001101010001100111011000111011110011001101011100
8
0001110100111011000111101001100010010111001011110101
10
0000000000000000000000000000000000000000000000000000
421733481543
0011100110111010100001011111111110100001000110100001
961984
0111001100010101000100001101100001011110111001000001
58859718564575993
0011000101011110010000101001111101010011011001110100
6225110078
0111000111010101001000110100011001000000011101101101
1819624743
0001111001100010101010110000111011111010000001101101
4580094
1101011001110100011100001101010110000111110110110000
1000000000000000000
1110100110010010101101101100111101101111101110001011
21256574814212646
0011110010111001101011100001101111011010010001110000
1948846484858
0100111101010111110101011111110101011011110110111100
195365246116868
1001010011101000001100101001101000101100011001010010
79
1101000111100010101010100000111110100011001001000111
489632936790396
0001101100100010000110001111011000101011000111111001
424798866120
1111001010111111100100001001000001100000001011101011
553855
1010011100100111110101111100010000000000000001111010
62140293459826
0000011000111000001011001101001010101011001011001100
517596996
1011011100001001111001000111100001111111100111111001
27
0101011111010010000000010010110110011001010010110000
37951464
0001101111000000000010101101001010110110111001111011
70230297
0010010001001000111110101101100100100010100001000111
8228249139818
1101100110111000101001011111111001110010110100011110
8
1101101100100110010101111001111111011100111111000111
166401491965150
0001100001011000110000011100010100101110111000000101
909113105011
0010110000111111110000111110011001001000001111010001
5713843208
1111010000101001010001101100111000100110110100100011
8727
0011001000111001110110111111000010111011101100001011
688063083650
1010110010101110010110111110101010110000000111000100
198356178259
1101100001110100010100000010000101000010100111000000
97172439
1111110010011111001001110100110001100011000111100010
2089094183
1011100001010010001000111000000001111100101110011110
347811289753
1011101100010001011100001000001101110110110100001011
709791947
0100101101000011010000011101111110111000001110110000
182819734086889
1110011011111010100100000111001011011110001011101010
11
0000000000000000000000000000000000000000000000000000
4983988453443
0010100100010010100100001001110101011100100000110111
214882824033
0101101110101101001000101010001000000101001110001000
36
1101010011111001101100000101000010111010100110001100
8
0100000101111010000000101000110001111101111111010111
32
1001101101111100010111100110001000001111000111010111
3254
1010011110110010001110010111111111110111111100010000
8809316103
1100011010100111101100101101100001111111111100011000
1961123501958453
1110001011100001111110110101100100110010011001110111
679426115911163
1001010101110100000011110011100101101110000000010011
92672
1111110011110111011100100000110111111101111000100001
1658169
0101001111110000011101101000111001010100000010110011
9990490087741
1000011000010001101010100000001101010110000010100000
8741652971150
1100110110111001001010000110011110001010100111000010
4153755709017903
0111100111011110111011110001000000100010011101000100
8840865
1001100011010010100010111111101011110111011101001001
16368132840928
0110010011000111001100111111001100100100100011110100
94169685283
0011100101000100110101001110010010010111000111101100
8273623666279540
1100100111111011101011000111011010110000011111111100
8319048104428
1010011011100100011001000001101001101110000100000111
17680567240
1001110110010111101110100011101110001111100110001010
3430249
1101101011001010011001110111111101010101010011011110
55239469651384033
0110111100100011001101001100100001101001000011001010
566647520861
0100110001111100010010000000000110110110010000111001
372
1100001010000100010000100010011000010101000010001101
7
1000111111111001111111100000000010011011100010110101
185315558
0111000000001111100101101010100010011001001100110001
81214
0010001011100011000110001101011110100000001010101111
7
0000000000000000000000000000000000000000000000000000
53
0010110000111111101011110001010100010111101111000101
2368444
1001100000011011100111110011010100101101001011111110
38045493
0101111010000010111011000000100110010000101100010011
2098139251141384
0000000010010100110001010110001110001100111111010111
3
1111000001010010100000011001001100000101111010001110
83653535944
0010010001010110001001101010010110110101010010000111
53038998687
1101000010000100100110110101000010111001100000000111
274558116
1101111110011110111101111100010011100100110011111101
797536
1100010101110100100011000111010001111001001000101001
231129114400
1100111101101000011001000110010111111001000000111101
592533442950
1110111111101000100110100101111101001001100110111011
273
1101001000110001011010110100111100110010011001111111
70203296143
1000110110101101000100100101010000111110100101110010
539
0011100000100001100010110011110101111010011100110110
1000000000000000000
1001010000101001111001001100011101111101000111101100
63455732883
1011000110011110101000000001001000010011100111000110
2131515375
0110111000011000111111100110000111100010100110010000
54750
0110111111011111110100110010010000011010000010100011
54033512458
0001111110100010101101011001001001110011001010000101
8
1011011111011000100111101101100111110010110101000001
65809545660
0010000101011000000101100110100010100001011101010011
995
1001101100100011111000111000100110011010000100001010
1
1011001110010011011111110001101101110110101101010101
4979105
0100001000100010011001011101010000010000100101100001
825905484380
0001001101011101001101101000011111011101001000011011
720132
0100011110000101000110000010110110100010111111011111
172363400962
0111100011010101100011100000000111111000010000110001
57177429089210769
1101011010101101011011010010101111111110000001110010
19478802367169987
0010001101000010010011000100100100010001001100000111
38337216729587954
1001000000000101110011001010110000101111111100011000
990903197455189
0100011000111110011010010000000101011011111110000000
41
0001000111001101010010111110001110011010000010101001
4206458919824051
1101111000100001100001101010100101010100101011111100
17
0001101001001111010000010101101101111000100010001101
530207269
1000000010001010010111110110010001101000010011111100
774582306924556
1100001010001101001110011011110000000010101110111101
78712767
1100111011110010111110000101010011010001110001101100
206571637464549
0011100101100110001001001011010100101010100101100010
10
1001010001111000010111010011011100111110000011111000
89179
0010101101001001011101110001100101011111001001010000
965276
1100101011010000100100110001001101011011110010000000
5
1111101011011010011001110100010001011010101011011100
1132946
0110011010010110110110100101111001001101010110110101
428
0101001010100011011010011000100110001110011011110000
46533740022541
0001100111110001111101110000101101110101001100000011
49002837441692588
1101010101011100010001011000111110110110001000100010
86487130621
0010111011100110001110000011001110000001111100111000
6036753195047790
1000110010001000000100110110111101101001110110100010
20
0011000000011010010000100011001011100101101011100010
54644749
0000100011110110011110011111101100001100001001110010
37784930064731
1111111010101010101111110010010100010011101010101110
121162910647
1100101111001010000000100010110011011010110011110111
86259033
1011110110010001101001011101001101101111100101110111
2316
0011110000001100010011000110011110011000011111111111
2500708
0010011011111010000110011001110000010001001110100010
515498460
0001100101101110101011110111010111001100101101111000
5391012384
1000011100100101001111100111010011100000110111110011
108422
1110100100011101110010110010010011011110001000000101
924284
0111001110110010110011100001100011010110000100000001
97663321
0001010000100011000111110101110000101100111110000101
817
0001010110001011011010000011101100100110100001001111
21
0010000110000010010000001100101001110001100101110010
87584852720
1000011111101110111110001101010010100001101000011100
37068267708727
1000100010001010100110001111011111111011000101000000
3796
1011000010111001001111100101000111110110100010101010
340533804230
0010111111111000111111001000101110111110010110111111
752102975732366
0011000101100011110000010011011001000001011101111100
9526014
0101010111011101111000000010101100111101100110001100
1
0111111011100011000100000000110011010001111100100110
973799077183
0010110010000001100110101011101000100010001110100000
608769402747
0011001101100110000100001101110000001000110011000100
79117
0010101000011011001111000110110101111001000010000010
198
1100000101100110011001100010001101001011111001000001
37
1111101111001011101110000010111111111011001010000111
89067961823
1011101101010100110011001110100000111101000011001101
892617965
1101100001010011101010110101111100011000000001110011
39
1011011111001011010100011000011110100001110011111110
45
0001001010111110000110011010110011010110001111111111
405636
0101100001110101111101011111100101110101110100101011
3982786744216100
0011111000010100001100110100011000011101001110110000
8872727402
0000010010011011000000110000011001110101010101110011
30780
0010001110000100011011010000101001001100000111100010
8423636164
0000010001000110011001010011100011011011100010001111
3204048951
0000010100111100001101111101100110110111111111011010
33192788646
1110110010001101000010010000011110100011100010110111
48232347127
1100001101000111001110000101010111100011011010110000
2
1000100001010000100011101001001111100000010011101001
2
0110000010011000011010101010000010000011001101011100
4500522845
1111001000001000110010001111010110111000010100110111
2291
0011101000011110100100001111110000011001011000110101
383187571
1110000011011001010110111000101110101101100011011001
772085859148
0111100010110011101001001100011011100110000101001010
679211575264420
1000010011111110011000110110110011101001000100111001
4376
0010100011000011011010101000110011011100000001001111
927
1101111000010011000101001000101111110101101100001001
7417859163018
0000100011000010000000101011110111111111001111111100
67096
1100011010001100010001001110000001011010010111000101
541947368565
1000101110100110010001101000111110011111011111111010
20240
1000100101101101000010000110000001011111100010100001
298011801668154
1001000111101110101100110110101101111010010110001001
685657938
1110111000111111000010011110000100011010110100011010
42162505958201052
0000101001001101111100000000111001010000010101000111
585923396400
0011011001000110100111010111000110100011101101011010
9
1100010011110100100111110000101000001100110100000000
628986187322331
1000101000000111001111101101000011110001010010010111
1753474779471
1110110000011011111011110001001001001101011010110000
828
1101111101111001001011111010110100111010110101001110
43
1100010001001101110011010001111100001010010100011001
38790643003
0000110001100101001100101000001010110011000111011110
80614002
0011010110000111110101001100101010100111111010010111
41778646089901
0101111000001011100001000101110110000100100110010000
85378
0001110010100110110101101010000010011011011110110011
279958889689871
0011000111100001011110101101110001001011011111010110
405
0101000000010011011011111001000110101101010001010010
6020537
1111011111101010010110110100000001111000011000101100
2102180941
0111101100110011001000001001110110000010011100110110
90805
1100110110101110000110010101111111111100110001101110
59711434346125868
0110100110010110110001001001011101100011010010011110
70329350418
0001011001010010111100100110000000110010010000001011
11
0100111101011100111100110011100011101101111110111101
433714120754741
1001101000101101110110101010101010001011001110011101
688951220226
1001100111000101010100000100010111011011111001011101
845105899459
0111011110011000000100111011110010101101000111000001
6
1011011101011101000110000111110110100111000000011110
41910900
1011100110110010000110011110001001101101110000111001
7
1111110111000011010110001110000110100011010000000100
62326295
1111101101100110100000011011000010100011111001010111
1
1110010101011010001100001001111011001100110000100110
64
1111001011011001110100000101101111001101001000101101
860
0101101111000111111011101000011011110110011010011001
16100883
0110100100010001011011011000001111101001111011011110
229633
1110100011000100011011110111000011000010110000110111
2
0110000001111011001110110110111000110110001000001111
104836856
0000010000011001010001001001110000000010101001010100
2
0000000000000000000000000000000000000000000000000000
17
0000000000000000000000000000000000000000000000000000
612461526601
0000011000010010110101001000101011110001011101010001
147866295109
0011111010011010010010110110010010101111111111110001
721
1011101100001011110110000010111010101010110001111001
4643918475
1011010111010001110000000011000110001101111111111101
935070
0011011000101010001000110000011100010000110001010001
18
0000000000000000000000000000000000000000000000000000
1
0000000000000000000000000000000000000000000000000000
1210472294
1101100000010011110011001010001101001111101001001011
14494661
0111110001111011000010011100100000011101111111010010
29612253572655
1101101111100010010101011101000001000110011010100011
1457454164183860
0011110110011010011100011010000110000110001101011000
5592
0001001000101000011110101011010110010000001100000101
154
1111110001000100011100011010110101001001100101101110
77562556306
0101111001000010111101010101000101100000111010001100
939
1001101000000001010001110000101101100011100110001101
26581822797355
1001101110010000110111011000011010011110111011010001
9
0011100010001110111101001000101000001111011101100111
426272319706983
0000011001000011110000010100100011011000101100000001
7948310312310
0010100101100111000110110101111100111101010001111101
558
1110011001100111011000000000100111110010010010110101
131901
1111011101001011011000010101111100001101110001010000
3981603540180477
0110010101001110100001011100001111110110011101000110
7814323275139291
0101001001011001000011110011101101001000111011111111
87
1010010010101100000001100011001000110101010110001111
8659051890
0010110101111110000000001000111001010110011011000110
8845161
1111101110001100010001111010001000000000001001001110
594821535074
0111100000010011001011101011001111100000101010100100
2555742
1011011011001011010000011101010010010001010110001101
3513
0000000000101101001101101111111100011011000000011100
1
1010000010110110100111001100011001001111111101100110
6349832360000567
0011000110000110011010000010000000100000101011101010
90009676407
0000000110101111011011101101001101000001000100111010
748862246
1110100010101001001111001101001100111110110000010001
40943
0101110101100110101011101001111110100110011001001100
21717634
0110011000100100101010001010110001111101010011000000
56520664643054
1111011001111001011110110110011000101101011101111110
1210127566239
1000011101011001111110110110101001011011010001100011
7299430461716
0100000100001000000100000101010100110110110100101011
16
0000000000000000000000000000000000000000000000000000
948
1000011110111110100011111010011100101000111110111101
44504201
0100101101111110000111000011101101000001110011001100
9962
0110100001001000011100011100100010010000011000100010
448502154
0001110101110111001100001110110100010001000100101101
314679436
1011101011111110101100000001011000101101001111011100
4
0011111101111101011001000010000101111001101001001111
3152225146038399
1010111101100111010011111001110000100101000111011110
3743509151852725
1100001100011001011000000011100101011011010101110011
62567
0110111111101000100010011010011110001100101010111011
24697484865956356
0011011110001110101000100110101100001001110000001111
96943940793030
0000110011011110010110000011011111001110010101000011
624599132534
0101001100010111110100000011100111101111000011010001
29713936950420
0010101101001001101011100101111100001100101001110110
92081122906
0011100101011001110010010000000000100100001101101001
38050558076
0011100011111110111011110101110001011011011110111101
28
0110000011100011110101100100000001001001000011111100
13321157
0101101000110100110111010000000100110110110100100011
275731081349
1111010100101111100011010101110110111100011101001101
5210382850084852
1101001100011101110100110110110001000010001101101111
601612907648
1100000010101011110010001100010100101110110110110101
64806213081
0111010010011100100100110000111101010100001000101110
99913432740271
0101101100110011111011101000110100010100101011001000
2273834
0100101000011110011011111010101000100000011011110100
21822980055
1111100011010110101011001111011100111001010110001001
104384
1100100110011010011011110111100101101110101101110000
1376188519627973
0101011001011100010111010111001111111000011010101101
46582046077926543
1000010001110101010011010011000011101111001010101001
72485892516761
0111010001110100010111111010111011100110001010000011
270835250395041
0001001100100100111001111000111101110000011100011100
608
1000000000101101100100110110011011011100110110000011
99736709017
1001011100100101000101101110011011001100001000111001
709464047349730
0101101011001000110101011110101000001111001111010111
19477736618
0110110101001100111010010001100100010011001010101010
27
1111111011010111111010000011111010100011111000101011
311735527329923
0101101101111100000011110100101001100110101010010100
766586231385
1101001010011100001111010000100101000110111010011101
5739048700910
1000000000010011000101000001110100110110011111010011
16
0110111100010010100111111000001000000111101001001111
824082735991
0011111011111001101101100100001011100010100100010110
624410696858
1111000110010000110111010111100111000011000000111011
27
1110011010110100010110011001000001101001001000001110
3257952
0001011101010101111100101100100111111000101110000100
30
0010000110101111010111100011011100000101110100100101
9
1100001110100010110100101110010001111001101001111100
8458775711
1101100011001010101010110101001011110000110011010101
544708231449
1101010000011001000100010000010000101011111011100100
5516055
0000010001010110100111110101110001111000010100001000
9009896742
1110011000101011101100100011000011111111000100011101
15
0000000000000000000000000000000000000000000000000000
497291753382
0001001111011101100100010010000001110100011101111110
5434
0101111000110011100000101110010001001011100001101000
568945790311
0011000111001100110101101001001100001011101100101100
5
1011110111101101010111000100110001101011111111111001
72310503
0010100100001110111100101010100000000100000001010000
1484682229491247
0011100010100000001001101100101111001100000110001000
3
0000000000000000000000000000000000000000000000000000
992
1011010110000000001001000001001010100010011100000111
719248174
1110000000010110100000010010101000011001110010011001
486124718498879
1011010101111010110010000101011101000101001110101000
12
0000000000000000000000000000000000000000000000000000
34
0010000010111010101111101010001001010011010100001110
369831
1010011011101000000000000100001000110010110001010011
6722060428178
1101110111110111110010001100101010110000011111011111
13
0000000000000000000000000000000000000000000000000000
231006585127952
1111100001101011111110111111001010110000001010100110
118198177
0001101100011101111000000000111001000111010000101111
17
0100110001110001101010100110011100010110011010001101
91544606768861
0010110001101001000001110011001100110010000111110100
9732038
0110000000010010100011001000111011011110011101110001
16773077842801
0001011110000101001100010001101001111110111000111110
815821586
0011100000001101001000100111110000101000100101110000
1239970586
0001010111010000111001101001110011101010010010001111
8219860351809
1111011111010111001001111000111010100100000101001000
711569945963
0110101011111100010101010100100100100011001111011011
9422
0111000111101001100011100101110000011111100010011000
258360215
0011000010001100101010111000001001110010000010000110
413099025713
0011000010101110111111001000011111011010011111001011
5125060867
1101110111010110101100101011011011101011010100110100
686
0111110110110111111010010000110110100010100001110101
23565087497900
0010011111100000111101010011101110010010000110000101
7746588
0001111011011011100100100001100111011111101110111111
185336654
1010010010011001001011001111111111001000111111000000
15
1111011001111010100011010111011011101000010010000101
588003418284
1110110100001101000111111110111011001110000100111110
925085315353
0100110110111001101110011100001010100100111101100001
25602007439
1110010111010111000000010101100101110001000001101100
141126993048678
1000101000011010000010100110011011101111011111000001
28185
0011001101101000100000111001101111101010101110011001
4676741739343397
0000111011011110110100000001011001011110111101001000
75274533879946
1011100111001010011001110001100110100111011100001110
65
0100110111000101100111101101100111000100100011000110
64744143947
1010011000011110101100001010100100001000011111001000
852402361680
1100000011100000100110001111101001000110001101011010
1313
0101110000101001010110010111001101011101011011111110
2728911
0101111100100110101110010100000100101100010001000011
251759614597302
0100101001000101001010000100101010101111010000011000
34
0100011101011010011001100000010011100010010010111110
568415389797
0010101101010111111011011001010100000110100111110010
46
0001101110000011000011100010101011110001110010011100
74412831321
0010110011100000100100100010111001111111101010101000
7109068189
0001111010000100010101101001011010101010100010010000
59
1000110111010111010010101100111011000001100001011001
67746
0011010010100001111011011000110011001100110011000011
94
0011010111010001011111100000010100111011110110000110
109149
0011001101101000110010110011011101011101001001111010
667417
0100010110101010000111110001010010011011110010111011
96589644184300
1011000001110011110000111100001111000010000010010101
257114
1100001011101011000100011100000101001011011100100100
1
0100001101101000010010100101000100110101011101001000
23
1011100000111101100011011110101011001000011100101110
187833
1001001001010001001001011101111101010001110010100001
60431
1001011000111110001010111111101111110010111101110110
64399562283
0111000010111001001101001100110000110001001001101001
51
1000000001001101100111000111011111000000110100101101
2924913724401471
0000101101001001010101010110010100010100110011110110
78
0011001011110010000010001100010110001000001100010111
11820
1101101000111101110110111111111111000001000100101101
42
1100010101001001100000100011000101100101101100111111
1546686054064791
0111011001001011100101001001010101101000011000111000
958060352211
0011101111011100000011000010001100001111100101000100
344501834749
0111010000111110000111110001111000010110110010101000
826825323105
1101011010001001100001011100011001001111001000110010
3087237718704
1011101011000101100001111000100011100011001111111011
2347631
0110000011101110001110100100010110100001110010100001
148400555838
0101110111110001011010101101111111000110000011110011
91
0101101100101110111111110010110001001011110100001001
155340
0001010110011011101010001100101110100000010101101001
9699656674
1111101010111011001000011001001000000101100110101000
55533505745564614
1011000001000011000011101010101010111110001110110110
960092093152
1100111100110011000110110110110001101110110110000000
6025085382366
1011110011111111101000101010010100100110101011101000
27814
0100011111001000100010111110000100001111011011000100
966063
1010111111101101100111010000111111110001100100110110
140998934676
1001011001111011110100001101101001001000111100011111
381509843
0001001100111100111010001011010100111011001001111110
69
1000010011010101111111111100100110000101101101010011
1892
0011000101110100011010000111001010100101101111010011
606891672989
0100010100000010111000001001000110110111011101101111
907599395783856
1101100000110010011100011111111110010001011011101010
8617041
0110000110001111111011011110101110111001111100111011
329028443
1011010011011010110110100011000010000111010101001001
8
0000000000000000000000000000000000000000000000000000
7272420316893935
0011110000101010101101111001000110001001010011111100
9164
1111110100000101010010100101010101100111001000101111
350707824420768
0010000011110010011110001111111111001000000111001101
621128211205
1011101110111001000000011000100000001000101100100110
94700108604243511
0000101110100001100110010001000111111011100000001000
58440859393081689
1111100000000111000111010111001100011011001011011011
64021866755543557
0011101010000101101101111011001010001100110111001110
5
0001011111100010010010001111011110011010011001110111
68870
1111100110001011110011101010101111110100001100011101
21234076
1011101000010011011100100010111000100110101000011100
684436970012
1011100101001110011001100110001111011100001000010101
26753547135336
0110101111100100101011110110000100111000111011010010
53905
1010101000000100011110010010100110100111010100011110
660471125
0011110010000011001111110111010000100000101110111011
970998559457822
1001011100111000011011101011010000011111010101100010
22
1010110111011101010111100000111010111111010011110010
14498408
1100111010101111010010110101110111111101010110000111
96127822
1100100010010010101011001111100000001110110110011110
13
0010101010010100000001010001110110100100101111010100
9246079389874
1110011111110000101110000010110011011101100111000100
9998811841051
1010111101000101001010110000101000010111111100000010
1000000000000000000
0001111000100101010101011001011111000001010110100010
892548779991435
1100100000110001010010100000110111000011011101110011
7355103
1001111101111101111000010010101110010010101100111001
97574705774267090
1100010111011111011011101010100010011111010000000011
17697651114626
1011010010000101001000111000101010111001001101010111
5216640442
1011010111101011101011011110100011100111111011011110
745357096
1000000111111010111111100000000001010110001111110011
70151785336
0110100111101000100101001011000101101001000110111010
14
0000000000000000000000000000000000000000000000000000
2341176896592
0100000101100101101000010000011011100100010101010000
80
0000100110110011110101001010100101110001011010010001
6747472540
1101011001111001111000110001010110101100101001001001
7778601858649
1111110111111100111101110111011001011000100110010011
139631
0110000110100100010111000011101110010010010000010100
6219
0011101100101000101100110101111110001110000100000010
47244410023105998
0110110010000110011101100110101010011000111011111010
84153653071977982
1101011100100001000110110001001101111010011010101000
762
1010110000000001100010010101011010000010010011100000
840705160284508
0010010010010011110101001000100001011101001100110010
145276184
0111010100001100001100110001010101110100110010101101
662192
1000101111111110001011110000110100101110011101001111
6605669880790
1011010110101001110100111010110001001000000101000011
1
1001010011010110011011100111001100101100101101110001
363734442
1111001000000010000011100111001101111101101011000010
9767
1011011010000111011111000000000001010101001001110011
8993492
0000001011001111101110101111101100101110100111100101
704557762352
0100000011000011000011111111000111111111000101111011
2814865845177
1111101011110100011100010111000111111111110000100001
2322857791298
0001011101110101010110111101000110001110010110010101
32773
0001100110001111100011101100001100101100001110100100
4534
0100111110000001100000101101110000010011111011111001
729492552
1101001011110111010011011101001010000000110010111100
3
1111101111110011100010000100000001010010011101100011
46143166180374
0100010011110001010111010010110100110000000011111011
6986
1100110101010000110110110000000011011101011011100110
445
1101110010101110001001110101100011101101001110100100
77672945
0101100111010101101010010101110100110110001011100101
23423671102739659
1100000110011100001001110010100100100111001000010110
784014
0001001100001011111000001110001010001100100101001000
55375789
0000000001100000110001110111111101110011111100101101
841379
0000111100011011001111010111100110000111010011011010
56418973011336112
1011001011010111111001001101101110101110101110001100
1
0001011011001011111100110100011111101101001101001010
602589732284
0100111011011000001011101011111011000001101000100110
2497
1000111000111010111110111101011100110010010011101100
780215093594366
0101111111110100001011010111110000110101101110110100
1550213459167
0101001011110000001001101111100101100111100010110101
7
1101000101001010111101010110001011010101010010111000
11580886007
0111011001000111000110010101001000000101111011000011
42886859158
0011001010110110000011101110011011000011010111001011
57991438996
0011101001101110110011101111111100110011110111010110
1
0010010011000010001110110001010011010010001111101100
20573264
1011101111011010011001000100011101100001011100100111
478
1010010000010100100001001010010001110000110101000010
854
0000011000100110111110001110000010110111010010010010
326765196994
1001010110110101111010101100000110110101001001110100
9598137
0110101101011111011111001100000011010111110011110111
70743176180939791
0011110010101010000011010101001001000101000101110010
82193524899030746
0110101110000001111001100010010001100011000100000011
907
1010101001111100001100010000100001111000011011000001
5435
0011011111101010011100001001000100101000001001110110
39321
0010100011101111101011111010111111010010000011010001
14370565556
1101101011100110101101010001100100111011011101010101
2715204331
1001110100000001101010010111101011111001111110110001
902366
0100101001000010101101111010101100111011100010000110
777574
1100111000010100001100001101100010011011111111000100
23647059786
1110111000010100110001101000110111000010010000111111
985606931
0010111010011100000000101000111000101010111001010000
7
0100101011000010111011101100110100111100100101110001
897944905
1111100111111011111100010000010010011001111010101101
2145233480502
1100000111001101111010110101101000000000101100110000
9685288597
1000101111100000100101101010101011100011011100011010
1821896
1010011011001001001001011110101101001100110111000011
28567541598
1000000111110011001110000101000110100111010011001101
2070014
1010101011101111101110011101011011111000010001000001
675205010190613
1111011011111101100001110101110110110100000101110110
58588
1001011111111111110110000111110010001011111000000001
109029
1100110110101010010111000111010001010010110101010000
9
0000000000000000000000000000000000000000000000000000
452
1111000101111100011010000100111011001111101110000011
6
0011011101110000111011111011100011111100101101010011
5
0011101001011111100100001100001001000001111110000101
26092
1111011010101110001101101100110101010001001011001111
8
0011111001000011001011011011011011100011010000000111
39
0000000011101001001000110101011100111101000101111101
436
1010110110001011001001100111010111011000101111001111
169073934975
0011001100011000011101010000010001111110010100100001
972016847337751
1011100100001101011000000111010001111111100010010110
810
0010001110101001101010100000101000111000110000111001
5725626
1111111101000101000100011111101100010111000100101110
742391287316
0011101010010101010011101011110011010111011101010001
604690305658612
0011111111011000010000000101001000101001001011110100
180042386076
1101101000011100110110100111000100110010001010011110
728700
1010011011010100010110100000111110100001101101001010
17136370
1111010111100110011111011011010111101001110001011100
829102822933399
0001001011000010011011000110010001101010110111000001
58787193382209156
1010010101111010111110000010000110011010011111110110
1000000000000000000
1111100001010111101000110001000101100010100010110111
478021176479279
1110110101000000001111011000011001000001011011110001
274807197687489
0001101010101110111100111000110001011010111101010001
5787092
1010101000110010000000100100111000111001100001101100
30
1001010111101101100001101000000011011001111011001111
4987367
1001110001111010011111111010111110000000000011001110
19
1100101111000011100011000011001010101101111100011111
27815572759428845
1100001011011010010100111011110110100010100110100011
91858613827
0000101000111011001000110011011100011100011000110111
2886219
1011001110010110010001011110011001100000000110100110
8021
0010011100110101100111010011111111000111001100000100
3930568411451138
0010101011111111100000001111010001010111100101111011
3326451541928638
0101001000111100101000000010010100010010010001010111
94709
1111010010110001110100110100010001101110000011010000
439364514229232
1111101000010000001110111010011000001000000100110110
7924
1011001000000011000010001110001101110101111111110111
26
0101110101001011101100111000101101101111011101111011
281017085589
1111000101010000001101011010001100111100110101101110
91
0110111111001011010100100110000110000000011010101001
1793
1101011110101100001100100111011001110111000011101011
8709685301
1100110011101011000000100001101111111101010110100111
6463184691
1001001011101011100001101000100111100000100000010110
186194316834
1110010001000110001011000111001011001001100010101011
4455912433136
1101100011100011110000100100000011111100110001011101
627688643
1000101010110001101000010111000111001111101100001100
2031509918944074
0011110011110000011000001010101111100000101010001111
76718131824102454
1100010011101001101101100110000111111111110100101100
497819
1101110010110111010001000110011011111111110101011110
88188297473357371
0101001100001011000110100110000111100100000000100100
3
0011110010101000110110101111010101010111111111110111
9695159272
0000101001010100110001100100100000001100010110010111
5748095807679215
1000101110011011001011011110001111101111111001001001
86221599461247796
0001001010101011100110100010100001110011001001001011
7899016755
1101110010010111100000010111111011100011000010001000
14
0001010000001000101110011110110111101100100010011101
28434
1001011011001110111110000101011001011111110000011100
827
1011110000111100101000100101010100011110010110010111
2803023043681624
0100000011001000000000101110011100001110101100111011
33
0110101001010001000101001101011100100000100010001001
35
0001101100011010011110011010111110011111011101110000
1443618182
0100001111111000111001100011010011110111010011001010
45
1011001101011010011110011101110011111011111100000110
11486792977440
0100011101110101101010110001001111000010001100001011
768403533142
0110000100101000011000001101011011101100000101101110
550051
0001000101000011110010101101101011000011000100001100
4757373506095
0011100110110110100110111110010110011011000110110011
9922764
0000111111101010110101110010111110101110000001110101
28020028810698291
0000011001101111111110011100001110011111001110011111
1436857814845819
1011001101001001100011101000100100101011000101001110
68633484050
0000101000111101110011000000000100101111101110011001
9
0011011010000010001011001000111010010101111100011000
7242
1001000110001010100001011001100001011111011100111001
4600440127455652
0000101001111000100100100011101010000111100000011101
8
0011000011111110001000001011010100100101111101001101
441
0010100010110110011011011001101000001110011110111101
729962926
1100101011011001100001110010001110101101010010001100
212
0110001111110110001111110011001000001111001110110100
900754699696
1010100001010011000110011011000101001010010111100100
899506812
0010011111001101100001110101101010001001111011000101
15415
0100110010101001101011011111011011001000011110110000
5515073649209
0000100001110110001001010101000111010111000010000011
85514115
0001111100101010111001000011101010110010011000011001
4019423260032907
1110011010111000011101101010000111000111111001110110
25069129
1110101100000100101001000011110111100011101010000001
19
0000000000000000000000000000000000000000000000000000
530818399597410
1001101011110110001110111111110111000010000100101101
29
0010000000010100101000011101101010111001101100100001
37
1100101001000000100100111011000101011011010010000000
47
1101010111001001011110100001010000101010000110010000
13410103
0100001000100100110011101111111000100101010010001010
7167662681655976
1011100011101100000001100000001101100110010111011111
91433104235
0110100111101100000001111000100011000110010001001000
30811703995695574
1100111101111110100100001001101001100011101101101000
7
0100011110011000111111100001010110000110010001001000
1000000000000000000
1010000011110011101000110010000001011100000110110011
4001349977
0100001101111101101100001000110001001100100010101110
40
0110111000101110101010001100001010001001011010011110
29423
0100100101000001100011010111011110011100111101101011
86415653379412086
0110000100101001010101000000110110000101100100110111
1000000000000000000
1011000000000100010000010110000010110010111000000001
2439629606
1110001011000101001011010110011010011101000010100010
4154110
1011101001011001111000101111000010101000001001010111
92306980310
1000010101100011011101001010100001101101110100010000
14
0001000010111001111100100111001110101111011010101110
3751522702
0100000110101100101100101000110001010011011100110010
751213942
1101100001001101110101000001010010101100000011101100
482
1011011100101110000100000011001110100010010101110010
4999
0100100011001100100011101110111101101100011100100100
763378775194
0000100101001000010000110000011001111100001011010101
962272734211
0101000010101100010000110001111001011100010010000000
3532858274
0000100101101111000101110101111111100000101111010100
35836667640141899
0001111000110100101011111101011111111010110010111101
58891
1110001101001000011111100001011100010101100101111111
70124927
0111001000010010001000011000011110011101101000100100
144761388669
1010101010100100011111101111011110000001111110000110
105465
1001000100100000101101100110100100101100110101001111
70963255872
0010100101010111101000101101101000111100011101011000
32
0010110001101111100000100011000001110000011110101111
22
0011001111001100001111001001111100010111000001001001
1
1011111111001001100100100101101101101111010000001111
643548449867
0110100001001010100100110001100011101110011100100100
64313888906718564
0110001101001011110111111110011000001100011111000000
685166
0011010111111000000001011010110111000010001001011010
723324
0110101010101110000111110001111111111000000011111011
8251959433
1010101011000110100101011100010000110101110001111001
44371643772575197
0111000000111110010011100000001001111110101101101010
44
0010101001111010111001111010000000100010001011011111
179076
0100010100100011011010100010110001101000100000010001
34745289242693
1100001110001111011010000001101000111101100101110111
22355694601817
0111000100010101001101100100010001111001101100110010
90871646097919
1011111001000000000001011110000000001100100010000111
88937470676593
1010110000011011100011001000010010101001001011001101
8905719394774159
1011111000000110101011011010010111111110011011101001
71
0101000010110000101100100001010000111011110100110111
19
0010001110110100011010100101111010111000000111111000
8021260582707
0100011111011001100011010001101101110101110101100001
87232241893
1001101101100000111100110100101000011000001101001101
7852992350782808
1111100101100110011110101001011001100000111111010000
15455926450609777
0010101001111101100100010001101000010110001101101000
407089743976
1101100001011110101000000011101111110111110101111111
314390865
1101101001010010110001001000100001011001111000110100
434473296466
1111100001001110111000011010110001100010011111101011
487791393949
1111000110001101011001110111010100101010110100001101
7865127774516
1010000110010100100101001000010111111010111001001000
709242
1100100101000100111111000101011000010001111111011100
36825408891931
0010001110001010000100101111111010000001110110000011
9291
0001011000101000110001100000111111100101111100010001
78
0001011110001010111101100001010101100000011110100110
2535096043095
1111100110100001001100111011110010011111111001010010
61841328
0100110110100111011001111001010101000101110011101011
73607198162714
0000100010000010111101010010101010010000000110110110
1
0110001010011110001101000101101000010101110000001101
4
0011110011011010001011001000001110001010001001000100
9083576508695
0101111001001001011110100110000101011011110010100100
67159624589007727
1101111000111111111000111110111000011100010110000011
778032844851
0000101000111010100100010011010010101000001101101011
213505117
1100000000011010001001100010010111011101011101110010
508066918768
1001010011100110100111110100110001010000000001111100
58612
0010110010010010001000000110110111010101110111001000
4744669
1111110100100100101011000101001101011110111100111110
1767902208911731
0000100001110011101111111110101100101111111101000101
867557755730
0100011010010101011001011000000110111011011011011110
5856601631597
1111000001110001001111101001001010111110011011110111
64
1101001110100111100011000110011000011001111010101011
12
1110101010001000101000010000011011110011000101110011
851
0100110110100100001000101111011110100010110111111011
1055
0101011010111000111111111111001001011010111000010011
87191
0011111110001000110101010101111111010001000000110001
2556457905687071
0110010001101000000100101110010110011110100101101000
541803989967
0001010111011100000110011110101000001111110001100010
5179346381187529
1000110101111011110111100001010101110100010000100011
59001870592
1000011001110000010101110100010101101111011001000101
6
1111000111101010001101010001110001100011010011111110
1887532561
1101011111000101001001011110100001110110010010101000
78695494824767
1111000111101101100000101101001010111010101100010100
14840091
1010111010001011101110010010101111010001011010110000
6911
1001011110111101010100110000011001001000101011101011
1428
1001001111110001001101000111101100000000001000001011
9839907775806788
0110011011001110111111000010011001011110011101100101
5863368982
0101111001011011110001101100001111101100010111000101
385
1001101011110100011011000101101010100000101010101001
707462053
0100010110000010001010110010010000110101011000011001
645
1000010000000101011011001110000110000110000001101101
42069
0111101111101110101110000010010010000001110101101011
141208217
1110001001110010001110001101011001110101001001101101
745045851225933
1101110001100011110010011000001100001000000001101000
373215466108946
1011001111101000010001111010100110100000001010000111
176
1111100111101111100101010110101010011000010100000000
3179619
0100011001011001110100011101110111101110001000001000
76901766777480406
0000100100111001100101010110101100010010000111010101
2890720
1111100101000100011101001101000100110010010010111101
3172426838427575
0100001011000100011000101111001111000110011001110111
45706936
1101110000001001000111110111011101010000100100110011
24710
0111011001101111100111011101110000001011101011000001
17
0011011011011100110101001111001100110011000001101110
11748221
0100001010111111101000110010011010100001011100110110
8772
1010110110111000110010101011011100101010011111110001
346278082
0100100001011111111011000100010001101111100111001111
20
0000000000000000000000000000000000000000000000000000
85094
0011001000100111111000000010110111011101000111110101
1838788
1100101101111110000001111010010001101011000100100000
631058
1001000100010011100101011000000110011100011110001111
684
0001011001101111011000100000011100010001101001110000
5
0100101010100011010111111011110011010111010110101111
5752633
0001001101000110010100111011000010111111010100011101
71049515
1101100111101111011001001010010111000011001101101000
93397206
1001010010001001000100100101110010011000010001101111
30
1010011000111111011100101001100101110010101000110101
73778806
1100110100010010100010010111111000010011000011110100
6396567692310
0110100011100111110011111100011111110110001111110001
150298304239046
1010101010011011101010111100101100110010110010100100
5648908050
0011011101111111111000010111110000110110001111010101
845858284
0110010000000000010011000010000100101010100100111101
26
0000100010000010011110101010100111010000001001001111
40
0010011000101001110001010000101001100000000111100101
7284133482311956
1101011111110111110101001010110110100100110110010101
974840715364
1001000001111011010111111011111000011000110001110101
64419127228160
1101000100000001000111011110100010010111000111011101
31
1011011101110000000111011111010110110010000000110110
701
0100110011100010100101101000101011001000111010110000
4468980401774
0001011110100101111110111010110100111110011011110000
3
1101101001001100000100101111111011011001100000000000
626609663945
0110100001110001010110001010001111111110111011010010
31
0110000010100011001010110000100001111101111111110100
883560610
1111000100010011100001011110001000111100001101111111
1365
1010010101101010001011011001100100001011000011110010
1
0011001001001111001011001010001101111101110011000010
3
1111010111101100110100110010100000111011111001110001
18950507826837
0001010010110101010000100111000111101101100110001001
204797487611
0000100111011111000100101001001111100110011111100001
849734905
1101000111111000011000001000001000111111101001101001
35855105955490
1100111010010000000000001110000111001101000110100100
6182510
0011111111001110010101000000100010101001011010010110
956104
0001111100010000110110000101100010010010100111011100
8639401831265
0001101110101100010101001100001010001101000001110011
8645376319
0100111101110011001001100001000101000111010110001011
56522891
0010100111111110110101000110111000110000001111110101
22152800727317
1110011011001100000111110001010010110010011000001000
307696
0111111011101000011000110110110010000011111101100001
23187
1010101011011101100111101110010011111101110001101011
5755484436
1010010100111100010010001001101100101101000101110000
1986
1000010100000100111110011011111001101110000010000011
17228488
1001011101101100010110101111011000110111110101101001
41
0100010010111010011100000110011001010111001001100001
2251327996796
0100000111100011110101110110011100011111001110000010
50
0111010111011001101000100110110000001100101100110010
45732
0111110000101011010011110101011001011011101001111111
68127929187067
0101101100000010101101110011001001111111011010011010
137607425
1110110001110011011000111110101000001111111000010011
6613996640978995
1101110011000001010000010011110100000001101000110111
2927758840
1101110011011110001111010100101011111011001111111101
481852544944903
1010101000111011010000111011010110011110000011101111
1824823
1101111011011011011111111010000100111010011100001001
55885353907196
1110101010000111110100101110000000011001111010010111
2365
1010111100011011000010001001111110111011111111001111
38
1010001101110000100110000001111010000110010011011101
18
0101010010100101100000100111101000010011110010001011
989197842
1100111010010100111001010010011011111111101101000000
620676236844
1110000111011000100010100011000100000101010010000010
38729332
1101010011101110111101000001000101011011001001101101
5
0000000101010001100000110111011110000110010001101010
4345372069
1110101011101100101100101001111111101111010011110111
95805785322867
0100110111101000110111001000100111111111010110000111
869
0110100011111001111111101001001001000111010011110100
78470798587332595
1001000100000000011101100001001111110100001001111111
93613
1011100101011110110001100101011100011001000111010101
996
1001010010100000010110001010100110011010101001011010
330423
0100011101000001110101000010101110100100010001101010
9571332
1011001101011100100001011011110111100110010000010101
149060
1111100000010001001011000101011110100001101111010011
64303467980
1001111110001001110000111100101111010011101101011010
2773278788
1110001011100011110110001001101111001101010101010010
495808
1110101010111111100110011110100001110110111000000010
83298
1100001101100000001010011010010111010110111111001011
983943617
0000100010001001100110110001010011101000011100010110
77206591931542
0011110000111011000000111001000010100000111001111000
1000000000000000000
1000100001010111100100010011010000001110111010011111
8496690875496
0000001000011010110010010011100000101100011100111101
477637
1000001110010101100111110001010101110110100010111101
19431393396889443
1001111110101101101011000100111000000011100101011100
7
0000100000100110010001101111111000111011101001101101
3902457890001524
1010011101110111101100110011001010011100110101100001
85403
0001110010010111011011110011000100100110110010100010
29962237
1011100000000000101110001010111100011110111100111010
87133
0000000011110001010000111101000101011010010011101011
29530055766458243
1010010110110011110110010100110011111001111011100100
91
1100100101000010111110101010010110111100000110100111
884182854587
0001010001000101111001100101101101001111000010100110
45067
0100011111000100011000110001101110010011010100111010
780772124238620
1000001011000011011011110001000010010101101110110100
2
1001100010010001110011010111000011011101111000010110
2950
1011111000111011110011010110001101100110000111101011
726148
1101001100110010110011100101111010111000110000101111
54384
0100101011000110101100011000010110100001010010100010
3395383
1100111100111100011001010110011110011000110001101011
46
0100001100110100001111011100110111000100011100100011
858345576
1011100010000010010101100110110100110111100000001010
9072009176
1000100111100001100101010001111111101001011110001101
18730380
1100101100001110101111111000101000001110101110110000
34857114899013357
0100100011100111000101110111010101001110110000001010
5518598721
1100000111010011001101000101001101001010110010011011
2
1001110100000011011010010001100011110000011011010101
39981153810
0110000111001110000011101101100000001100100110111100
34
0100110100101100001111001101010010110000101101110111
703883749973
0000110010011100100010110101010001111001110010001110
19237515221206380
1001010011011101110011101111100011100011110011000000
93591700
0111000100000011101000100000101011001010000101101011
6625091661
0111100110100111011100000011000100011101000100101011
1000000000000000000
0101101101101000101110110111100101111001100100111001
28519091757
0010001000101010010101000000000010100111100010001101
854
0100001010010111010100000110000001110000000001001110
136609473233
0100111111001111111111011001001101001110100011110101
42718006948
0010110101010110000011100110100011111001001111000011
8
1100001001110011100101100001011011100011110011110101
95026
0000000101010110001101001101001100010010111010100100
8832206595708
0000011100110011001011101011001110011010011011010101
1000000000000000000
0000011010011010000101010010011000010111000111100000
2269398127
1101011111101111110010010111001011001011011100010111
572293
1001100011101101101111111100010010001011101110001001
4216500097551769
0001001101001010011010000101101101111010100001000001
43802
1100100010001001001100000110110000011100010010001010
80212
0111000011110001100110000101111001001011100100001101
55435422079205
1001001010101011101010101001111001001110101001110111
696640854865
1110000001100110100111001000010100110001000000000100
5
0000000000000000000000000000000000000000000000000000
95
0100110101000011000111100000110111110000010110011110
8749412
0011101000100101111100000011010000010011011011100000
651244311768
0111100110000000011101100001011011001000010110110100
610838534218457
1001100110001100010111010001110011010001000100100100
117675908566848
0000010010011110010101110010011111010101101110011100
737772080
0100111011100001101010010101101001011000000010010011
121415294002
1101110011111111001001111100010100100101001000100110
36
1111000111100010001111111101101101011110000111000000
82795116032570
1010111010000010110010011001010111101010111011011111
48
1110011000110000011101110100101100111000000001110000
19623947668000527
0011000001010101000110101011100011011001101111001001
852345
0100110001000000000110110110111001001101010010011000
6
0000000000000000000000000000000000000000000000000000
4
0000000000000000000000000000000000000000000000000000
6
0000000111011101010000101011110000111001011010111011
587734
0011011001100010001010111000100100101010001000010001
707
1010100100111010101110110000011100111011110001110001
8683792362523046
1010110111100000000001001111000101110011100100110000
4278809256586
0101110011111000011101010011111000111111010011110101
5
0101001101000110011100100000111011111001011101100110
7059
0011110011100001000011010000010100010001001101100111
5197
1001011001011011000110010111100000111010110100101111
3730532119046703
1001001100110111001000101100001110000010110011100010
69043
1011100001111000010100110111110010011101110010110000
542104712048
0111000011001101011001010101111111100001001001101010
825621870
0100001110100001011011101100000010101101101010100100
3218
1110100010000101111111110101010011010010100010101100
28513679210857
0101000001010111101101000000010111010101110011010110
300139268790
1100101100111001100001110101100010101000111010000011
346472823340670
1000000000100001000110111001101111001111000001110101
4540951
0100111100001101111001100101100011000011110101010011
9238805259984501
0011000001101000000000000011110011100000110101000100
99276648831721
0110111101010010100001011000000111101001010100100101
74922084189876414
1010101100010001111000101011001111101010010110011010
424960475806032
0101010000101010010011010000111100000001001101010101
371314930179
0000001100111000100001001110101100010110110101100100
323996340726054
1110100001101011101000101110100000110111010101100001
89
1111000110010001100101010101001011111000100010001100
16795545
1110000010111000001101000010100101110111001011110010
161197
1110100100111011111110100000000001001100011011110010
444362003092
0111111011100111001011110110011000011110011100001011
800
0111011110001111000001000011101110001000111001000010
7603090424915
0111011110010101001010111001001100001000100000000011
9607842715116
1110110001111011100101100111010010000000000101000101
57860996930703810
0010000110111101111110100110101001110100111111100000
0
