0000001001100001111100101000000100110101001001010101001010000011
0000001010010111010110100101110101000110100111010101000101110010
0000001000101010101001011000011101110000101100010010011011101101
0000001011100111100001111101111111110100101111111110110110000111
0000000001101101010010000001010001010110011101000101001000101011
0000000011000101011000000010001110101101011111110000001100111111
0000000101000001000011110110010101100111100101000000010011000100
0000000101001000110011010011110110101011110011110110110001010000
0000000010101110000011000001011100000100100110100110000100110000
0000000010011011010010101111001110000010101101011100000011111001
0000001101010000000000000000000000000000000000000000000000000000
0000000000010100001100110000011011011000000101010010100001010111
0000001011110101110100000110100101000001010001111011101110010000
0000001101010000000000000000000000000000000000000000000000000000
0000000000110010101110001101101111100011100001001100011010011010
0000000000100100111010000111010000101001000111010010111110100111
0000001011010001110110101110100001111000010000000100100011000001
0000000001101010100111000111111010001100110101100010011001001000
0000000111111001110010001101000010001001001000011001011111110101
0000001101001111011110100011101100010111000011111011101001111010
0000001000110011001010000000010011010011001010001010110010010111
0000001010011010100011011001111111010011011011000100000010000111
0000001011001000101011011111100001001011101011100011000010001011
0000001101010000000000000000000000000000000000000000000000000000
0000000101110011010110110011000101110000101000001100011111101101
0000000010111111011000011010101101000101110000110110010111100101
0000000011101000101101001100010011101011110011000001000011011010
0000000011011000010011101000101111000001001100010100011110000001
0000000011011001011110011111101001100001001101001110011110000110
0000000010100101110010110111100111101011111011001010011010000000
0000000101100010001100011011000000111100101101010101000011110101
0000000101110000111010100110000101010010101100010101000001001100
0000001000010111100100110011011000101100011011010011101011101000
0000000110010001111111011110001111011101101111110011110111111000
0000001100110110100100011100101011010101011101100110011111010010
0000001010100010111100100000111011110110011100110100010110111110
0000001011010110011100101011101010011100100000011110001001011100
0000000010001000011111011111010110111101111010001101001000010010
0000000011010100100111001010100011101100101011101000101110100010
0000000001000001010110100000101110001110000101111111110010001101
0000000101100110000111100011100001001011101100001011010001100000
0000000111100100001100010000011111111010000101100100010000011001
0000000101110101111100111011000000111101000000011000100110000110
0000001000110011100010100101011001100001010011000010100100010100
0000001101010000000000000000000000000000000000000000000000000000
0000001010110000010100010000100000000101100101110111110000001101
0000001010001010101100100010100111111010100011010000001011000010
0000000011010001010001111010011010101001101010101000001110011000
0000000100111000010001000001101101101001111010100011000001111010
0000001101010000000000000000000000000000000000000000000000000000
0000001000110001010100001001011101011100000001110111001010000010
0000000010100111110100000110011101111101100111010101000000001010
0000001011101101001001001001010001010111011101000100101000000001
0000000000110001011101111111010010010001000001101101111100110001
0000001011011001010100100110111001110110111100111001110111101001
0000000001011111000101101011010100001100010111100100100111001100
0000000011010100001010011000100111001111100110001101101000010101
0000000011010001001001101100001000011110110101100001010001101001
0000000010111111111001001000110001010111111011000000001111000011
0000000110010000001110001110001010100110001001011010010100111110
0000001000111101111110000111111010000011101100000111101100000000
0000000011001100011011111101110110101010001011111111011010100000
0000000010100111011010100010101011110001011010011001100001101001
0000000011010101011100010001101100001000101000110010000011110001
0000001101000001010110101000101111011111100000111111110001101110
0000000011010110010110001000001001011110011110110111000010001101
0000001101010000000000000000000000000000000000000000000000000000
0000001100111111000110101110110100111000000010000111010000101010
0000000101111000100010100000111111111101001011011111011111001000
0000001001110000000101000101001010100100111001111011111010100110
0000001001111110010011000110100000000010000101000111011100110011
0000001010000101111111110010110011110110001000101110011111110001
0000000100100010111110001011100011101111001011101010111111100010
0000000000101010000110011011010111011001001011001110101110011100
0000001100100101101011010111110110111000111110110101000100011000
0000001010010101011110111101101101011100000000110010001010110000
0000001100000000010100001001101110101001101100001001001100110100
0000001010001001001011011010011110100000101100001011100011001000
0000001000110110111000010000001010111101100010100101010000000101
0000000110001101000001000001011100110010001110001110001001100001
0000001001111101101100101111011111000011010010101010000100110010
0000000001010001101011100001011111011001000010001100111010001011
0000000110110110001000100011001000001001010101101101011111001110
0000000110000101101101100100101111000010011001010010010010110011
0000000110101000011111000110001000010111111000000011110011011111
0000001001111011001101001100000101111110001000000110101111011010
0000001011100111110001010010001110101000110010101110001110001010
0000000001010110010000001000100111000101011101000000101100001011
0000001001011010011000110011000010001001000100110101111011011011
0000000000101111100110000110100110101011100011100000100001000011
0000000000110110100101011101010001011100111101001110101010110110
0000000100000111010011100010011011010100010000011111001000000111
0000000011111001011110001011000111100100001111010100101001101011
0000000101110111001100111111111011000100101001000100011101001001
0000000010011100110111001110001011000101010000011011100011101010
0000000010101101111011101000011011010110101001000100111100100110
0000001001000101010010110100010101110101100001000000001110110001
0000001001110110111010001000100110001110100010111101111010011101
0000001000110010010111110011000110111111011101011110011100011000
0000000110101110000010000100110111100001111100011001111101011001
0000001101000111110000000101110111001001100000100110010100100010
0000001001111101100101010011000000111110001010010100110001011000
0000000011100011000110000110101000011111010101000110111010100010
0000000001100000010011001010110100110011100011000001101001011011
0000001100110010010111100111110110100100111111101011111010110101
0000001000110010100001011001011011001001010111111110011000011000
0000001100011100000101111111011010001010011010110000011010111110
0000000001101011110111010101111010001101110110101011001001110110
0000000100010000001010110011001100100010101101100111001011110110
0000000001101000011111011111101100111010101011001011001010111110
0000000001001111010000111010101010011010100011011010000111011011
0000000110110110011011110011100100000110111111001101101100110001
0000000111101000010110111011100010010111101010101011010000010111
0000001001110010111001010001100000011000011000101000010001100110
0000001011010100000001001110100111111111111001100111001100000001
0000001010110001010100010111110111001111111100010101011111001000
0000001101010000000000000000000000000000000000000000000000000000
0000000101110011011010011100101011000000010000110101111000110000
0000001010111100010110110100010001110001001110011011000001001010
0000000111000110111100000010100100110010101000000010101100100111
0000000010001000001001111010001101101110101111111101011011110101
0000000001100110100001111110010100111111001000000111001010001101
0000000111011101100100101000100101110001001110100111110101011010
0000001100100001110011101001011010111011101111000001001001001010
0000001101010000000000000000000000000000000000000000000000000000
0000001000110000001111001001001101011101110010111011110000011000
0000000001000010100111010101100100110011010110001110001101111100
0000001010000101011001011110010110111001111001001001001111001000
0000000001000111100100000011111111101000110000010001010000101011
0000000110011110110011010011011111111100111101001011001111110110
0000000001001111000000001010011010100000100010010111000110110111
0000001000010010110001111001010000000101011111001110000000100110
0000000000110100000011100010100000100110101110101010000101010010
0000000000110110000000000000000000000000000000000000000000000000
0000001001101110000101010101000001010001011010100011101000100010
0000000101000101010001110000001111101011000101010010100101101000
0000001101010000000000000000000000000000000000000000000000000000
0000001000010000110000000100010101111010000000001000011010000111
0000000111101110010101010011001111111000110010111001000110010001
0000000101110000000011011101000100111010010110100000110000000101
0000001101010000000000000000000000000000000000000000000000000000
0000001101010000000000000000000000000000000000000000000000000000
0000001010010010100100101001010001100010111110110000101100010101
0000001100000001011011101100011111100111000111011110001010101110
0000000001110010001100101101101010100100100111000101111101100011
0000001100001110000100000100010101110110000000110000101011100101
0000001001111000000101011111011110010100001001110010000110001001
0000000100111011111100000101001001101111111100011101110000000000
0000001011011100111010111111001110010011010011000101111111010001
0000000111011010011101000110111001011110000010010111010001011001
0000000001010010110011010111110000010000011111100110001000011000
0000000110010100000011101110111011000111100000101101100100101011
0000000110100011000111100001010100000011000001100000010111011001
0000001010111011101011111010000101100001001100101110100110001100
0000000001000000101101000101100100010100100111101100010011011101
0000001011110100101100010011000011011010111100101100011101100110
0000001001111111000001111010110010000011001100000001000100101010
0000001000010100110010110010010101110000000100101010100101010001
0000000011010100011001000011001001010001010010111011001110110011
0000001010000000110001000000111011100101011001100011100001011101
0000001001100101010011101101111110100111000011110100110111100100
0000000110110111000000111100110100011100011010010000010111101101
0000000111111010110001011001001111101110100111100101111000011111
0000001001110001100001001111100011101001011010010001100111001101
0000000111011011010111110101100100111101111100011101101010011001
0000001100000011100100011010100010000001010010010100000010101000
0000000000111000000000000000000000000000000000000000000000000000
0000001010100101000010011000100101010010111010100010001010001011
0000001001100000111111001010010010010011111100001010110011011101
0000000001100000111100100000010110011110111010101011110111111111
0000000000110110100110101001010000101101111000001101101111001110
0000000001011010100001011000010000010101010100011111100101011000
0000000011000101000010110011101100011001000110100001001111111100
0000001000011101001001000100001110101011111101010011101101001111
0000001100110111101001011000011001111001011100111011111010010000
0000001100011101101001010110111111000011011000100110001000110100
0000000100010110011111011011111100100001111110010011000000011010
0000000101010000110011001000001111110110000000011001011010101101
0000001010111011101011110111101000101000000101110011110110010011
0000001010111100101010110000011100100100000110000100110100000101
0000001101000000101110011111001001001000001110001101001100101010
0000000101111010111011011101000010100100011001001000011001011000
0000001011000100101110101101110001110101101000000011110010111110
0000001001001010110101001001000011000101010110011000101111100011
0000001101010000000000000000000000000000000000000000000000000000
0000001010111000111111000110101010110000001110011101100010011011
0000001000101010100110100101011001110010101010011001101111010001
0000000101101000010001001100111100011001101000000101101000110101
0000001101010000000000000000000000000000000000000000000000000000
0000001001110101011010110010001110101011101011110010000111000101
0000000010010100100000110101010110100011000010111110010011101100
0000000000111000111111111001111111100000000010011011100010110011
0000000110111111110000101111010011110100010101110100110010010111
0000000100000110100001111010110010111010011000011110001100001101
0000000000110000000000000000000000000000000000000000000000000000
0000000001011111101010101011011101110111001110011000000011010100
0000000101011100110011100110110110111011010001101000011101100001
0000000110011000110101101100110111111101100000000011011011110000
0000001100101101110100010001110011101010101000101101011001110000
0000000000101111000001010010100000011001001100000101111010001101
0000001001000110001111011101110000100110110011101110101001100101
0000001001000110011010000101111010010010011000001001101100111011
0000000111001110101010001111011111000001010001000010100110100101
0000000101000101100011100100110011111010001100100011001111101100
0000001001101000010110100110111000110001011000100011011100111101
0000001010000000101100111111000010000110111110010111101111010000
0000000010001111001011111000111001001101101011000011111011000011
0000001001001001011001000011001110001000100100000101000010101100
0000000010010100100100110011011000001101101011010111000111101010
0000001101010000000000000000000000000000000000000000000000000000
0000001001001001000001100111100001101000100011001000000011011010
0000000111110110101101100000000101110110110100110110100000000101
0000000100000011001101010101101011101010010111110011101001000011
0000001000111100010001010100010111111001100000010111000101000010
0000000000111110111011010011101100101011010100110001001011101000
0000001001000001010100010111011011000110010001001010011010000000
0000000010101000111111100101111010000101000011010110110011101111
0000000000011011001110010011011111110001101101110110101101010101
0000000101100111111001101000110011001000111110101110111101100111
0000001001111001110110101011000001000111010010111100101011000000
0000000100111100000111011100111111000000100010111010100110111001
0000001001011101100010010110001101111011110110011001001000000101
0000001101010000000000000000000000000000000000000000000000000000
0000001101010000000000000000000000000000000000000000000000000000
0000001101010000000000000000000000000000000000000000000000000000
0000001100100001101000011111110001111000001000111101111100100001
0000000001010110011101011101011100111001101010111010001011010101
0000001101000101000101110101011111110111001100101010100101011111
0000000001000011110110011001001010011000011011100111100110011001
0000000111010111101111000100100000001101011101011101101011100011
0000001100100011010001001000111011110001100010111001111010101000
0000000110110000111101111111110010110100001100010110100011100111
0000001011111100101000101010111100000011110011110010101100100011
0000000001000001011000010010110000000001010111111010101010101010
0000000100001001011101000011011011000100110100111110111011111101
0000000101001010011001011101110011110111110100010011010100000100
0000000000110111110000100011110011010111001101000100000000100100
0000000101001000001101110001001101101101001000111010011010111011
0000000010010001101110111101111010111110110111000001110011110111
0000001011010111001110000111111001101111111010010001111111011001
0000001101010000000000000000000000000000000000000000000000000000
0000001001000111110100110110110010000010100100100001101011101010
0000001101001010110011000001000110011110110100011001111111001110
0000000001001000111100100010011101101110001011001101011101000110
0000000110011010111110000000101011001011110011010000011100111111
0000001011100001000111011000001000000011101001001001001001011111
0000001001011001010101010110110011101111100111100001110001000001
0000000110110001111001011011101100100111100101101100010101100011
0000000010110110010110001111011010011111000010110011100111000010
0000000101010101111110111101010110100000111010100100101100110110
0000000111010000111000111010100011100110001111010011011011000100
0000001000001110101011110110011111011100000100010001110110100000
0000000100011001010010011001000101001010111111110111111100000000
0000000101000100011110100011110011101100100101000000110010100010
0000000110101001000111011100100100100011101111101111101010011010
0000000010011011101101101011101110011000011010000000100000110111
0000000001001000111000010011000110010001011001011100001011111010
0000001001001111001110000110110111001100010010010000010100110110
0000001011011001110100100111000111011111011100001110100110011010
0000000011001001000100100010101110001001010101011010101001101111
0000001001100111100010010010110111001101000011000011001111010100
0000001100011000111001001011110100110100001010011000100100010111
0000000101111000010000111000011000001111111111100001010011101011
0000000000010111111011100011000100000000110011010001111100100110
0000001010000000101000100100100101000001101110111011100111010001
0000001001110101010001100010111011110111110010100111111000110101
0000000100000110011111100011001011010110110101101101001001100110
0000000010000101110101010110100110010110010101101111111111000100
0000000001100010110110000000111101010101110001111101000111111100
0000001001010001111101001101001101001111010111010111110111110100
0000000111101000100010100111000010010010110101101100111001111011
0000000001100001001011011111000100101111010011000101001000010001
0000000001011000101011110001010001001110100001110011111110100110
0000000100110000101010000001100110101110011111101101111011001010
0000001100111101011011100111100111010110100010111100001000110100
0000001000010000110100101111010110100111110101001110001100100011
0000000011110001000111010111000100110101010110011101111010011101
0000001000001111111001111000110111110011111001010110100011001101
0000000111111000010111000011011001010111110110111010010101100110
0000001000111101101111010010100010101101111101000111100001111010
0000001001000011110010111101010011101111010010101001000101001110
0000000000100010011000111100011010101110111011101000001110101110
0000000000100000100001110010010011111111100001100010011010000101
0000001000010000010011101111010110110101010111010101010101000000
0000000010110101111110001011001101010100001000100010001110111100
0000000111010101011100110011110011111000010110000101011011000010
0000001010000000100010000011110001001101110111110111001000101111
0000001100011100111111111010010101011001110011110011101100011011
0000000011000011110100011111010100101000110000100101110101111101
0000000010101011000101000001010010101001111011010110100100010111
0000001010101011111010001000111000001100001111011100101110011001
0000000100001101000101011111111100100011000001010000100100101001
0000001001111000011000000100101101111000110100011011110000011000
0000000011101110011000001011000101110100110100101100110111011100
0000001100001010011110011011001100010001101100110010011001101100
0000000111100011101110011100001101001001001010010101100001000111
0000001101010000000000000000000000000000000000000000000000000000
0000001001110100101010101101010111000001111111000010111101011000
0000000001000001101100011000111000110110011001001000000000100000
0000001100011010111111010000111010101100110010011011110101010100
0000001010011000100001011011001100010101100100111111100011101110
0000000010101000010000101010110110111101100011111101110101000111
0000000001100011011011110101011111010000010101010111000101110110
0000001000110010111100000001100010000111001001100001110010100111
0000000110100111001111010010001110111011010010100010001100101000
0000001011011001111110011001000101000000001111010000100011111110
0000000100000111001011010110101011101000111010110111001111011101
0000001100000010111010000000011100100011110011000101010010000011
0000000010010000101001111111011010010111100010000100011000101001
0000000101110110100110101001100000111100000110011011110010111110
0000000111110111001100110011010000011000000000110000010011101110
0000000100010011111111011001011111000110111001011010100111000110
0000001101010000000000000000000000000000000000000000000000000000
0000001001000001110011010111110001000011101011010010010110000100
0000000000111111011100001011011011001101010101100100111110010111
0000001100010011010010100100011110001000111000111011111101100111
0000001010000000000011000000111001110000101100001010110111101000
0000001010000010000010101111100101110011011001000100011001000111
0000000000111000000001110001011101010110110111110010001000011000
0000000110100001001111011001001010010011100000001101001100000011
0000000000111111110111000011010110001110000110100011010000000010
0000000110101101011100111101011101111101011011111000110001010011
0000000000011110010101011010001100001001111011001100110000100110
0000000001101111101010100101001101111001110100111100010101011001
0000000010100010010001101011110110110100111011111010101001100110
0000000110000101101010000011001100111101100111000010011101101000
0000000100101010110000100111000001110000000010111011111110100111
0000000000100000100001011100011011001001001010101000100110001011
0000000110101001011001010010111001100100101101111110010011001001
0000000000011000000000000000000000000000000000000000000000000000
0000000001000010000000000000000000000000000000000000000000000000
0000001001110010001111110101001011100010101011010110111010110011
0000001001010101011011000110000100011110011111100000010111000110
0000000010100011100001100001110110011110110011100111011001001100
0000001000001101100101100100000000001100011001101011110110100110
0000000101000001010010010111000110111111110110111011011111001010
0000000001000011000000000000000000000000000000000000000000000000
0000000000010000000000000000000000000000000000000000000000000000
0000000111110000101000011000100010101110110100110111000100010100
0000000110000100100010110111010001100110000111101110110111010100
0000001011011000111110100101111100011110111100010001100011000011
0000001100100110111110001111001100101010101111000001110001101100
0000000011000111011001011011011001100000111010001011011110100101
0000000010000011001110111101011100001101001111101011100010110111
0000001001001000101101010101000010101101011101001101001010011010
0000000010100111100001011111001011000011011101110100010111001100
0000001011010011011010001001001010011001100101100111010001100110
0000000000111000011010110010101100011010110010010011010100111100
0000001100001000011000100110011011111011001000100010001000110110
0000001010110000110010100101000100010010000101011111001101110001
0000000010100000100110000110111011101010110101101101111111111001
0000000100011111101001111011010001001001000111011011100101101100
0000001101000000000010100110111101000000000011011011001011111110
0000001101001101011100000111101111010110010110100011101001111100
0000000001110010000100110110010001000100001010000100101011001000
0000001000010010111111101011000001111101001000111100110000000010
0000000110000000101110010101111100111111111100110001100101111111
0000001001111001011011100100101010010101000000000001110001110010
0000000101100000101101011111100011000100010111110001010111010000
0000000010111011011110001101100101001001110100110111000100111100
0000000000011010000010110110100111001100011001001111111101100110
0000001101000111000110001111101011110001000101100011011101011110
0000001001000101000110000100100110101001100000100011010001110111
0000000111100101010011001110110110101010110101011011010110001111
0000000011111011010010010100101011010111000110110111101110011000
0000000110001100111110011011001101110101101101010111010100110110
0000001011101001001010100100111110111101000111000110101111001101
0000001010001010111010110011100000100111100010110001111000011100
0000001010110000101001100010011110111000100111110100000110100000
0000000001000001000000000000000000000000000000000000000000000000
0000000010100110101100001101010110101010000110101010100111111000
0000000110011011011110101011000010101010001000110111011000001111
0000000011011011011000101011110110110010000111000011111011111011
0000000111001101110011110100110000110000101111110000011101111000
0000000111010000001110100111110000011010111110000001101110010000
0000000000101000111101011100101111010010100111011000000011100001
0000001101000000110000001011001011011001000110110111100010011011
0000001101000011011001010100100100101001110001010011110010010000
0000000100000101111100111111000110011010101110011001000001110100
0000001101010000000000000000000000000000000000000000000000000000
0000001011100111000101011100111111001101111101100101011111100011
0000001001111000000100111100111001111111110010010011010100010000
0000001011001111100100100001110100101101110100011000110000001000
0000001001001010001111011111110100011000001100110010110000010111
0000001000110101101010011101101101010001011010001101010001100001
0000000001010011111111001110011110100010101001000010001101011010
0000000110000001001011100011100100101101100111010010000011111011
0000001001101111011010111011100100000000010110011010001011100101
0000001101001000101001010111100101111111100000001011111001011110
0000001001111110101011111010110101100111011001110011000101000000
0000001001000101111101100100011011101111011011111010101100011111
0000001011101110101001001000101011010111000101100001100111100011
0000000101010110010111101110010110111000101010101010110001101001
0000001000110100000010100011100101001101100011010110111011001101
0000000100010110110001101110110000100101010000000100000000110000
0000001100101000110110101101111110111111100100101111000101100010
0000001101010000000000000000000000000000000000000000000000000000
0000001011100111111100111000011011111101110100011100100001001100
0000001100000000011001001101100011000011010001001101000111101010
0000000010011100100011110110001101011101001111011001100111111011
0000001001010010011101110100110100000100000010001001000101010000
0000001100011010001001111110100110100001010010101001011100001111
0000001000101001111000101001000010001110001001011011011000001101
0000000001011011111011111100111010110011011011001111011001011110
0000001100000111101010001000110000000100001000101011000100000100
0000001010000100010101001111110010010100111101101101010100011010
0000001010101111010100011011001010111101111011011011100111111010
0000000001001000011000000011110010010111101000101000000111101100
0000001001111101111000100010011010101000111001101000001011001011
0000001010000001101010010000100111111100100101011001001001111000
0000000001011010100111011101110011100101111001011011111111000011
0000000101011011000111110011101000110101010011010010001011000111
0000000001010001100010100001111000110100010101001101101000111000
0000000001000001101001000101110000111100111011001100000010001100
0000001000011101000110010010100100010111001010001011011011001101
0000001001111100111111001011111001100101111000111100000000010011
0000000101100101011001100000111111001111110001011000000001010011
0000001000011111110111110000011111100011101110101100101100010011
0000000001000000000000000000000000000000000000000000000000000000
0000001001101111001100010001110100111010110001110010011000100001
0000000011001101000010101110111110011011111001001100101000100100
0000001001110011110001110111111000101001001110100000100110001010
0000000000110100111001110010000001010011100101010000111111111010
0000000110100100000000010101011000011111111101010010101001111111
0000001100100111010101100101110111001011011011110010011111111110
0000000000100000000000000000000000000000000000000000000000000000
0000000010101010100001000001100000101111101100010001111011100000
0000000111100100000110010110011111100111111011110010101111001111
0000001100010111000101010000010010000010001000111010010110100011
0000000000111010000000000000000000000000000000000000000000000000
0000000001010011101111001100010000001000000110001011000111111101
0000000100110010101001010001010001010011011010011010100011111100
0000001010110110110100010110001011110101111101011111110000011001
0000000000111100000000000000000000000000000000000000000000000000
0000001100001001101100100010110000010101101111011000110010100110
0000000110101111001010100110100100000110000010100010000001110100
0000000001000111010111111111110111111011001111111001001101011000
0000001011101000011001001111110101010111110110111110011101010101
0000000101111001100001110100111010000100010100110110111010111101
0000001011000000101001110111110010110000001010000000000111000001
0000000111011101101000110000010101101110001111110101111110110000
0000000111100100000011010011010011101110100011110000110011111011
0000001010111101011010100110101111000111111100000111110100010111
0000001001111101010111010000101111001101000110101110100011111011
0000000011011010100101111111100111101111100010000110011111111011
0000000111000010010100011110011010000001100000000011100101101011
0000001001101100100111100001110000100001010011110101110111100010
0000001000010001110100011000011101000110000101000100011001010110
0000000010100000000000011000001000101001101011100101110001011101
0000001011001000101110111010000000100111100010111001100000111011
0000000101110000100011100111001101001101111110000100000111000101
0000000111000010001001100101000110001000001001001101001000010010
0000000001001111011001111010100011010111011011101000010010000001
0000001010000000011110101011100001110011011010110001011110110001
0000001010000001100011000110100111001010001000001101110000000100
0000001000110110101000000001110111001101101100001111111011010111
0000001011111000100110111100010001100000000010101111101110111111
0000000011110000100001101100010000100101010010110111111011101100
0000001101000000101001111001001000000111010011010011101011000111
0000001011101101011100001110010000111000010101000111011110110110
0000000001100101100000110011110010111101000010010010101100000110
0000001001001000110110110011000101001000000010011101100100111001
0000001010000101101111111110001010111001101101111110010010011000
0000000010101011111011000011000011110100100010001001010000100010
0000000101011100100011101111001101010001011000001111111001101010
0000001100000010010011011000100000111101111000101101100011010100
0000000001010110011000001010110111111001010101010111100000100000
0000001001110011010101111101010011001001111100000011011010011010
0000000001011010000001101000011111001100111100010011000111101111
0000001001000100010111001101110011110101101011010110011111111010
0000001000001101101000111110110010100100011000110001010101111110
0000000001100111010011111001110101100010000111010101011011000010
0000000100000011111100001011100000000001001101101110111100100000
0000000001101100101111100010111101110000111111000100110101001010
0000000100001111111111111101010000101010010010110001110111100101
0000000100111001111010010010000100001011100100100001011100011000
0000001011110010100001111111100101011010101010101011100111001101
0000000100101011101001000100100011001100110001001110111001100011
0000000000010100001101101000010010100101000100110101011101001000
0000000001010100101000101110001010100111000000010110010101011011
0000000100100010000001000101101010100001100101110100101110101111
0000000100000111011010011010101101000110111100000001010101100101
0000001001000101100110001011001100101001010010001111110001110011
0000000001100011100000111111000011110010000101001100101010100111
0000001100110100110110010001010010101010110111000011111010111011
0000000001100111101011100010110000101101001111010100000110111011
0000000011100101011000101001111010011001111010000010000110000110
0000000001100011000010001101011000110111100100110000010100111100
0000001100101101010001001100111101000010110100111001011011101001
0000001010000001001100110111000100110110011100100010011100010110
0000001001101101001010000101111011000110110100100011001010010110
0000001010000110000111010100100001010100011001001011001001110110
0000001010100011011011001010111000010000101111010110000100011001
0000000101011000101100010101011111100101101101110101001100101100
0000001001010111100111011001101010100010111101000001110000000110
0000000001101111001100010011100011101100111110101100111110110001
0000000100010100100100000010011000111001110000010111111010001000
0000001000100001111000011000111011101101110111001001110100101011
0000001101010000000000000000000000000000000000000000000000000000
0000001010001001010001110100110000000110000110111001000101101100
0000001010110011000010101001100010101110000101101000100001111000
0000000011110001011000111100110111011010110001100010011101100001
0000000101001000110111110000100111110111001010000101100110000110
0000001001011010000100000010001010101111000000000001011110001101
0000000111001000011100101101100000001010000101010001011001011100
0000000001101010100101001010000011111100010001101010001111010011
0000000010110001101001010110001110010000101011111000010010110100
0000001001110110011011000111110010011101110110101011010111011101
0000001100100110111010011001010011000001010111101110010000011011
0000000101110110101100110000101100110110101100010001011001001101
0000000111010000101110111011011110000000111011111100110111110000
0000000000110010000000000000000000000000000000000000000000000000
0000001101001010011001101101000100110100110011011010111011110001
0000000011100001110010111101010110011001100011001101011101110011
0000001100000110011011011111111001000111111001011100100101110000
0000001001111111010101010011010011000011011001000000110011000100
0000001101010000000000000000000000000000000000000000000000000000
0000001101010000000000000000000000000000000000000000000000000000
0000001101010000000000000000000000000000000000000000000000000000
0000000000101010001111010011011011010111001101100111100110110000
0000000100010000100110100010110111010111111010101001001001011000
0000000110010001011111000001101100101101001111111001111111110100
0000001010000001001010110010110001010011011010010001011100000000
0000001011010001010000110001101000000100100110111110010011111000
0000000100000101111001101010101000011111000101000000100100100101
0000000111011000010101100001100110111001110010001010011111111000
0000001100100101000010101111111100111011001111000001100100010000
0000000001010011010011110111000110111001101010011001100000001011
0000000110001000111111010110111001011000011010100110000011001011
0000000110110100011100000000010100010101000011001010011001111010
0000000001000000010101000001100001000111100111110000001001010111
0000001011000000000001001110001100001010111011010100001010011011
0000001010111110101000010100110000010100001001111110110000001011
0000001101010000000000000000000000000000000000000000000000000000
0000001100100110010001000101100101011000011111000110100111001101
0000000101110110110001001101010000010010101000011111010100111100
0000001101010000000000000000000000000000000000000000000000000000
0000001011001011011011101000010010001111111000000010101010011101
0000001000010000100111110010100111110011111010010100000011110000
0000000111100000101111101111011010101111001100011001110110111000
0000001001000111000101110011011010000000100010100011011011010101
0000000000111110000000000000000000000000000000000000000000000000
0000001010010101011000100111010000000000000110111000111111101100
0000000001100101000001000111100110010010011001110011100010000001
0000001000010111000110010000001100110011010010101011010100001011
0000001010111100001010111011000010100000100000110110100101110010
0000000100010111100010111100110100000010000110001110100010000010
0000000011001101111010010110000011100110001101011010111001000010
0000001101010000000000000000000000000000000000000000000000000000
0000001101010000000000000000000000000000000000000000000000000000
0000000010100011111011101010001001010001010100110101100011101100
0000001100011010111011111100110001110011101011000011000010010001
0000000110111001001111001000101001001111111111101000100110001100
0000000100111111010000100110111011100100000100000110011100010000
0000001010110100100010010111011101100000010110000001000100110001
0000000000011001010011010110011011100111001100101100101101110001
0000000111010101000101100111100011101001111010001001010011010100
0000000011100000010101110010100001100100110110110010011000000110
0000000101110001010101111001010010101110110100010011000110001101
0000001001111001101100010010010110011000011100011100000111101101
0000001010100100010001101001110011000101111111101001101001000100
0000001010010010011100101011001010111101100111010001001011100011
0000000011110001100110011100110000010111110111011100110010100010
0000000011000111001101110110111101000101001010001001110010100000
0000000111100011110101000000110111011101000100010111011111101101
0000000000101111101111110011100010000100000001010010011101100010
0000001011011010100100101101011001000000011100110100100011101100
0000000011011000100101110101011011100100101000000100001111010000
0000000010011001111100111011101101000100011001110110100110011100
0000000110101001000001000110010111110101100001110011100111000101
0000001101010000000000000000000000000000000000000000000000000000
0000000100111001101101001101001101101110111011111001110110110111
0000000110011010011100011011100011101000111010011011110101011111
0000000100111011001100010010101010101001000100011110101010100101
0000001101010000000000000000000000000000000000000000000000000000
0000000000010001011011001011111100110100011111101101001101001010
0000001001110110111100000110000100010010101011100111010001100100
0000000010111110010110111011011100011010110100111010111001101000
0000001100011100101101101111001011110100110101100110011011011010
0000001010001101110111011111001001110010001101000010111100011100
0000000000111101000101001010111101010110001011010101010010111000
0000001000011111100010011001000111111111011101011100011100101101
0000001000110111111011010011111101101011101101010100111000101111
0000001001000000100101011000010011111010110001001000011010110101
0000000000010010010011000010001110110001010011010010001111101100
0000000110010001000000100011110111110010110000100100110111111111
0000000010011000100100000001001100100001011111010111100001100000
0000000010011011010111000110000101001001101101000010000001110101
0000001001101110001001001001100010011011000111100100011011100101
0000000101111001111111000100010010001101101011011101100011101111
0000001101010000000000000000000000000000000000000000000000000000
0000001101010000000000000000000000000000000000000000000000000000
0000000010100111101000101100000111110111101010000010101101010111
0000000011001001110111110101011000101110010010100100110111001011
0000000011110110010001010011110000000101111110000111000000110000
0000001000101000110100111110010110111111011101101000010001110101
0000001000000000010100011000011101111001011010011000101001011111
0000000101000001110000110101111000011000011011000110110010110000
0000000101000101011010100111111101110001100101101010010000010000
0000001000110101010000001001010010111000111010111111111101011111
0000000111100001010111000101010001110000101110111010001001110100
0000000000110100101011000010111011101100110100111100100101110000
0000000111101010011100100100011111111001011110011110111101011111
0000001010011011011011000010100101000100100101011110101111111010
0000001000011011111001011011100101100111100001111010111101101000
0000000101010110111101001011010110011110111100111110110010010010
0000001000110100000011100011010100111101101001010011011110000000
0000000101011010010101101001011100100110011100100000011011111000
0000001100100010000111100001010101101111001011001100100101100001
0000000100000110110011000000000101001010110011001010111010101000
0000000100011000000000000111010011010100011000010000010111100101
0000000000110100000000000000000000000000000000000000000000000000
0000000010011011100000101000100100100100100110111010101111010110
0000000000110001000010000010110100011100000111011101000111100111
0000000000101101011110001111010110010010001101100010111101000110
0000000011111001000001001000001101011100111101111001011001110100
0000000000110110011000001011100100110110110110111111101010000100
0000000001010100000100100011011011000010110100001100010111001101
0000000010010110111010011111010001000101001110010101011100010010
0000001001010111100111000111011111010100110101010001100001111010
0000001100100110010010100010100110000011111011110010111010100001
0000000010011100110111111101001111101101011100110000111001000110
0000000101110101110011110111010101010101010100100110110011011000
0000001001111010100011001100101000100111001000000001101100111001
0000001100010100011011101101100011111101010101111101010101000101
0000001001100011011010001001100101000010010111011010101000101001
0000000101000010010111010111101100110110111001111110000011011110
0000000110010000000001010010100001010011001110011010011000011100
0000001100011000100001010011111101101101010101100101100000100000
0000001101010000000000000000000000000000000000000000000000000000
0000001101010000000000000000000000000000000000000000000000000000
0000001100011001101000111010101010100101110011101011010101110011
0000001100000001000101010111010011101101011010110011100010011000
0000000101110010011000000101100010001110000100011000101111110100
0000000001011000100100111110000110100100110011010011000111001101
0000000101101110101001111000011011101011001111001111000100010011
0000000001010001111101011010001101111001111110101100101101101100
0000001101010000000000000000000000000000000000000000000000000000
0000001001000110001111100000000110001110110111110110001100100000
0000000101100010101110111101011001001100101101010001011001111111
0000000011010010000100010101010100000110110001100100000101100111
0000001100111100110111100101001010001101010100010001001010010000
0000001100111010111111011001000111010101110101001100001111011100
0000000100010110100111001010101110100011001101001011101110010100
0000001100011000000011111000001101010101000000101001001101000011
0000000011011010001111011101101111111001000101001010111110011000
0000000001010010011010110111110111110111110110100110000011001000
0000001001101111110001101011011010101100000000110100000000100101
0000000001110000100001011010001000110011011000010100010010111000
0000000010111001110100101100100101110011010001000101101111100111
0000001000011101001101010111111100101000001000010011111110000111
0000001000010010111100101001100110010001001001111100001101110100
0000001001100100100000001000000110001011111101110111000010001000
0000001010101101111100001001101111111100010111011101111011100001
0000000111011100110101110101111100110111101000011110100110111101
0000001100101111001000010000110100010111010010010111001010011111
0000001101010000000000000000000000000000000000000000000000000000
0000000100111100010010100110010001011110001100101111001000011101
0000001101010000000000000000000000000000000000000000000000000000
0000000000100011110010101000110110101111010101010111111111110110
0000001000010010110010011001001111001010000100100110111000100111
0000001101001001110001001111010100001001100110100011000101011000
0000001101010000000000000000000000000000000000000000000000000000
0000001000011011011001000010000001001111011000000011010110101100
0000000001000000001011001000001011100100111100001101110000010000
0000000011110110000100000011110111100001001111000000011110110111
0000000010100110011100110101000001110100001011010011011110111000
0000001100110111000111011110101101010101001011100101000000101000
0000000001011000000011110110001001100010010010010010100100001011
0000000001010011111001111101110010001110010110010011011001011010
0000000111101011001110010010100001000010000010011000011010111011
0000000001100011100011101001000001111001011011010101000101001000
0000001010111010101101001001001010100111110111001110000001010100
0000001001111110110110011100111001001000010100000110011010110000
0000000100110001111010110001011111000011000000100101110001101110
0000001010100101001100111110001100101100010101010001100111111001
0000000101110100000110100101101011000010001100011110011111100111
0000001101010000000000000000000000000000000000000000000000000000
0000001100110000000100011010011101001001000000010011001011101000
0000001001000000100111101000010100001000000111100101100011100101
0000000000111000010000100010101101111011001000111011011011011110
0000000011010110001100000110010100011000111001110000000011001110
0000001101000000011000000100111101001001100110001010010001110101
0000000000110101011100011101111001001100101111001010101100110100
0000000010010000000000100101011111001001110111111110011110100110
0000000111100011011111110000101100101110011101110110100011100111
0000000010000010100000101011111000101001010010100110101010010010
0000001010000101101110011100100101111111110000000110111101100001
0000000111011110111110011011001111011001111011010100001110110000
0000000011100011100100000010001001111000111110010011011101110011
0000001010100100101110000100101111101011101111000011001010100010
0000000110100110110111101101000011101100001101110101111000001111
0000001101000100100001111011111101011100001000110110101011111011
0000000110010110111011011001001111111010110101111110000010011011
0000000001000100000000000000000000000000000000000000000000000000
0000001100010111011011100100000011100110000101100100101011000010
0000000001010000111000010011010101111011110100001110000101101110
0000000001100001000000010110010101111011000101001110001100101100
0000000001100110000001010111000110111000111100011111100100100100
0000000110000000000101111101101100000100010000101100110100101110
0000001101001111000011110011110100110011011001100010100000010101
0000001001001110000110001011111101111100010101101011011000010111
0000001101010000000000000000000000000000000000000000000000000000
0000000000110100011110011000111111100001010110000110010001001000
0000001101010000000000000000000000000000000000000000000000000000
0000001000000010110101100000010010010101010000101000100000110111
0000000001011101010100101011110010000011100101000000000011100011
0000000011110010011110100111101111001110011111000110110010011011
0000001101010000000000000000000000000000000000000000000000000000
0000001101010000000000000000000000000000000000000000000000000000
0000001000000001001000111001001011100111010111001000110101111110
0000000101101011011000011100101101111000010111110111011101000000
0000001001010000010110000101010011011011000000010101011110001011
0000000000111111111101011100101001101001100011101000111010000000
0000001000000001100011111001000100000110011011101000111010101011
0000000111100100101001101111001111001001010101000110100011111100
0000000010011001111001001101111101000100100010110101100110010111
0000000011001001000101011101101101000111101101000011011101101011
0000001001110111000001011101000111100001110111011110111000111101
0000001010000010011010100011010010100011101000011110010000100011
0000000111111011010010101011010110101100011100101011001001111101
0000001101010000000000000000000000000000000000000000000000000000
0000000100001011001001001001110010001010111010100010100110010011
0000000110101000001010110011111011101101101010100011101100001010
0000001001011100000101011111000010110010000000111001001001100011
0000000100010100001011000011100111110110011001110111101110001100
0000001001000011001100001100110101110010111110011101111001100000
0000000001010011010111010010111111100100000111110011111111100001
0000000001001011101001110101100101110010010010110001000101100011
0000000000011011111111001001100100100101101101101111010000001111
0000001001111010010111000000010000010101100111100001110010001110
0000001101010000000000000000000000000000000000000000000000000000
0000000100111001010100010101011000000011110010110111011011111111
0000000100111111010001011101100100011000111100110101101110111001
0000001000011001100111111011110111100101100010011011010111100111
0000001101010000000000000000000000000000000000000000000000000000
0000000001011010001110111100110101011011100100110000000011110000
0000000100011011110000111000010011110010011010101100110000000101
0000001011011011110100011000000100100011101101100100110101001101
0000001011001101010011101011111000101001111101100001001110001010
0000001011110001111011111011111001110011001010000100010011111100
0000001011110000111001010101110101010001101101101100010101110111
0000001101010000000000000000000000000000000000000000000000000000
0000000001100111101011000110110010000101011011000011010010111111
0000000001000110110010100001100001001111011001100110001001110011
0000001010110010101011011100100101100101000100110100000111101101
0000001001010000010100011001100010000100110000001101101010000010
0000001101010000000000000000000000000000000000000000000000000000
0000001101010000000000000000000000000000000000000000000000000000
0000001001110101110111000111000001111010111010011000010100101110
0000000111010001010111000011010110001101101100101110100000000101
0000001001111000111010001011011100101100101110000010101010101000
0000001001111011100101110110001101110010010101011101000001111100
0000001010110111010101010010100101101111001110001010011110000111
0000000101000011010101001010100000100110011111111101101101010100
0000001011010011000010100000000101100110011000000000000000001011
0000000011010011101110000010011111111010100001000111011101110101
0000000001100101100100001111100001111100001001100011000101100000
0000001010100010001101110000110100000111100100100000011001100110
0000000110100011001101110110111100100000000100101101110110011100
0000001011100001010001000101010001101100101100100110000110000110
0000000000010110001010011110001101000101101000010101110000001101
0000000000101000110000010000101101111010010001101100101011010101
0000001010110110100110011111111011001110100001011111000101011011
0000001101010000000000000000000000000000000000000000000000000000
0000001001110111100011000100000001000010001000100000100110100101
0000000111000110010001101000000001100111111100010110111011011001
0000001001110111011000101111011001101110001110011000101111111110
0000000100000000110011010001110011001011101011011000001100000000
0000000101110001111111111001110100101110100100110101000011100011
0000001100101001001111101010100011011101010001110100101010111010
0000001010000000000110101101010110010101110011101001111101010101
0000001010110100101001101010010011100001000100001011001100001000
0000000001101101101011110110001010101001011110110010010100001101
0000000001001000111010001111000000101101010110100101100000101011
0000000010100001010110011001100100010001100000001010011100011111
0000000010100110000101101110110001111111000111101101101011011110
0000000100001010100100011111011101001010000111110001001111010010
0000001100110101111101000110101011011101100001010110011101100101
0000001001110001000111010110110111101111001011100000110110110101
0000001101000111110000000100111000100001110100111101010010010010
0000001001000100111100111001111001011010011111000000011110010010
0000000000111011001110101100111011100111100011010110111001011100
0000000111111001111010101001101001100011000000100010110010010100
0000001011110001010110000100010101100100010001011000110011111110
0000000110000111110011010101100101000011011101100110010000011111
0000000011010101100000000111101111100000110101001100111010101110
0000000010110001100111011010001011010011111001010010111010100010
0000001101010000000000000000000000000000000000000000000000000000
0000001000001101111001001100101010111011000100101101101010011101
0000000010010011010111010010010001011011000001010011000110110100
0000000111011010110011110000011000111111000110111110101010100011
0000000010011110100110010010110110000110000010001100000100101101
0000000011111110011111001001001000000101001001111100101111101100
0000000110111111101110010010110100100101001100100111001100001100
0000001100100010111000101100100111010111110101101000110111010010
0000001100010001110101110110100110000010000100000000000100011010
0000000010000101110111001110101001100100111010110011010011110101
0000000101011110111011001100111010010010010101100110010001100110
0000001101010000000000000000000000000000000000000000000000000000
0000000101100101110000111011001010011000010100110100100010101101
0000001100111001101111100111111100000011100000111111010001110111
0000000110100100010000111000101011101001011010101110101101111010
0000000011110001101001011110101000000001110110000100111101101110
0000000001000101110110111000011011111001000110011001011001110101
0000000101111100010000000010001011000010011011001100000101110011
0000000011011100110000110010111011011101011110110111100111110100
0000000111001010011110011001010100001001111001100010100101000100
0000000001000101000000000000000000000000000000000000000000000000
0000000100001000110110000110111001001100011010100100101001100011
0000000101011001001011100010010110101001001011000010000101001001
0000000100111110001011000001011010101110000100000100100111011010
0000000010010111010010000100000001001010011001110101000101011100
0000000000101110111111110101000011111001101101000011000010000100
0000000101100111100110001100100000011110011101010011010101001010
0000000110101111010111000011110001011100100101011010001110111000
0000000110110001100110000000010111000110111000111111001000000010
0000000001011001100100001101011101110000010010100111000011011001
0000000110101111101011100101111110100000101110101011111110111011
0000001010110000011001100001010101110100010100100011100100001101
0000001011111100010101110001011000011101100000100101001100110001
0000001000001001100110110010001111110010010110101011100011000000
0000000111100001100001110010001010001101011010001011100101001011
0000000001001011111001011100001011101111111010001111001111010110
0000000001010111100011100101100001000111010101001011001001100111
0000001101010000000000000000000000000000000000000000000000000000
0000001010000110001100001101111011111001110100010011011110101101
0000001011101010100100001011011000100111010101010100000000010010
0000000001011011011101110000000111011111010110110010000000101010
0000000010011100100001101010101011000110100001001001011011100111
0000001010100001110000011111110100011000001110001110100100000011
0000000000101101101001001100000100101111111011011001100000000000
0000001001111001101011010011011110100011000010111001110001101110
0000000001010110000010100011001010110000100001111101111111101100
0000000111101001100100001000101110001010010100001101000010100111
0000000010110001100100010100100100011110100111010100000101110000
0000000000010011001001001111001011001010001101111101110011000010
0000000000101111010111101100110100110010100000111011111001110000
0000001011000010100111001111010101100000010011100011000010011111
0000001001011000110000101100000000010111111010100010101100000001
0000000111100111000011000010000111001100100100101001111011101110
0000001011011101011011110010101001001111111011000011100111101001
0000000101101101011101100110111100110101011010011111110011110101
0000000101000000010111000000000100010111110101001010110001111001
0000001010110001011010000010101110001001110111000001100000011100
0000001000010101000110011101011000111100000111111101010100111101
0000000110011111010111111010001100001100011110010111011011110100
0000001011010011001000101001000110111000100001110010000010100000
0000000100101100000101110010001011001100110101100111100001011010
0000000011110010111000010001011000111111100010111001101101110100
0000001000010001101000111101001010011001110111111001001000100000
0000000010110111100101101110101100111100111000100001111110011110
0000000110001010001001100001110100101001111110001101110011111100
0000000001011010101000110100101100111000011001010010011000011110
0000001010010100100110001000001011110100101101000110100001100000
0000000001100010100111101001011011010110111000011010000111011111
0000000100000000100101001011001001010001010000101100000101100010
0000001011100100111011100100011010011001011001110111111100010111
0000000110111111100011100011001111111010101111101101101100010101
0000001101001101101001001101101001100110010001010011101001000110
0000001000000100010100010001010011001110110000001110101010010101
0000001100010110011010100010100110010000101000000001001110100010
0000000101011010000010101100110000110100110100100011000001001010
0000001011101000010010101011010011000110010110001101010001101001
0000000010111111001000001011011110110011011010001001000011111100
0000000001011111111100110001001110010110010100110011101011010111
0000000001001001010010000100100010101111000011110111011111011111
0000000111101010101000101000101100110111011001100111111000011111
0000001010000001000000000000001010111011010100000011011111001000
0000000110100000111010100000100010101001011001001110000101011010
0000000000101000000111111010010001010011001101001001011010011110
0000001000001111000010101111100110100001111011010110111111010100
0000001011101100010010000101101101010110100100001111101111101101
0000000010100011001010110000011001011100100101000111100010101100
0000001101010000000000000000000000000000000000000000000000000000
0000000100010011101100111100000011111001101001111000101101000000
0000000010101000100111110101000111100101001100100001110000011011
0000000100101001110001111111001110111001110100000101111111011100
0000000101111111000010111110011010100011011010010010100110001001
0000000100100001111010011111101110011101110000001000011010110000
0000001001001000010011010101011100111010100000111001110001110000
0000001000000011011111001101110110111111110101001011011110100000
0000000100111101000000010111010111101100101111011100111110010000
0000000100010001111011011011110100011000011111001101101110000011
0000000111011110010011010011111100010111111011100101111111100101
0000001011100101101010110110111011101001011110000100000101001011
0000001101010000000000000000000000000000000000000000000000000000
0000001010101111001001111001110000100010001111011101001111111111
0000000100110110000100011001000110010011010101011000100110001011
0000001101010000000000000000000000000000000000000000000000000000
0000000000110000100000100110010001101111111000111011101001101100
0000001101000011011010000001100001111100100011011011101000000110
0000000100000111001011011110011001111110101010101010110110000011
0000000110011000100011100101111000110010011100110101100110000100
0000000100000101010110011110110001101010100011101101100101010111
0000001101010000000000000000000000000000000000000000000000000000
0000000001110100100010101000001001000010011100011111001100011101
0000001001111011110001010000010110011110011101001100011100001001
0000000011111100001011001100110000101010111100110001100100101100
0000001100100000101001100001001111111001101100011011101001110000
0000000000100011001001101101010110100001010010100110011010010000
0000000011000100000101111110001101011100100101001100110011100010
0000000101000100001110001010000110001111100100110100110100011100
0000000100000001001001111110100011001011011100000100100101011111
0000000101100111011011111111111111010111100111101011110111101100
0000000001011101101010110100101110101100011000111000100001110111
0000000111100110000000100100001110010001001011100010000001110101
0000001000011001111111111100011010000010011111100111110111000001
0000000110010000000001000000000000010110111001011011001111001100
0000001101010000000000000000000000000000000000000000000000000000
0000001000010010000011111101011000100101001111010000111000000010
0000000000100011010111000010100011101101001010110100010100011111
0000001000111001101110110000010101100111101011011101111010011101
0000000001010110110001101000011000101000100010100001010001111110
0000001001110101011111101001001110011001101111101011001111011111
0000001101010000000000000000000000000000000000000000000000000000
0000000110110000000101010001011101100101100110000111001110101000
0000001000010010001101000101001100000000110011100110000000010010
0000001101010000000000000000000000000000000000000000000000000000
0000001000101110000110101110110000111100010100110010101000010000
0000000010100000110101011001110101110101110010000101100001000110
0000001001010100110111001000001100000110000010111001000100100111
0000001000110111011010100011011000100111010000010101001111010001
0000000000111111101011000010000010001101100111000000010010010000
0000000100000111010100100011001100101011101001100110110001100000
0000001010110000100000100111111101001100110001101100000110100110
0000001101010000000000000000000000000000000000000000000000000000
0000000111111111001010111010100110001100110000100101000111101101
0000000100111011111001011111001101101011010101011101111110001101
0000001100111110001100110001110101100101100001101001011100000101
0000000100000011000100100011110010011101000001001111101100100101
0000000100001100001110010001111000111000001011011001100011001111
0000001011100011110001111000110011101000100001111100011110000110
0000001010000011000001011101110110110100010101001100110000100101
0000000000101000000000000000000000000000000000000000000000000000
0000000001101111001111100100101011010001010011101000100001001000
0000000101110100011110101000111111011011001100100010100100001100
0000001001111011111100110000011000101110011011001100110111001001
0000001100011010110101011100011110110010010000110011011111011111
0000001011101011001011101010101111010000101010101100000011000001
0000000111011100110000110010010110001110100110101001111010111001
0000001001011010010101100010000011001011010101011001111111111100
0000000001100001111111010110110011001110101011010010011010000011
0000001011101111100011011000010011101100001100110000101010111100
0000000001100111010000111101000110110101010110010110111001000110
0000001101010000000000000000000000000000000000000000000000000000
0000000101000000111000010010101111111011010000000001001010111010
0000000000101100000000000000000000000000000000000000000000000000
0000000000100100000000000000000000000000000000000000000000000000
0000000000101100001101000011001101001100100101100100011111000100
0000000100110101101111110001110110000001011110000101111101001001
0000000010100010011000000001100110110101000000000000010100000010
0000001101010000000000000000000000000000000000000000000000000000
0000001010100101001101101010010011110100011011001010100010010000
0000000000101111110011101001101010110001011001110110001100011000
0000000011010001000100010111011100111101100001111101101111001111
0000000011010000000111010111011011011111100100111001100000000110
0000001101000010101001000010010000100110011101001010000000001001
0000000100001101000000001100001001000101010010011100110011011001
0000001001110110101110101001000011111101001000101011000001011000
0000000111011111000110110001001101110010010001011110000011101000
0000000011000111111111101100110011101001100101111001000011001100
0000001011010001000001011001000001000110011101100001110010001101
0000001001101111010101101100001001011100110011110001100111001110
0000001100001101100010101100100100011011101010000100000010010010
0000000101100110101010111110111000100000111010001010101100101111
0000001101010000000000000000000000000000000000000000000000000000
0000001011110000000110100010000001111011101001111001011001001111
0000001101010000000000000000000000000000000000000000000000000000
0000001100001111110011001001101010101110111001111110010111101001
0000001001100101111000101001100101110010000111011011111010010001
0000001100010001011001011011010101111100011000010111101001010111
0000000001110101110111011010010111001111111001010110101111111010
0000000110001110000100111110101010000110100110011001010011101100
0000000100100010110011010111001110010000000110100011101010100001
0000001001110011010101111100110101111110111101011000001010011010
0000000010100010010111000101100111110000111110010001110011100110
0000001010110100010010010101001100010101101111011101111000011010
0000001011000000110011001001111000000001111001000011101010110110
0000001101010000000000000000000000000000000000000000000000000000
