253266
52324
129732
136765
113023
52534
271788
211952
256794
283032
13551
181250
154594
197175
192660
126876
233696
210244
93227
187580
255954
191598
259204
94072
111166
40095
80501
262317
79806
78
255662
174551
296031
253170
219136
61307
243461
159984
86400
85910
271237
193430
67934
243069
249642
257076
295464
115646
242880
232854
29415
11850
57896
142521
117760
206030
129270
92268
90014
41978
136844
156491
78343
122625
228633
253912
38592
238846
7062
207955
156024
214467
142710
11808
230740
228801
274210
29184
236375
59793
165227
125350
102047
66779
245832
210288
159804
284950
223047
148070
111756
167896
264447
276576
165712
122863
279292
114808
196092
169119
231636
73515
94032
88733
123164
198052
217316
244714
292566
199928
53656
180830
87016
267380
130500
120770
297884
50268
28652
133776
29982
200915
32318
227410
211980
61333
47970
160728
6028
278293
35391
12258
18423
287820
96986
261976
87569
210596
34728
226848
18864
222459
284089
64154
156708
3200
230264
1296
52872
213956
8014
15574
67297
71182
193766
268484
11376
7426
237623
207460
46040
256136
279110
159125
45424
190695
157674
145333
159237
261330
108340
160271
286168
154708
200850
172649
251021
60544
22763
282262
57590
124384
9225
26384
150032
190450
237567
25208
140190
16570
296976
7785
121647
41292
83742
92119
196041
54720
192095
100696
31347
17968
133848
115737
51465
26200
164907
162819
36
71777
76714
47440
228206
199354
225261
91799
77134
233519
242593
160686
139271
12879
106490
16640
50184
239674
167915
135318
240885
153700
108632
149325
149064
174019
261654
17604
244775
288
144500
77867
3107
11395
201895
177248
256080
42104
205612
226038
169700
162560
247064
271746
83105
119540
300
231314
56608
59345
233871
136842
285405
190665
229578
29854
228831
277472
250244
31310
74817
275568
13840
22301
201634
85042
29980
88220
290898
218441
299956
64224
274147
239070
175685
253679
76651
111028
200031
235845
104166
223712
240878
299991
179586
220956
1504
217482
214929
214250
262438
3611
218042
228824
155149
6
247962
207943
183100
12466
175449
240540
62859
161386
146544
247143
141534
251194
87135
256654
200577
123558
181740
264844
98547
147918
104838
88838
220681
258817
245673
142358
226680
40860
264251
178410
237973
8742
287295
48903
226134
14792
273239
194326
71135
11572
82704
224547
269513
30001
188691
39600
4110
66508
226360
2297
167138
245720
201214
95829
253744
119792
273699
168916
109416
624
137726
125154
52380
239252
65416
276184
89200
99630
296528
93120
102880
213487
112617
65010
199520
272285
249033
271622
126132
34679
208195
189050
74773
216959
13012
242775
36882
159144
223873
210986
250312
262984
295156
183714
210330
222937
144416
218968
172635
114260
105944
277628
255352
35496
48105
31968
63531
52240
203981
29009
152790
245804
51290
174021
231013
120644
17436
299860
170526
48789
6665
270276
133162
107673
136520
67719
47895
138886
93353
125196
244350
71002
213697
84288
193887
84650
13530
44561
292608
61886
145312
272924
245848
245153
137145
99450
115739
107778
74500
290368
23316
64233
197875
271704
273351
125775
270577
287335
241982
129144
202378
274140
151402
39773
298430
288875
162688
64044
217433
206886
18836
189797
238468
59415
135514
217832
136529
165115
216068
151768
18544
8385
16848
235040
274632
242500
283569
223763
195336
286126
384
199058
190700
267800
55896
272824
158556
26216
289064
32745
31781
75825
207810
255102
127056
226626
271585
160203
243860
276450
27567
52403
153600
261864
235458
98958
274128
227121
132770
247904
242913
208398
194293
57695
268059
64842
252195
263220
285580
98974
188392
19167
277220
22056
60941
132154
22646
204224
230420
51444
65946
260371
176672
67598
294671
255240
152970
216336
288623
209931
289176
126867
19305
288462
100332
276557
276844
151878
267070
125642
174670
117552
211940
10200
258040
50226
167019
149904
217057
115331
180167
217638
39612
257767
87303
64282
201725
14146
280811
123136
223574
299937
299151
148436
138564
55880
48266
180648
194622
6390
234116
273762
158682
143583
15315
13880
197457
53040
136256
151110
191540
206520
288805
130136
166788
137054
60528
55280
137978
285503
118560
192282
198374
244852
176364
19776
176560
142031
205738
139077
79484
102808
145620
98832
194424
76936
108564
274665
160280
243515
150144
205274
279642
11866
218149
171275
279628
111518
59590
299972
163701
293000
17466
66429
65806
209532
243160
139502
153105
180186
287895
278797
73569
257872
111999
255760
134490
115501
283296
147013
189645
102411
230691
126099
259722
223602
243125
78364
185184
250704
120
116913
42195
157753
209420
190889
139278
27845
70426
289204
135661
299032
18395
163374
106142
229755
197198
233344
88992
41686
120980
175099
20838
190667
20315
292060
261631
235047
161533
259344
271984
118728
54032
229662
179297
64548
295119
159867
118959
286866
54615
144486
17732
22875
195392
118210
260765
59235
105106
7897
86456
256516
92574
103088
199100
124662
141427
232401
192233
175512
121458
70104
299993
199590
286280
128470
20126
23682
264403
24949
232315
256479
128934
258315
226736
299060
62658
152592
17646
252356
158775
262634
261778
249901
257214
210246
21414
77988
40216
181917
182505
25348
299998
240120
130570
58514
276023
296974
84825
246807
246345
90677
197702
88509
182482
155784
11537
218569
226974
178772
2304
12818
95642
103501
299970
16360
288660
194676
105092
251553
209770
108004
167649
13747
121171
86024
210272
82116
48747
273645
265264
160803
37262
226575
145006
172572
135078
146042
290751
69504
280188
28785
228159
211518
242460
104210
280540
248130
291761
23841
26496
5300
103517
159396
237700
151150
264074
241800
295000
234466
296267
79360
181798
182064
44472
26886
266944
112286
255396
276359
217050
32808
80886
23829
237495
151605
233640
144983
222774
146859
237833
186628
75153
138305
202229
254612
183000
251252
133342
160924
10919
168960
102570
247092
121673
49785
6812
241466
295980
28125
240374
175085
18502
3772
166662
26004
255765
4901
33361
159965
275596
5818
226556
160966
172360
181448
119685
218163
111537
246378
117718
278468
145349
28930
68487
192786
284250
60516
88892
235586
25857
235068
196755
15014
237798
145034
99891
181467
104224
222482
290310
244299
228052
267245
76266
284934
264622
20985
296731
27544
186878
147456
160992
107682
84125
33620
212976
15882
113485
91715
248415
68956
145704
44808
255732
165677
205687
59389
20623
267576
40592
200528
137208
239947
107666
272838
234632
134226
51652
35988
14125
130866
143814
214775
123829
78625
69546
47032
89391
258483
268185
59067
269730
298222
255429
45758
25929
51197
272481
293910
254351
31648
34476
232940
284404
148798
258
96125
7391
214383
30402
162056
194048
60360
67983
110445
291759
118572
202404
250860
145587
94100
221068
255963
197392
2262
142155
23409
16472
65080
254421
56909
100757
54272
200586
171450
266505
26270
250200
30416
107535
26895
133958
142071
232352
260364
244833
8
30745
89095
249185
266456
189246
204849
78735
59333
167483
158712
294078
266692
233577
149906
251971
191563
93304
181908
14580
211247
55616
172404
120331
172131
231281
201041
226542
147468
199639
166496
176259
14335
61048
97803
236550
176569
240232
16675
268750
82335
197420
243599
168519
229979
235250
49638
130103
126720
115774
248072
299083
46397
41131
244656
86080
282108
246672
63512
285433
216460
227235
297926
123411
148161
156008
280715
220921
56328
268708
153670
272742
282311
135570
71784
214115
166830
162350
112902
57289
212570
202649
124032
243510
225210
234823
148275
198015
100890
150716
186234
129534
202007
28188
165619
91944
150758
294426
112104
288184
209131
34210
7573
211182
254724
54650
188168
160355
125805
228080
2416
283452
204282
48
202070
170848
258390
12690
200157
68790
152300
28008
243648
92226
17550
232224
105937
71310
104180
293854
54594
126036
295966
68300
261556
165675
140288
266127
62600
1
