
79792
75984
21288
188560
265728
81124
184932
154545
181544
45186
63099
38982
197385
195768
147540
112645
229375
221684
232758
125964
272994
255464
196608
197847
62035
120119
182904
269060
157200
118980
4005
49554
112862
88180
75725
199263
19888
245008
11542
90126
38100
195049
61769
295205
16514
185331
289393
267772
62518
256661
40762
278081
32640
218350
109185
215676
270054
285041
168106
200976
162212
84972
225093
63197
104516
384
235068
125875
295560
93808
185352
290156
55805
225184
115725
121533
94046
137234
152354
216861
249964
28902
100400
118250
269534
253184
30848
264720
256621
296906
188460
9444
241445
129200
188243
197135
183317
253310
34684
56771
299424
128400
40370
96844
83728
193698
255557
236921
39920
82550
189267
215209
269473
269912
110823
166909
40979
46948
283037
71196
129625
201307
212430
55782
146292
215440
123990
202672
124046
106518
140685
93351
82888
184164
107864
104320
52968
256600
246413
216558
140022
46794
89655
122275
201676
282820
202007
286677
161589
149507
49218
158334
24557
175916
163752
242962
33426
197730
239742
57772
17914
23694
165388
124811
217062
181173
19006
2624
96795
78555
46472
257202
247071
9799
160159
271032
112890
96452
283207
260156
252561
300
240477
171011
47424
53754
3135
263472
199550
46962
48082
235052
267450
285501
158796
194300
110048
60605
78331
187447
97488
196965
190868
140265
52291
19832
26732
22170
296953
27924
182580
212610
24186
11850
201669
232128
141812
172479
185683
230406
149976
259496
214173
266484
299972
37575
160392
56776
60110
101611
43952
282605
282542
57261
116698
143382
193215
289736
265756
228376
231440
283018
60502
171053
16416
32248
32430
198372
3102
236053
290625
195700
127686
128213
78128
112776
145944
71154
37087
126078
114794
100521
13560
253142
204056
45816
272845
257244
97845
261204
29289
190296
147664
109654
292830
7496
75844
137600
205330
49344
223502
99427
110608
185368
81598
153663
299860
36499
224316
92807
233745
13140
94004
179934
160840
163134
51883
231715
19508
41322
230775
65920
20910
111012
215237
296556
299123
119232
158131
161295
181404
78800
26739
55432
223938
238442
156673
100701
189279
171704
102432
110720
123747
27642
229405
198246
164331
68881
155562
78329
15282
48140
153882
137598
92098
68242
163701
265152
43238
157494
206613
177458
152256
102887
83616
143660
161652
299956
117279
142960
158180
226554
299545
6712
287650
47515
204336
32096
240456
43
193152
258852
16974
127868
6
198204
82076
144516
127842
139728
185536
170484
131020
151768
172516
131363
144892
61529
49610
116831
186523
151759
21125
88929
292487
102201
69495
59655
183434
194097
258602
62250
281910
262963
138496
196029
59235
299060
101361
75648
18794
274317
81978
29555
178214
83250
151796
265194
17816
99721
120112
162700
49650
78931
150977
154090
35055
213718
262121
257111
250991
27936
224239
192214
162196
61496
126582
75874
59368
109033
130472
38639
257881
206641
40277
120401
260779
272579
284192
251315
163876
25033
74864
78770
41180
78504
40356
48
279432
163122
214269
67600
31569
135939
43119
246861
80011
80674
37176
114918
77435
45534
70554
93309
161715
33839
46374
3534
222767
243025
299991
168330
7834
257685
262779
282906
190266
150135
63916
126825
36835
279712
136926
283620
31219
196020
200530
30885
154162
67108
178779
53290
57630
111600
241410
59002
293868
251350
22254
141660
96713
122793
180837
180027
58785
92455
250347
69735
288763
282570
74976
254505
180160
28223
98820
45590
248520
60775
25103
195406
139700
212505
260149
195413
15660
65360
195453
76700
179803
205092
145949
49314
107136
108177
194256
277572
231174
50436
190973
213872
262116
256234
58547
5242
70384
187242
26188
192816
199184
21855
64840
253660
214530
196533
28645
19860
150865
181362
299970
210316
52268
275484
225378
241044
108100
84573
191386
125000
85548
122753
32621
81985
60705
260154
194508
41922
99224
223112
130640
152319
27231
218924
299993
230140
167999
66900
149729
94921
79878
155364
193591
267756
193880
276058
120
8016
184575
71910
201146
278307
54900
296332
220928
178352
65598
154251
193920
74796
62670
165927
262368
213256
133650
171445
16878
139810
221003
50800
299881
200675
236755
296752
282582
247360
163584
15709
133608
121344
237175
70050
13819
11670
86031
189125
102586
246420
231792
121155
207129
218609
128820
96258
158292
78413
66674
293292
77286
215160
44652
270908
166634
70069
233302
252776
21967
32500
277654
196652
185919
233304
22350
11208
30120
170066
260387
192760
285440
134595
262760
126888
242010
79092
246891
298857
4159
98036
58358
20376
4710
25012
209658
67157
37605
5298
116871
48285
21489
290422
248226
165677
207479
212787
255508
51360
239422
158544
197352
202651
241660
7820
78
243900
299998
140316
247808
117846
144474
178772
173629
217741
161414
81250
90644
161204
108548
103972
244558
275577
240288
283030
147750
269242
234305
17466
219248
253611
151710
258476
28195
26202
232917
31394
179740
198710
230691
190254
40706
31774
19062
53248
237355
34238
195201
157361
198540
73352
215636
113091
188455
237672
287274
225940
175743
84162
27593
202110
208893
271368
170372
269942
120000
246231
142477
256248
125222
31387
100815
151745
82832
171550
55670
75389
55726
58542
27448
188397
267322
226939
74808
226750
289708
93465
67374
53787
274189
49526
292020
266790
284768
287428
189195
239826
52275
46768
172649
61832
93330
93960
230096
30710
70349
296799
36975
70148
149008
76999
64401
117594
230056
9717
217363
194718
52520
197184
58302
252720
210414
161062
279560
122499
81432
281504
216530
282360
255968
26340
42349
219526
113100
191750
265075
21874
15854
129704
44631
93400
19697
31912
246968
269382
148625
136410
174915
174145
234240
269676
242633
5599
241359
78007
110942
18530
194361
151164
94996
48110
435
282722
293670
54538
178310
299748
159111
127590
188518
97588
36408
26144
195110
158005
10046
124802
72106
14104
190301
192842
144075
269865
114554
287244
119596
292524
94016
259176
36114
37073
103244
82769
248200
86710
153952
22296
214864
230434
36280
167126
141954
39537
219087
281203
183366
33937
228782
5361
239940
277705
160880
90987
38844
281154
234564
274868
178928
255282
74591
136072
220037
299937
263586
51015
104224
90945
164445
251735
95416
125460
292718
296626
257699
137124
135486
63344
49545
277656
239910
179985
194503
232819
102250
256355
107822
136555
152886
93113
45760
28155
182279
157900
73590
256628
116334
36156
125166
74955
209061
248501
134063
293341
203925
281280
253539
22140
99567
114192
15758
25647
88206
115037
298640
286040
257830
271643
290870
73961
147447
118875
18397
31291
198360
109985
121815
168694
57266
130005
108984
14554
190695
159823
179416
234660
36504
116535
26160
298712
120203
18915
293964
28043
26895
203685
37290
3172
298458
165213
238729
105939
277066
290394
225086
37750
121136
22308
97201
211560
193101
114372
124305
46208
215634
137157
48320
215599
8
225548
19410
107715
282253
124265
88320
254388
288
218100
87100
203344
180769
127002
119048
266295
219008
262499
139385
91512
19333
263038
47830
246807
299307
138020
254421
4796
128225
11402
170631
47538
202152
91118
187321
233402
218448
199478
145431
279558
223509
210512
239112
266344
295189
298528
99238
159641
59214
192954
170395
83628
114990
200052
233325
73347
207948
46313
83103
242549
262380
69504
178494
43688
266358
246779
194552
287505
72171
48546
118392
67822
278998
68580
119750
84113
133120
282934
112832
298717
188124
159510
188376
165075
96900
35090
248662
276032
137948
135248
161055
211350
81243
124055
206130
58675
279292
247353
6600
72192
257011
29847
144213
66821
298752
140148
32689
201314
195224
218840
1938
225700
151626
218161
110088
211315
207320
90558
36252
28148
34866
198444
209229
295623
252092
9246
299454
93605
132873
140713
244649
171431
187986
208615
87522
106338
91825
130759
1
