79792: 8 9974
75984: 6 8 1583
21288: 6 8 2661 3548
188560: 8 20 9428 23570
265728: 6 8 519 692
81124: 34 2386
184932: 6 22 99 1401 1868 5137
154545: 15 10303
181544: 8 22 8252 22693
45186: 6 34 1329 7531
63099: 27 41 57
38982: 6 146 267 6497
197385: 15 13159
195768: 6 8 5438 24471
147540: 6 15 20 7377 9836 24590
112645: 13 8665
229375: 125 1835
221684: 314 706
232758: 6 134 386 603 1737 38793
125964: 6 3499
272994: 6 519 526 45499
255464: 8 22 11612 31933
196608: 6 8
197847: 13 57 267
62035: 62035
120119: 113 1063
182904: 6 8 22863 30484
269060: 20 22 55 4892 12230 13453
157200: 6 8 15 20 50 393 524 1310 3275
118980: 6 15 20 1322 3305 5949
4005: 15 267
49554: 6 8259
112862: 112862
88180: 20 4409
75725: 13 5825
199263: 127 1569
19888: 8 22 113
245008: 8 30626
11542: 29 398
90126: 6 27 3338 15021
38100: 6 15 20 50 127
195049: 195049
61769: 61769
295205: 85 391 755 3473
16514: 16514
185331: 379 489
289393: 13 113 197
267772: 267772
62518: 62518
256661: 256661
40762: 40762
278081: 29 43 223
32640: 6 8 15 20 34 85
218350: 22 50 55 3970 4367 9925
109185: 15 29 251
215676: 6 27 5991 7988
270054: 6 27 1667
285041: 29 9829
168106: 168106
200976: 6 8 106 237 316 4187
162212: 379 428
84972: 6 97 146
225093: 57 209 1077 3949
63197: 63197
104516: 29 34 106
384: 6 8
235068: 6 57 76 3093 4124 39178
125875: 125 265 475 1007
295560: 6 8 15 20 2463 3284 8210
93808: 8 13 22 41
185352: 6 8 23169 30892
290156: 34 251
55805: 55805
225184: 8 62 454
115725: 15 7715
121533: 121533
94046: 118 797
137234: 118 1163
152354: 34 4481
216861: 216861
249964: 13 22 76 92 209 253 874
28902: 6 4817
100400: 8 20 50 251
118250: 22 43 50 55 125
269534: 41 6574
253184: 8 43 92
30848: 8 482
264720: 6 8 15 20 2206 5515
256621: 29 8849
296906: 106 2801
188460: 6 15 20 27 349
9444: 6 1574
241445: 43 5615
129200: 8 20 34 50 76 85 190 323 475
188243: 188243
197135: 197135
183317: 183317
253310: 146 365 694 1735
34684: 13 29 92
56771: 13 4367
299424: 6 8 6238
128400: 6 8 15 20 50 321 428 1070 2675
40370: 22 55 734 1835
96844: 22 62 71
83728: 8 10466
193698: 6 27 34 153 211
255557: 83 3079
236921: 236921
39920: 8 20 1996 4990
82550: 13 50 127
189267: 13 69 211
215209: 29 41 181
269473: 269473
269912: 8 33739
110823: 41 2703
166909: 166909
40979: 43 953
46948: 22 97
283037: 283037
71196: 6 34 349
129625: 85 125 1037 1525
201307: 201307
212430: 6 15 97 146 365
55782: 6 27 2066 9297
146292: 6 146 167
215440: 8 20 10772 26930
123990: 6 15 8266 20665
202672: 8 106 239
124046: 13 734
106518: 6 41 433
140685: 15 83 113
93351: 29 111
82888: 8 13 797
184164: 6 309 412 447 596 30694
107864: 8 97 139
104320: 8 20 652 1630
52968: 6 8 6621 8828
256600: 8 20 50 5132 12830 32075
246413: 29 293
216558: 6 106 454 477 2043 36093
140022: 6 27 5186 23337
46794: 6 22 2127 7799
89655: 15 43 139
122275: 335 365
201676: 127 1588
282820: 20 316 358 790 895 14141
202007: 13 41 379
286677: 477 601
161589: 183 883
149507: 149507
49218: 6 13 631
158334: 6 22 7197 26389
24557: 13 1889
175916: 13 34 398
163752: 6 8 20469 27292
242962: 29 71 118
33426: 6 27 1238 5571
197730: 6 13 15
239742: 6 57 701
57772: 13 22 202
17914: 13 106
23694: 6 22 1077 3949
165388: 239 692
124811: 124811
217062: 6 62 279 778 3501 36177
181173: 393 461
19006: 13 34 43
2624: 8 41
96795: 15 27 239
78555: 15 5237
46472: 8 148 314 5809
257202: 6 22 27 99 433
247071: 247071
9799: 41 239
160159: 160159
271032: 6 8 69 92 491
112890: 6 15 71 106 265
96452: 96452
283207: 283207
260156: 13 20012
252561: 29 8709
300: 6 15 20 50
240477: 71 3387
171011: 41 43 97
47424: 6 8 13 57 76
53754: 6 34 62 867 1581 8959
3135: 15 55 57 209
263472: 6 8 22 1497 1996 5489
199550: 13 50 307
46962: 6 7827
48082: 29 1658
235052: 235052
267450: 6 15 50 5349 17830 44575
285501: 285501
158796: 6 22 99 1203 1604 4411
194300: 20 29 50 134 335
110048: 8 76 181
60605: 85 155 391 713
78331: 78331
187447: 13 14419
97488: 6 8 2031 2708
196965: 15 27 7295 13131
190868: 190868
140265: 15 27 5195 9351
52291: 52291
19832: 8 134 148 2479
26732: 41 652
22170: 6 15 1478 3695
296953: 296953
27924: 6 13 358
182580: 6 15 20 34 85 358 895 9129
212610: 6 15 57 190 1119 3730 14174 35435
24186: 6 29 139
11850: 6 15 50 237 790 1975
201669: 13 15513
232128: 6 8 13 62 279
141812: 22 293
172479: 172479
185683: 185683
230406: 6 22 10473 38401
149976: 6 8 4166 18747
259496: 8 398 652 32437
214173: 449 477
266484: 6 106 419
299972: 76 3947
37575: 15 167
160392: 6 8 41 489 652
56776: 8 188 302 7097
60110: 60110
101611: 101611
43952: 8 41 134
282605: 29 9745
282542: 13 21734
57261: 57261
116698: 83 1406
143382: 6 69 2078 23897
193215: 15 55 3513 12881
289736: 8 36217
265756: 29 316
228376: 8 28547
231440: 8 20 22 55 526 1315
283018: 283018
60502: 13 358
171053: 171053
16416: 6 8 27 57 76
32248: 8 29 139
32430: 6 15 69 141 230 470 2162 5405
198372: 6 183 244 813 1084 33062
3102: 6 22 141 517
236053: 236053
290625: 15 125 155
195700: 20 50 76 190 412 475 1030 2575 3914 9785
127686: 6 13 1637
128213: 128213
78128: 8 76 1028 9766
112776: 6 8 111 127 148
145944: 6 8 4054 18243
71154: 6 118 134 531 603 11859
37087: 37087
126078: 6 21013
114794: 114794
100521: 27 153 657 3723
13560: 6 8 15 20 113
253142: 253142
204056: 8 92 2218 25507
45816: 6 8 69 83 92
272845: 197 1385
257244: 6 13 34 97
97845: 15 55 1779 6523
261204: 6 43534
29289: 13 2253
190296: 6 8 27 881
147664: 8 22 839
109654: 218 503
292830: 6 15 43 454 1135
7496: 8 937
75844: 134 566
137600: 8 20 43 50
205330: 205330
49344: 6 8 771 1028
223502: 223502
99427: 99427
110608: 8 62 223
185368: 8 29 34 188 799
81598: 22 3709
153663: 69 391 393 2227
299860: 20 22 29 55 188 470 517
36499: 113 323
224316: 6 27 62 134 279 603 6231
92807: 13 7139
233745: 15 15583
13140: 6 15 20 146 365 657
94004: 71 1324
179934: 6 29989
160840: 8 20 8042 20105
163134: 6 27 57 106 477 1007
51883: 13 307
231715: 55 4213
19508: 19508
41322: 6 71 97
230775: 15 85 181
65920: 8 20 412 1030
20910: 6 15 34 41 85
111012: 6 22 29
215237: 215237
296556: 6 13 3802
299123: 71 4213
119232: 6 8 27 69 92
158131: 158131
161295: 15 10753
181404: 6 5039
78800: 8 20 50 197
26739: 26739
55432: 8 13 41
223938: 6 13 22 27 29 99
238442: 34 7013
156673: 156673
100701: 167 603
189279: 189279
171704: 8 13 127
102432: 6 8 22 97
110720: 8 20 692 1730
123747: 13 57 167
27642: 6 34 813 4607
229405: 43 55 97
198246: 6 57 111 141 1406 1786 3478 33041
164331: 57 279 589 2883
68881: 68881
155562: 6 22 7071 25927
78329: 29 2701
15282: 6 27 566 2547
48140: 20 29 83
153882: 6 83 309
137598: 6 34 57 71 323
92098: 92098
68242: 68242
163701: 27 43 141
265152: 6 8 4143 5524
43238: 13 3326
157494: 6 26249
206613: 99 2087
177458: 177458
152256: 6 8 13 183 244
102887: 102887
83616: 6 8 13 134
143660: 20 22 55 2612 6530 7183
161652: 6 57 76 2127 2836 26942
299956: 41 62 118
117279: 83 1413
142960: 8 20 7148 17870
158180: 20 22 55 2876 7190 7909
226554: 6 183 1238 37759
299545: 139 2155
6712: 8 839
287650: 22 50 55 5230 5753 13075
47515: 13 43 85
204336: 6 8 22 27 43 99
32096: 8 34 118
240456: 6 8 43 699 932
43: 43
193152: 6 8 503
258852: 6 22 106 111 148 407 1749 1961
16974: 6 41 69
127868: 13 9836
6: 6
198204: 6 83 398
82076: 34 71
144516: 6 24086
127842: 6 13 22 447 1639
139728: 6 8 41 71
185536: 8 13 223
170484: 6 28414
131020: 20 6551
151768: 8 244 622 18971
172516: 34 43 118
131363: 131363
144892: 22 148 356 407 979 6586
61529: 13 4733
49610: 22 41 55
116831: 13 43 209
186523: 186523
151759: 113 1343
21125: 13 125
88929: 41 2169
292487: 13 22499
102201: 57 209 489 1793
69495: 15 41 113
59655: 15 41 97
183434: 41 4474
194097: 29 69 97
258602: 43 62 97
62250: 6 15 50 83 125
281910: 6 15 18794 46985
262963: 262963
138496: 8 2164
196029: 69 2841
59235: 15 55 1077 3949
299060: 20 76 190 1574 3935 14953
101361: 13 69 113
75648: 6 8 197
18794: 18794
274317: 183 1499
81978: 6 13 1051
29555: 29555
178214: 178214
83250: 6 15 50 111 125 370 925
151796: 274 554
265194: 6 27 1637
17816: 8 34 524 2227
99721: 99721
120112: 8 15014
162700: 20 50 3254 8135
49650: 6 15 50 993 3310 8275
78931: 78931
150977: 83 1819
154090: 190 811
35055: 15 41 57
213718: 213718
262121: 262121
257111: 41 6271
250991: 13 43 449
27936: 6 8 97
224239: 224239
192214: 22 8737
162196: 41 43 92
61496: 8 7687
126582: 6 34 146 867 3723 21097
75874: 118 643
59368: 8 41 181
109033: 109033
130472: 8 188 694 16309
38639: 38639
257881: 13 83 239
206641: 206641
40277: 40277
120401: 120401
260779: 260779
272579: 139 1961
284192: 8 83 428
251315: 251315
163876: 106 1546
25033: 25033
74864: 8 9358
78770: 78770
41180: 20 29 71
78504: 6 8 9813 13084
40356: 6 57 76 118 531 1121
48: 6 8
279432: 6 8 7762 34929
163122: 6 62 2631 27187
214269: 43 4983
67600: 8 13 20 50
31569: 31569
135939: 113 1203
43119: 27 1597
246861: 27 41 223
80011: 29 2759
80674: 22 209 386 3667
37176: 6 8 4647 6196
114918: 6 321 358 19153
77435: 85 911
45534: 6 7589
70554: 6 22 3207 11759
93309: 57 1637
161715: 15 10781
33839: 13 2603
46374: 6 118 393 7729
3534: 6 57 62 589
222767: 222767
243025: 243025
299991: 57 5263
168330: 6 15 62 155 181
7834: 7834
257685: 15 41 419
262779: 262779
282906: 6 13 27 62 279
190266: 6 57 3338 31711
150135: 15 10009
63916: 29 76
126825: 15 57 267 475 2225 8455
36835: 139 265
279712: 8 34964
136926: 6 22821
283620: 6 15 20 29 489 652 1630
31219: 31219
196020: 6 15 20 22 27 55 99 363
200530: 22 55 3646 9115
30885: 15 29 71
154162: 154162
67108: 76 883
178779: 69 2591
53290: 146 365
57630: 6 15 34 85 113
111600: 6 8 15 20 50 62 155 279
241410: 6 13 15 1238 3095
59002: 59002
293868: 6 27 1814 8163
251350: 22 50 55 4570 5027 11425
22254: 6 3709
141660: 6 15 20 1574 3935 7083
96713: 96713
122793: 183 671
180837: 71 2547
180027: 83 2169
58785: 15 3919
92455: 41 55
250347: 250347
69735: 15 4649
288763: 41 7043
282570: 6 15 18838 47095
74976: 6 8 22 71
254505: 15 57 141 1805 4465 16967
180160: 8 20 1126 2815
28223: 13 167
98820: 6 15 20 27 183 244 610
45590: 97 470
248520: 6 8 15 20 57 76 190 218 545 2071
60775: 13 55 85
25103: 13 1931
195406: 41 4766
139700: 20 22 50 55 127
212505: 15 155 1371 14167
260149: 260149
195413: 195413
15660: 6 15 20 27 29
65360: 8 20 43 76 190
195453: 27 57 127
76700: 13 20 50 118 295
179803: 13 13831
205092: 6 27 211
145949: 145949
49314: 6 8219
107136: 6 8 27 62 279
108177: 321 337
194256: 6 8 57 71 76
277572: 6 46262
231174: 6 27 1427
50436: 6 27 1401 1868
190973: 190973
213872: 8 26734
262116: 6 27 1618 7281
256234: 22 209 1226 11647
58547: 127 461
5242: 5242
70384: 8 83 106
187242: 6 22 8511 31207
26188: 26188
192816: 6 8 13 309 412
199184: 8 118 211
21855: 15 141 155 1457
64840: 8 20 3242 8105
253660: 20 22 55 4612 11530 12683
214530: 6 15 14302 35755
196533: 27 29 251
28645: 85 337
19860: 6 15 20 993 1324 3310
150865: 13 55 211
181362: 6 167 181
299970: 6 15 22 27 55 99 202 505 909 3333
210316: 210316
52268: 146 358
275484: 6 22 2087
225378: 6 57 659
241044: 6 106 379
108100: 20 50 92 188 230 470 575 1175 2162 5405
84573: 84573
191386: 13 34 433
125000: 8 20 50 125
85548: 6 14258
122753: 122753
32621: 32621
81985: 81985
60705: 15 57 71
260154: 6 97 447
194508: 6 27 5403 7204
41922: 6 34 153 274 1233 6987
99224: 8 314 316 12403
223112: 8 167
130640: 8 20 71 92 230
152319: 152319
27231: 29 939
218924: 239 916
299993: 299993
230140: 20 148 370 622 1555 11507
167999: 13 12923
66900: 6 15 20 50 223
149729: 149729
94921: 94921
79878: 6 13313
155364: 6 22 321 363 428 1177
193591: 193591
267756: 6 106 421
193880: 8 20 148 370 524 1310 9694 24235
276058: 83 3326
120: 6 8 15 20
8016: 6 8 167
184575: 15 69 321 575 2675 12305
71910: 6 15 34 85 141 153 470 799
201146: 22 41 223
278307: 153 321 867 1819
54900: 6 15 20 50 183 244 610 1525
296332: 92 3221
220928: 8 3452
178352: 8 71 314
65598: 6 13 29
154251: 27 29 197
193920: 6 8 15 20 202 505
74796: 6 69 92 813 1084 12466
62670: 6 15 4178 10445
165927: 41 57 71
262368: 6 8 911
213256: 8 76 92 244 874 2318 2806 26657
133650: 6 15 22 27 50 55 99
171445: 85 2017
16878: 6 29 97
139810: 22 41 55 62 155
221003: 221003
50800: 8 20 50 127
299881: 299881
200675: 349 575
236755: 236755
296752: 8 34 1091
282582: 6 27 10466 47097
247360: 8 20 1546 3865
163584: 6 8 71
15709: 15709
133608: 6 8 57 76 293
121344: 6 8 237 316
237175: 265 895
70050: 6 15 50 1401 4670 11675
13819: 13 1063
11670: 6 15 778 1945
86031: 99 237 363 869
189125: 85 125 1513 2225
102586: 22 4663
246420: 6 15 20 111 148 370 2738 6845
231792: 6 8 22 1317 1756 4829
121155: 15 41 197
207129: 13 113 141
218609: 71 3079
128820: 6 15 20 57 76 113 190
96258: 6 183 526 16043
158292: 6 4397
78413: 78413
66674: 34 106 629 1961
293292: 6 8147
77286: 6 22 3513 12881
215160: 6 8 15 20 22 55 489 652 1630 1793
44652: 6 183 244 7442
270908: 22 188 517 524 1441 12314
166634: 13 29 34
70069: 41 1709
233302: 314 743
252776: 8 76 3326 31597
21967: 21967
32500: 13 20 50 125
277654: 13 118 181
196652: 211 932
185919: 29 6411
233304: 6 8 29163 38884
22350: 6 15 50 447 1490 3725
11208: 6 8 1401 1868
30120: 6 8 15 20 251
170066: 13 62 211
260387: 260387
192760: 8 20 244 316 610 790 9638 24095
285440: 8 20 223
134595: 15 27 4985 8973
262760: 8 20 13138 32845
126888: 6 8 34 622 15861
242010: 6 15 2689
79092: 6 13
246891: 141 309 799 1751
298857: 13 97 237
4159: 4159
98036: 98036
58358: 58358
20376: 6 8 566 2547
4710: 6 15 314 785
25012: 13 148
209658: 6 83 421
67157: 67157
37605: 15 69 545 2507
5298: 6 883
116871: 239 489
48285: 15 29 111
21489: 13 29 57
290422: 22 43 307
248226: 6 22 11283 41371
165677: 29 197
207479: 207479
212787: 27 71 111
255508: 22 11614
51360: 6 8 15 20 321 428 1070
239422: 118 2029
158544: 6 8 27 734 3303
197352: 6 8 5482 24669
202651: 202651
241660: 20 43 281
7820: 20 34 85 92 230 391
78: 6 13
243900: 6 15 20 50 813 1084 2710 6775
299998: 299998
140316: 6 22 1063
247808: 8 22
117846: 6 19641
144474: 6 22 363 398 6567 24079
178772: 22 34 239
173629: 173629
217741: 217741
161414: 22 29 253
81250: 13 50 125
90644: 34 43 62
161204: 211 764
108548: 22 4934
103972: 22 34 139
244558: 244558
275577: 97 2841
240288: 6 8 5006
283030: 22 55 62 83 155
147750: 6 15 50 125 197
269242: 269242
234305: 234305
17466: 6 41 71
219248: 8 71 386
253611: 27 279 909 9393
151710: 6 13 15 778 1945
258476: 76 358 722 3401
28195: 28195
26202: 6 22 1191 4367
232917: 232917
31394: 22 1427
179740: 20 22 43 55 76 190 209
198710: 62 155 1282 3205
230691: 393 587
190254: 6 111 1714 31709
40706: 40706
31774: 31774
19062: 6 27 706 3177
53248: 8 13
237355: 237355
34238: 34 106 323 1007
195201: 41 69
157361: 157361
198540: 6 15 20 2206 5515 9927
73352: 8 106 692 9169
215636: 62 148 188 1147 1457 3478
113091: 69 253 447 1639
188455: 188455
237672: 6 8 6602 29709
287274: 6 13 29 127
225940: 13 20 22 55 316 790 869
175743: 27 69 2547 6509
84162: 6 13 83
27593: 41 673
202110: 6 15 13474 33685
208893: 208893
271368: 6 8 7538 33921
170372: 223 764
269942: 71 3802
120000: 6 8 15 20 50 125
246231: 251 981
142477: 29 4913
256248: 6 8 7118 32031
125222: 29 34 127
31387: 31387
100815: 13 15 55 141 517
151745: 55 155 979 2759
82832: 8 62 167
171550: 50 146 365 470 1175 3431
55670: 190 293
75389: 75389
55726: 22 34 1639 2533
58542: 6 22 2661 9757
27448: 8 146 188 3431
188397: 99 363 519 1903
267322: 22 29 419
226939: 226939
74808: 6 8 2078 9351
226750: 50 125 1814 4535
289708: 92 134 188 1541 2162 3149
93465: 15 155 279 335 603 6231
67374: 6 57 197
53787: 53787
274189: 274189
49526: 49526
292020: 6 15 20 62 155 314 785 14601
266790: 6 15 17786 44465
284768: 8 22 1618
287428: 181 1588
189195: 15 12613
239826: 6 39971
52275: 15 41 85
46768: 8 148 316 5846
172649: 172649
61832: 8 118 524 7729
93330: 6 15 34 85 153 183 610 1037
93960: 6 8 15 20 27 29
230096: 8 146 197
30710: 83 370
70349: 70349
296799: 41 57 127
36975: 15 29 85
70148: 13 71 76
149008: 8 134 139
76999: 13 5923
64401: 64401
117594: 6 139 141
230056: 8 386 596 28757
9717: 41 237
217363: 217363
194718: 6 34 69 83 391
52520: 8 13 20 202 505
197184: 6 8 13 237 316
58302: 6 41 237
252720: 6 8 13 15 20 27
210414: 6 35069
161062: 22 7321
279560: 8 20 29 482 1205
122499: 13 27 349
81432: 6 8 13 27 29
281504: 8 76 463
216530: 118 295 734 1835
282360: 6 8 13 15 20 181
255968: 8 76 421
26340: 6 15 20 1317 1756 4390
42349: 42349
219526: 106 218 1007 2071
113100: 6 13 15 20 29 50
191750: 13 50 118 125 295
265075: 461 575
21874: 21874
15854: 15854
129704: 8 62 2092 16213
44631: 27 29 57
93400: 8 20 50 1868 4670 11675
19697: 19697
31912: 8 3989
246968: 8 30871
269382: 6 34 57 139 323
148625: 29 41 125
136410: 6 15 9094 22735
174915: 13 15 69
174145: 29 6005
234240: 6 8 15 20 183 244 610
269676: 6 22 27 99 454 2043 7491
242633: 242633
5599: 5599
241359: 43 5613
78007: 78007
110942: 13 34 251
18530: 34 85 218 545
194361: 111 309 629 1751
151164: 6 13 34 57 76 153 323
94996: 22 34 127
48110: 34 85 566 1415
435: 15 29
282722: 22 71 181
293670: 6 13 15 251
54538: 22 134 407 2479
178310: 22 55 3242 8105
299748: 6 49958
159111: 27 71 83
127590: 6 15 8506 21265
188518: 22 41 209
97588: 62 1574
36408: 6 8 41 111 148
26144: 8 43 76
195110: 218 358 545 895
158005: 158005
10046: 10046
124802: 124802
72106: 62 1163
14104: 8 41 43
190301: 190301
192842: 13 14834
144075: 15 85 113
269865: 15 27 9995 17991
114554: 22 41 127
287244: 6 202 237 316 909 7979
119596: 29 4124
292524: 6 57 76 3849 5132 48754
94016: 8 13 113
259176: 6 8 32397 43196
36114: 6 13 463
37073: 37073
103244: 106 974
82769: 82769
248200: 8 20 34 50 85 146 365
86710: 13 29 230
153952: 8 34 566
22296: 6 8 2787 3716
214864: 8 13 2066
230434: 29 274
36280: 8 20 1814 4535
167126: 167126
141954: 6 118 1203 23659
39537: 69 573
219087: 99 2213
281203: 13 97 223
183366: 6 167 183
33937: 33937
228782: 146 1567
5361: 5361
239940: 6 15 20 43 62 155 279
277705: 277705
160880: 8 20 8044 20110
90987: 13 6999
38844: 6 13 83
281154: 6 141 1994 46859
234564: 6 22 1777
274868: 22 12494
178928: 8 106 211
255282: 6 314 813 42547
74591: 74591
136072: 8 146 932 17009
220037: 139 1583
299937: 183 447 671 1639
263586: 6 197 223
51015: 15 57 895 3401
104224: 8 13028
90945: 15 43 141
164445: 15 57 2885 10963
251735: 55 253 995 4577
95416: 8 11927
125460: 6 15 20 34 41 85 153
292718: 292718
296626: 22 97 139
257699: 13 43 461
137124: 6 13 293
135486: 6 13 27 386 1737
63344: 8 148 428 7918
49545: 15 27 1835 3303
277656: 6 8 69 92 503
239910: 6 15 22 55 727
179985: 13 15 71
194503: 29 6707
232819: 232819
102250: 50 125 818 2045
256355: 55 295 869 4661
107822: 13 22 29
136555: 155 881
152886: 6 83 307
93113: 93113
45760: 8 13 20 22 55
28155: 15 1877
182279: 182279
157900: 20 50 3158 7895
73590: 6 15 22 55 223
256628: 256628
116334: 6 69 281
36156: 6 69 92 393 524 6026
125166: 6 69 1814 20861
74955: 15 57 1315 4997
209061: 27 29 267
248501: 29 41 209
134063: 134063
293341: 293341
203925: 15 13595
281280: 6 8 15 20 293
253539: 13 99 197
22140: 6 15 20 27 41
99567: 13 69 111
114192: 6 8 13 183 244
15758: 15758
25647: 83 309
88206: 6 183 482 14701
115037: 13 8849
298640: 8 20 14932 37330
286040: 8 20 14302 35755
257830: 118 190 230 295 874 1121 1357 2185
271643: 29 323
290870: 29 34 85 118 295
73961: 73961
147447: 27 43 127
118875: 15 125 951 7925
18397: 18397
31291: 13 29 83
198360: 6 8 15 20 29 57 76 190
109985: 109985
121815: 15 8121
168694: 168694
57266: 22 209 274 2603
130005: 15 27 321
108984: 6 8 57 76 239
14554: 14554
190695: 15 12713
159823: 181 883
179416: 8 41 547
234660: 6 15 20 11733 15644 39110
36504: 6 8 13 27
116535: 15 85 1371 7769
26160: 6 8 15 20 218 545
298712: 8 37339
120203: 71 1693
18915: 13 15 97
293964: 6 22 34 393 524 561 1441 2227
28043: 29 967
26895: 15 55 489 1793
203685: 15 111 1835 13579
37290: 6 15 22 55 113
3172: 13 244
298458: 6 27 11054 49743
165213: 27 29 211
238729: 238729
105939: 237 447
277066: 29 34 281
290394: 6 13 34 146 153 657 3723
225086: 225086
37750: 50 125 302 755
121136: 8 113 134
22308: 6 13 22
97201: 13 7477
211560: 6 8 15 20 41 43
193101: 337 573
114372: 6 27 706 3177
124305: 15 8287
46208: 8 76 722
215634: 6 83 433
137157: 349 393
48320: 8 20 302 755
215599: 215599
8: 8
225548: 113 1996
19410: 6 15 1294 3235
107715: 15 43 167
282253: 282253
124265: 29 4285
88320: 6 8 15 20 69 92 230
254388: 6 29 34 43
288: 6 8
218100: 6 15 20 50 727
87100: 13 20 50 134 335
203344: 8 71 358
180769: 41 4409
127002: 6 183 694 21167
119048: 8 92 1294 14881
266295: 15 41 433
219008: 8 29 118
262499: 113 2323
139385: 139385
91512: 6 8 41 62 279
19333: 19333
263038: 263038
47830: 47830
246807: 27 99 2493 9141
299307: 57 267 1121 5251
138020: 20 134 335 412 1030 6901
254421: 27 349
4796: 22 218
128225: 223 575
11402: 11402
170631: 170631
47538: 6 57 139
202152: 6 8 25269 33692
91118: 29 3142
187321: 187321
233402: 13 17954
218448: 6 8 41 111 148
199478: 34 5867
145431: 13 99 113
279558: 6 27 62 167 279
223509: 13 17193
210512: 8 118 223
239112: 6 8 27 41
266344: 8 13 197
295189: 211 1399
298528: 8 76 491
99238: 29 118
159641: 159641
59214: 6 71 139
192954: 6 32159
170395: 265 643
83628: 6 69 92 202 909 2323
114990: 6 15 7666 19165
200052: 6 5557
233325: 15 85 153 183 1037 1525
73347: 69 1063
207948: 6 13 43 62
46313: 29 1597
83103: 83103
242549: 242549
262380: 6 15 20 13119 17492 43730
69504: 6 8 181
178494: 6 71 419
43688: 8 43 127
266358: 6 309 862 44393
246779: 13 41 463
194552: 8 83 293
287505: 15 19167
72171: 27 99
48546: 6 27 29 62 279
118392: 6 8 14799 19732
67822: 67822
278998: 398 701
68580: 6 15 20 27 127
119750: 50 125 958 2395
84113: 84113
133120: 8 13 20
282934: 482 587
112832: 8 41 43
298717: 83 3599
188124: 6 183 244 771 1028 31354
159510: 6 13 15 818 2045
188376: 6 8 141 167 188
165075: 15 71 155
96900: 6 15 20 34 50 57 76 85 190 323 475
35090: 22 29 55
248662: 202 1231
276032: 8 76 454 4313
137948: 137948
135248: 8 316 428 16906
161055: 15 27 5965 10737
211350: 6 15 50 4227 14090 35225
81243: 27 153 531 3009
124055: 43 2885
206130: 6 15 13742 34355
58675: 58675
279292: 13 41 524
247353: 41 6033
6600: 6 8 15 20 22 50 55
72192: 6 8 141 188
257011: 43 139
29847: 29847
144213: 144213
66821: 66821
298752: 6 8 778
140148: 6 34 153 687 916 3893
32689: 97 337
201314: 34 62 3247 5921
195224: 8 92 2122 24403
218840: 8 20 10942 27355
1938: 6 34 57 323
225700: 20 50 148 244 370 610 925 1525 4514 11285
151626: 6 111 1366 25271
218161: 41 5321
110088: 6 8 22 99 139
211315: 13 16255
207320: 8 20 71 146 365
90558: 6 13 27 43
36252: 6 57 76 106 477 1007
28148: 62 454
34866: 6 13 447
198444: 6 69 92 2157 2876 33074
209229: 97 2157
295623: 27 10949
252092: 62 76 428 589 3317 4066
9246: 6 69 134 1541
299454: 6 29 1721
93605: 97 965
132873: 13 10221
140713: 223 631
244649: 349 701
171431: 13 13187
187986: 6 34 57 97 323
208615: 55 3793
87522: 6 29 503
106338: 6 111 958 17723
91825: 91825
130759: 130759
