185641
223502
247365
157968
295625
77610
184059
254932
100262
232287
292998
271326
66527
138909
90644
282855
136746
114582
23822
285496
140041
219505
102234
78716
35685
284458
48623
252652
119134
251910
12524
161790
26202
247920
129074
247696
251166
170136
156801
132572
241968
43994
124587
282001
18437
197252
150072
70720
163787
87142
297039
36749
248914
108527
254472
44988
175526
179712
44850
259204
85952
142668
244166
213795
41777
88710
289857
57457
173522
228584
260000
50079
65626
10725
95341
223908
281980
85436
111131
47522
258936
113322
92931
227676
224715
19284
259008
148884
26200
62350
41082
140748
142834
135213
192298
129492
32500
59821
189953
205738
52240
268974
207089
211574
194230
165500
119888
133540
268925
52256
134462
144304
272432
36322
65738
218462
42300
97831
269009
164464
189055
241142
267168
53465
76845
249831
14022
127660
42239
266685
25166
9409
43884
206016
174630
158752
2654
150634
216763
183604
150464
295168
251140
29875
111614
76712
143949
270292
183296
93463
236543
36499
109276
227004
136541
119405
108576
12396
75195
278011
90138
230609
254976
222361
196615
186082
55161
216336
101940
141105
115968
242633
215720
40242
117312
72645
160406
71826
253520
232476
146329
208468
89928
120
71861
253254
75368
9633
240465
78744
251616
19678
28946
165320
255016
208566
205092
299970
241620
157688
256250
212633
32766
89557
132210
5230
236930
288315
100696
207621
259776
262830
185772
264312
170316
236235
69404
255375
234410
121218
133869
51829
149400
85994
238351
203148
275379
147069
293761
205680
22287
276039
93183
261857
40368
299937
153595
203699
207306
233920
53124
126330
177080
33144
162975
33167
170897
115982
111105
33251
275388
91512
129739
150025
129303
169413
204532
71331
112855
133974
129240
193509
75615
181000
285671
278676
111390
101361
299585
6
299972
200712
163904
102684
115725
265413
223056
214304
50660
20649
68160
217022
194963
291668
58395
173286
156948
241550
212365
127896
221950
171842
299998
67318
9360
3795
192473
220604
299153
38550
110440
206562
73361
108032
147804
109950
168167
43086
79416
169609
179080
96921
263026
247612
280692
129415
191456
117424
77216
30876
247430
193887
53955
161524
42846
189246
196904
211560
275624
111644
209152
59184
9416
107920
273351
164942
115011
68720
240316
54804
163631
133260
268752
65316
288016
106282
241660
26445
70510
247535
27798
8
253338
9122
139700
278769
73508
77456
161358
165740
81719
113910
134945
117095
36632
152760
275920
125441
189414
27621
13803
222594
153672
66606
169420
175356
206200
226610
78975
117510
118301
174749
81213
31361
267644
255690
59004
249528
267546
163269
185184
167628
143312
222207
16129
150165
111397
296225
85618
82125
255151
131214
108018
92457
258481
142500
296850
175125
265756
160166
96048
152298
75881
177463
192186
217685
189475
208769
173970
231085
111112
137367
32346
194473
263094
52975
173391
122520
35666
162280
286385
98615
283361
248555
146460
117083
80478
90089
123360
186304
112617
74360
224750
138375
37750
283065
45816
69483
114176
50478
170050
49295
139964
211098
173361
30771
76875
177640
250328
267462
38536
100080
149416
151332
296659
65731
190450
86820
299860
66641
272280
262023
94277
160973
84050
241100
43875
265544
114736
8352
239245
118763
181917
131130
58848
289794
39969
167280
21489
257886
174301
3774
56594
230789
40545
294972
271265
60864
233206
130572
20336
181614
267282
143436
377
162735
160138
203048
67166
75396
105722
73471
58913
8490
236060
237705
18444
196636
128169
179838
193094
252876
281562
274952
73235
196064
175330
224120
247185
276627
187102
254498
272544
269620
256087
186017
176364
226092
5944
235992
15667
192228
87135
230915
17576
186808
14720
110984
24674
166874
142269
299956
122989
66977
7328
207129
69530
28743
251187
82620
259099
189776
182650
287526
123005
245631
98876
205206
186780
211072
178704
7587
82389
204336
30444
36429
272936
299620
157704
162399
115333
80625
146133
16374
75648
124160
4362
125714
137691
236258
284220
104397
211905
290998
196736
776
294398
68697
105657
69721
27544
189316
109640
11656
151269
269660
89930
180347
10569
85077
197128
34560
166158
243704
54006
221304
298404
152174
104425
62166
298430
66639
9213
288548
47641
145872
47832
94100
116899
17011
300
80410
200514
49596
47977
105183
87417
122835
266232
15644
26818
155770
42174
288210
208235
107514
13721
206025
247486
208172
2862
128269
273568
103832
67558
145886
203713
198750
149554
10830
111616
62460
78182
84015
60376
137124
287265
3345
6705
297919
252062
101709
221278
293784
1625
233843
131270
207040
57448
268652
89914
48208
34602
31394
85455
32201
171877
62322
175986
13558
297802
135108
12902
179208
13686
113770
269515
199723
105848
67731
6782
181196
147316
111740
77748
281700
237215
231860
180328
223124
209950
204462
190814
170134
158740
91125
283690
77904
36842
61494
27756
196190
82928
175517
81432
278412
89893
276163
174945
215109
35295
151682
228199
271473
83861
176350
87998
292412
267910
104719
65962
129291
266265
239049
155562
177115
60565
63237
32880
57737
11523
105524
181530
183436
123087
253616
202406
299993
259986
261878
33620
260280
8436
75951
45795
29303
209817
56400
261360
69434
188770
127777
129296
216392
148800
264669
242355
62859
90756
99987
14036
36765
92721
173832
209805
256234
281436
146574
832
194130
6091
138048
90280
210862
255702
244413
73445
228234
8266
28545
246826
49979
56204
66872
235542
5697
291068
82984
27985
101305
53243
57133
71170
147195
60843
48
128400
9752
70993
254500
99756
261078
76656
209763
130866
185375
225345
4255
120156
252057
134154
161272
120394
288
191178
136900
174292
45046
102292
247302
39824
116390
43702
206058
119608
59599
23927
239254
208788
94968
7995
16031
192324
116738
129590
13154
17571
198563
147265
245895
103179
9234
262884
221052
73249
110858
271832
27504
108893
50296
159088
137108
232056
127142
384
203433
151906
209390
130318
276184
215916
24310
105995
274700
230565
130824
271230
292557
100064
64392
232282
118826
21160
272488
79731
273190
209054
279740
68888
221990
128983
36980
130654
189589
97033
277542
270810
16668
9764
268785
260926
241128
292566
9675
182160
93808
86106
137992
287461
269830
100302
194552
263360
87352
99940
271706
195551
8238
213718
215326
152601
225126
254106
17835
42036
77701
49540
185856
80032
207339
170542
271550
5692
14790
37045
207222
144894
57408
99630
280071
113805
106415
247008
218840
11479
259302
220450
205218
220872
183450
104355
269928
139812
128512
233080
41553
107766
193059
37290
153425
82776
148693
28386
132894
137033
191624
286182
234436
182820
179334
205638
254176
110650
19788
46852
29315
13348
282864
194832
187004
250690
69546
288184
226612
211196
262921
24240
254423
69588
14489
280335
228516
145410
72400
119524
86295
179544
250160
173496
171709
274618
68599
134856
21036
121253
59856
276226
184710
109472
93563
158108
223000
235248
126356
266755
143704
41812
129900
12907
244056
131790
210288
7062
163603
240435
290940
10590
216684
165920
119232
71786
33538
263549
138202
234422
269023
102752
29184
164844
280386
216992
212248
95115
132182
25696
225282
92889
238589
96795
264160
60507
102306
26118
15975
147050
122240
216810
113413
22616
248298
75272
225163
175713
155686
36903
258719
256194
198288
9955
160126
153166
161041
139586
69033
130516
220779
24870
9150
250468
267464
77820
273272
244518
44330
220905
222865
77036
123915
16500
29352
125945
78
201347
275946
58752
59872
241760
66443
208384
212148
259888
163533
162520
175820
73296
170885
219885
106828
294125
87688
73816
299991
127322
81768
229697
237490
170038
217517
216952
114232
115107
116591
201027
236130
272994
100183
172299
128507
55301
293299
229466
191484
24387
101317
44360
245561
118126
37444
283023
58820
87723
190842
262758
265880
298880
32418
289948
216378
257382
160502
1
