185641: 185641
223502: 223502
247365: 15 69 239
157968: 6 8 3291 4388
295625: 43 55 125
77610: 6 13 15 398 995
184059: 27 153 1203 6817
254932: 34 92 391 652 2771 7498
100262: 100262
232287: 232287
292998: 6 141 2078 48833
271326: 6 22 12333 45221
66527: 71 937
138909: 57 2437
90644: 34 43 62
282855: 15 519 545 18857
136746: 6 71 321
114582: 6 13 113
23822: 43 554
285496: 8 127 281
140041: 29 4829
219505: 13 55 307
102234: 6 22 4647 17039
78716: 22 3578
35685: 13 15 183
284458: 41 6938
48623: 48623
252652: 83 3044
119134: 119134
251910: 6 15 27 622 1555 2799
12524: 62 202
161790: 6 15 10786 26965
26202: 6 22 1191 4367
247920: 6 8 15 20 2066 5165
129074: 22 5867
247696: 8 113 274
251166: 6 41 1021
170136: 6 8 34 139 153
156801: 156801
132572: 22 92 253 524 1441 6026
241968: 6 8 71
43994: 43994
124587: 127 981
282001: 282001
18437: 18437
197252: 22 8966
150072: 6 8 13 111 148
70720: 8 13 20 34 85
163787: 13 43 293
87142: 22 34 2563 3961
297039: 297039
36749: 36749
248914: 34 7321
108527: 41 2647
254472: 6 8 69 92 461
44988: 6 69 92 489 652 7498
175526: 13 43 314
179712: 6 8 13 27
44850: 6 13 15 50 69 230 575
259204: 22 43 274
85952: 8 34 316 1343
142668: 6 27 3963 5284
244166: 13 18782
213795: 15 14253
41777: 41777
88710: 6 15 5914 14785
289857: 289857
57457: 57457
173522: 106 1637
228584: 8 28573
260000: 8 13 20 50 125
50079: 50079
65626: 22 209 314 2983
10725: 13 15 55
95341: 95341
223908: 6 141 188 1191 1588 37318
281980: 20 92 230 1226 3065 14099
85436: 13 62 106
111131: 111131
47522: 47522
258936: 6 8 32367 43156
113322: 6 22 34 202 561 3333 5151 18887
92931: 92931
227676: 6 37946
224715: 15 71 211
19284: 6 3214
259008: 6 8 57 71 76
148884: 6 57 76 1959 2612 24814
26200: 8 20 50 524 1310 3275
62350: 29 43 50
41082: 6 41 167
140748: 6 111 148 951 1268 23458
142834: 34 4201
135213: 13 10401
192298: 192298
129492: 6 22 27 99 218 981 3597
32500: 13 20 50 125
59821: 59821
189953: 41 113
205738: 13 41 386
52240: 8 20 2612 6530
268974: 6 27 34 153 293
207089: 29 7141
211574: 22 118 1793 9617
194230: 194230
165500: 20 50 125 1324 3310 8275
119888: 8 118 127
133540: 20 22 55 2428 6070 6677
268925: 155 1735
52256: 8 71 92
134462: 134462
144304: 8 29 622
272432: 8 34054
36322: 13 22 127
65738: 65738
218462: 218462
42300: 6 15 20 50 141 188 470 1175
97831: 97831
269009: 13 20693
164464: 8 76 2164 20558
189055: 189055
241142: 22 97 113
267168: 6 8 22 69 92 253 363
53465: 85 629
76845: 15 141 545 5123
249831: 27 57 4383 9253
14022: 6 41 57
127660: 13 20 491
42239: 42239
266685: 15 69 3865 17779
25166: 25166
9409: 97
43884: 6 69 92 106 477 1219
206016: 6 8 29 111 148
174630: 6 15 11642 29105
158752: 8 22 41
2654: 2654
150634: 22 41 167
216763: 43 71
183604: 197 932
150464: 8 2351
295168: 8 4612
251140: 20 29 433
29875: 125 239
111614: 111614
76712: 8 43 223
143949: 13 11073
270292: 22 12286
183296: 8 358
93463: 93463
236543: 43 5501
36499: 113 323
109276: 34 3214
227004: 6 37834
136541: 136541
119405: 13 55 167
108576: 6 8 13 29
12396: 6 2066
75195: 15 27 2785 5013
278011: 278011
90138: 6 83 181
230609: 43 5363
254976: 6 8 83
222361: 222361
196615: 196615
186082: 13 34 421
55161: 27 2043
216336: 6 8 4507
101940: 6 15 20 5097 6796 16990
141105: 15 69 2045 9407
115968: 6 8 302
242633: 242633
215720: 8 20 10786 26965
40242: 6 57 706 6707
117312: 6 8 13 141 188
72645: 15 29 167
160406: 139 1154
71826: 6 11971
253520: 8 20 12676 31690
232476: 6 38746
146329: 41 43 83
208468: 13 76 211
89928: 6 8 2498 11241
120: 6 8 15 20
71861: 71861
253254: 6 42209
75368: 8 9421
9633: 13 57
240465: 15 41 69 85 391
78744: 6 8 34 386 9843
251616: 6 8 5242
19678: 19678
28946: 41 706
165320: 8 20 8266 20665
255016: 8 127 251
208566: 6 34761
205092: 6 27 211
299970: 6 15 22 27 55 99 202 505 909 3333
241620: 6 15 20 12081 16108 40270
157688: 8 92 1714 19711
256250: 41 50 125
212633: 212633
32766: 6 43 127
89557: 13 83
132210: 6 13 15 113
5230: 5230
236930: 29 43 190
288315: 15 43 447
100696: 8 41 307
207621: 69 153 391 531 1357 3009
259776: 6 8 22 41 99
262830: 6 15 17522 43805
185772: 6 113 274
264312: 6 8 7342 33039
170316: 6 27 57 76 83
236235: 15 15749
69404: 69404
255375: 15 125 1135 2043
234410: 22 55 4262 10655
121218: 6 267 454 20203
133869: 133869
51829: 51829
149400: 6 8 15 20 50 83
85994: 62 146 589 1387
238351: 29 8219
203148: 6 22 27 57 76 99 209
275379: 13 69 307
147069: 13 27 419
293761: 13 22597
205680: 6 8 15 20 1714 4285
22287: 57 69 323 391
276039: 276039
93183: 267 349
261857: 261857
40368: 6 8 29
299937: 183 447 671 1639
153595: 13 85 139
203699: 71 2869
207306: 6 22 27 99 349
233920: 8 20 34 43 85
53124: 6 57 76 699 932 8854
126330: 6 15 8422 21055
177080: 8 20 76 190 932 2330 8854 22135
33144: 6 8 4143 5524
162975: 15 41 265
33167: 33167
170897: 29 71 83
115982: 115982
111105: 15 27 4115 7407
33251: 41 811
275388: 6 106 433
91512: 6 8 41 62 279
129739: 129739
150025: 85 1765
129303: 27 4789
169413: 379 447
204532: 204532
71331: 13 5487
112855: 112855
133974: 6 27 827
129240: 6 8 15 20 1077 1436 3590
193509: 27 7167
75615: 15 71
181000: 8 20 50 125 181
285671: 463 617
278676: 6 7741
111390: 6 15 141 237 470 790 7426 18565
101361: 13 69 113
299585: 13 55 419
6: 6
299972: 76 3947
200712: 6 8 25089 33452
163904: 8 13 197
102684: 6 43 398
115725: 15 7715
265413: 265413
223056: 6 8 4647 6196
214304: 8 148 181
50660: 20 34 85 596 1490 2533
20649: 20649
68160: 6 8 15 20 71
217022: 13 34 491
194963: 194963
291668: 13 71 316
58395: 15 85 687 3893
173286: 6 27 6418 28881
156948: 6 22 29 41
241550: 50 4831
212365: 212365
127896: 6 8 146 15987
221950: 50 230 386 575 965 4439
171842: 22 146 1177 7811
299998: 299998
67318: 97 694
9360: 6 8 13 15 20
3795: 15 55 69 253
192473: 29 6637
220604: 421 524
299153: 293 1021
38550: 6 15 50 771 2570 6425
110440: 8 20 22 55 251
206562: 6 398 519 34427
73361: 73361
108032: 8 211
147804: 6 113 218
109950: 6 15 50 2199 7330 18325
168167: 211 797
43086: 6 43 167
79416: 6 8 2206 9927
169609: 169609
179080: 8 20 22 55 148 370 407
96921: 99 267 363 979
263026: 379 694
247612: 412 601
280692: 6 27 69 92 113
129415: 13 55 181
191456: 8 62 386
117424: 8 41 358
77216: 8 76 127
30876: 6 62 83
247430: 218 454 545 1135
193887: 27 43 167
53955: 15 55 99 545 981 3597
161524: 22 7342
42846: 6 111 386 7141
189246: 6 31541
196904: 8 302 652 24613
211560: 6 8 15 20 41 43
275624: 8 524 526 34453
111644: 13 76 113
209152: 8 43 76
59184: 6 8 27 274 1233
9416: 8 22 428 1177
107920: 8 20 71 76 190
273351: 13 43 489
164942: 164942
115011: 13 8847
68720: 8 20 3436 8590
240316: 146 1646
54804: 6 9134
163631: 13 41 307
133260: 6 15 20 6663 8884 22210
268752: 6 8 22 1527 2036 5599
65316: 6 10886
288016: 8 188 1532 36002
106282: 22 4831
241660: 20 43 281
26445: 15 41 43
70510: 22 55 1282 3205
247535: 155 1597
27798: 6 41 113
8: 8
253338: 6 42223
9122: 9122
139700: 20 22 50 55 127
278769: 43 6483
73508: 34 92 188 391 799 2162
77456: 8 188 412 9682
161358: 6 26893
165740: 20 8287
81719: 209 253 323 391
113910: 6 15 7594 18985
134945: 197 685
117095: 55 2129
36632: 8 76 482 4579
152760: 6 8 15 20 57 76 134 190 335 1273
275920: 8 20 13796 34490
125441: 125441
189414: 6 34 153 1238 5571 31569
27621: 27 99 279 1023
13803: 43 321
222594: 6 69 3226 37099
153672: 6 8 57 76 337
66606: 6 34 1959 11101
169420: 20 43 197
175356: 6 4871
206200: 8 20 50 4124 10310 25775
226610: 34 43 62 85 155
78975: 13 15 27
117510: 6 15 7834 19585
118301: 281 421
174749: 174749
81213: 69 253 321 1177
31361: 31361
267644: 13 20588
255690: 6 15 27 2841 9470
59004: 6 22 99 447 596 1639
249528: 6 8 111 148 281
267546: 6 34 43 183 1037
163269: 27 6047
185184: 6 8 643
167628: 6 183 244 687 916 27938
143312: 8 13 106
222207: 222207
16129: 127
150165: 15 71 141
111397: 13 41 209
296225: 41 85
85618: 13 6586
82125: 15 125 365 657
255151: 13 19627
131214: 6 57 2302 21869
108018: 6 34 153 706 3177 18003
92457: 92457
258481: 258481
142500: 6 15 20 50 57 76 125 190 475
296850: 6 15 50 5937 19790 49475
175125: 15 125 1401 11675
265756: 29 316
160166: 106 1511
96048: 6 8 29 69 92
152298: 6 25383
75881: 13 449
177463: 13 13651
192186: 6 27 7118 32031
217685: 13 85 197
189475: 13 55 265
208769: 208769
173970: 6 15 1933
231085: 113 2045
111112: 8 34 43 76 323
137367: 137367
32346: 6 27 1198 5391
194473: 113 1721
263094: 6 13 3373
52975: 13 4075
173391: 29 5979
122520: 6 8 15 20 1021
35666: 34 1049
162280: 8 20 8114 20285
286385: 41 55 127
98615: 55 1793
283361: 13 71 307
248555: 248555
146460: 6 15 20 7323 9764 24410
117083: 117083
80478: 6 34 153 526 2367 13413
90089: 90089
123360: 6 8 15 20 771 1028 2570
186304: 8 41 71
112617: 27 43 97
74360: 8 13 20 22 55
224750: 29 50 62 125 155
138375: 15 27 41 125
37750: 50 125 302 755
283065: 15 113 167
45816: 6 8 69 83 92
69483: 57 69 1007 1219
114176: 8 223
50478: 6 141 358 8413
170050: 50 190 358 475 895 3401
49295: 49295
139964: 22 6362
211098: 6 302 699 35183
173361: 173361
30771: 13 2367
76875: 15 41 125
177640: 8 20 8882 22205
250328: 8 13 29 83
267462: 6 13 27 127
38536: 8 4817
100080: 6 8 15 20 139
149416: 8 76 1966 18677
151332: 6 25222
296659: 181 1639
65731: 65731
190450: 13 50 293
86820: 6 15 20 4341 5788 14470
299860: 20 22 29 55 188 470 517
66641: 66641
272280: 6 8 15 20 2269
262023: 167 1569
94277: 94277
160973: 160973
84050: 41 50
241100: 20 50 4822 12055
43875: 13 15 27 125
265544: 8 76 3494 33193
114736: 8 71 202
8352: 6 8 29
239245: 295 811
118763: 113 1051
181917: 29 41 153
131130: 6 15 62 141 155 279 470 1457
58848: 6 8 1226
289794: 6 48299
39969: 39969
167280: 6 8 15 20 34 41 85
21489: 13 29 57
257886: 6 42981
174301: 174301
3774: 6 34 111 629
56594: 56594
230789: 13 41 433
40545: 15 85 153 265 477 2703
294972: 6 141 188 1569 2092 49162
271265: 239 1135
60864: 6 8 951 1268
233206: 34 323 722 6859
130572: 6 13 27 62 279
20336: 8 41 62
181614: 6 30269
267282: 6 62 279 958 4311 44547
143436: 6 23906
377: 13 29
162735: 15 57 2855 10849
160138: 22 29 251
203048: 8 34 5972 25381
67166: 22 43 71
75396: 6 183 244 309 412 12566
105722: 105722
73471: 73471
58913: 58913
8490: 6 15 566 1415
236060: 20 22 29 55 148 370 407
237705: 13 15 69 265 1219
18444: 6 29 106
196636: 22 41 218
128169: 27 141 909 4747
179838: 6 97 309
193094: 22 134 1441 8777
252876: 6 13 3242
281562: 6 167 281
274952: 8 34369
73235: 97 755
196064: 8 22 1114
175330: 197 890
224120: 8 13 20 862 2155
247185: 15 27 9155 16479
276627: 13 41 519
187102: 34 5503
254498: 254498
272544: 6 8 34 167
269620: 13 20 34 85 244 610 1037
256087: 13 19699
186017: 13 41 349
176364: 6 27 69 71 92
226092: 6 83 454
5944: 8 743
235992: 6 8 29499 39332
15667: 15667
192228: 6 83 386
87135: 15 111 785 5809
230915: 230915
17576: 8 13
186808: 8 76 2458 23351
14720: 8 20 92 230
110984: 8 13873
24674: 13 146
166874: 166874
142269: 141 1009
299956: 41 62 118
122989: 29 4241
66977: 66977
7328: 8 916
207129: 13 113 141
69530: 34 85 818 2045
28743: 13 2211
251187: 251187
82620: 6 15 20 27 34 85 153
259099: 259099
189776: 8 29 818
182650: 13 50 281
287526: 6 519 554 47921
123005: 337 365
245631: 41 5991
98876: 76 1301
205206: 6 69 2974 34201
186780: 6 15 20 22 55 566 1415 9339
211072: 8 34 97
178704: 6 8 34 146 153 657 3723
7587: 27 281
82389: 29 2841
204336: 6 8 22 27 43 99
30444: 6 43 118
36429: 36429
272936: 8 218 1252 34117
299620: 20 71 211
157704: 6 8 19713 26284
162399: 162399
115333: 29 41 97
80625: 15 43 125
146133: 13 11241
16374: 6 2729
75648: 6 8 197
124160: 8 20 97
4362: 6 727
125714: 239 526
137691: 137691
236258: 22 10739
284220: 6 15 20 3158 7895 14211
104397: 69 267 391 1513
211905: 15 85 153 1385 2493 14127
290998: 83 3506
196736: 8 29 106
776: 8 97
294398: 13 134
68697: 153 449
105657: 41 2577
69721: 113 617
27544: 8 22 1252 3443
189316: 76 106 188 1007 1786 2491
109640: 8 20 5482 13705
11656: 8 62 188 1457
151269: 151269
269660: 20 97 139
89930: 34 85 230 391 1058 2645
180347: 180347
10569: 13 813
85077: 27 69 1233 3151
197128: 8 41 601
34560: 6 8 15 20 27
166158: 6 27 34 153 181
243704: 8 41 743
54006: 6 9001
221304: 6 8 27663 36884
298404: 6 27 307
152174: 22 6917
104425: 104425
62166: 6 13 797
298430: 22 55 5426 13565
66639: 97 687
9213: 83 111
288548: 13 62 358
47641: 71 671
145872: 6 8 3039 4052
47832: 6 8 5979 7972
94100: 20 50 1882 4705
116899: 29 139
17011: 17011
300: 6 15 20 50
80410: 22 34 43 55 85
200514: 6 69 2906 33419
49596: 6 8266
47977: 47977
105183: 13 29 279
87417: 99 883
122835: 15 57 2155 8189
266232: 6 8 33279 44372
15644: 15644
26818: 22 106 253 1219
155770: 370 421
42174: 6 22 27 71 99
288210: 6 13 15 1478 3695
208235: 208235
107514: 6 22 27 99 181
13721: 13721
206025: 15 41 335
247486: 29 34 251
208172: 71 2932
2862: 6 27 106 477
128269: 43 2983
273568: 8 83 412
103832: 8 12979
67558: 34 1987
145886: 13 62 181
203713: 203713
198750: 6 15 50 106 125 265
149554: 43 3478
10830: 6 15 57 190 722 1805
111616: 8 218
62460: 6 15 20 694 1735 3123
78182: 13 62 97
84015: 15 5601
60376: 8 7547
137124: 6 13 293
287265: 15 55 5223 19151
3345: 15 223
6705: 15 447
297919: 297919
252062: 252062
101709: 27 3767
221278: 43 62 83
293784: 6 8 36723 48964
1625: 13 125
233843: 379 617
131270: 131270
207040: 8 20 1294 3235
57448: 8 43 167
268652: 188 1429
89914: 22 134 671 4087
48208: 8 92 524 6026
34602: 6 146 237 5767
31394: 22 1427
85455: 15 27 211
32201: 13 2477
171877: 171877
62322: 6 13 34 141 799
175986: 6 27 6518 29331
13558: 13558
297802: 297802
135108: 6 27 139
12902: 12902
179208: 6 8 57 76 393 524 4978
13686: 6 2281
113770: 62 155 734 1835
269515: 269515
199723: 29 71 97
105848: 8 202 524 13231
67731: 211 321
6782: 6782
181196: 97 1868
147316: 13 11332
111740: 20 148 302 370 755 5587
77748: 6 22 57 62 76 209 589 1023
281700: 6 15 20 50 939 1252 3130 7825
237215: 55 209 1135 4313
231860: 20 11593
180328: 8 22541
223124: 22 461
209950: 13 34 50 85 190 323 475
204462: 6 111 307
190814: 13 41 358
170134: 170134
158740: 20 7937
91125: 15 27 125
283690: 22 55 5158 12895
77904: 6 8 1623 2164
36842: 13 218
61494: 6 111 554 10249
27756: 6 27 771 1028
196190: 230 853
82928: 8 71 146
175517: 167 1051
81432: 6 8 13 27 29
278412: 6 46402
89893: 89893
276163: 276163
174945: 15 321 545 11663
215109: 27 279 771 7967
35295: 13 15 181
151682: 151682
228199: 228199
271473: 271473
83861: 83861
176350: 50 3527
87998: 87998
292412: 41 7132
267910: 146 365 734 1835
104719: 29 3611
65962: 13 43 118
129291: 71 1821
266265: 15 97 183
239049: 239049
155562: 6 22 7071 25927
177115: 177115
60565: 60565
63237: 197 321
32880: 6 8 15 20 274 685
57737: 57737
11523: 69 167
105524: 62 92 148 713 1147 1702
181530: 6 15 2017
183436: 22 379
123087: 267 461
253616: 8 22 524 1441
202406: 202406
299993: 299993
259986: 6 43331
261878: 261878
33620: 20 41
260280: 6 8 15 20 27 482 1205 2169
8436: 6 57 76 111 148 1406
75951: 27 29 97
45795: 15 43 71
29303: 29303
209817: 27 57 3681 7771
56400: 6 8 15 20 50 141 188 470 1175
261360: 6 8 15 20 22 27 55 99 363
69434: 69434
188770: 43 4390
127777: 13 9829
129296: 8 16162
216392: 8 22 9836 27049
148800: 6 8 15 20 50 62 155
264669: 264669
242355: 15 321 755 16157
62859: 69 911
90756: 6 2521
99987: 99987
14036: 22 29
36765: 15 43 57
92721: 92721
173832: 6 8 21729 28972
209805: 15 71 197
256234: 22 209 1226 11647
281436: 6 141 188 1497 1996 46906
146574: 6 34 153 958 4311 24429
832: 8 13
194130: 6 15 27 2157 7190
6091: 6091
138048: 6 8 2157 2876
90280: 8 20 148 244 370 610 4514 11285
210862: 62 358 589 3401
255702: 6 57 4486 42617
244413: 13 18801
73445: 73445
228234: 6 38039
8266: 8266
28545: 15 55 519 1903
246826: 167 1478
49979: 41 1219
56204: 56204
66872: 8 13 643
235542: 6 111 2122 39257
5697: 27 211
291068: 291068
82984: 8 22 41 92 253
27985: 29 965
101305: 101305
53243: 53243
57133: 97 589
71170: 22 55 1294 3235
147195: 15 9813
60843: 60843
48: 6 8
128400: 6 8 15 20 50 321 428 1070 2675
9752: 8 92 106 1219
70993: 13 43 127
254500: 20 50 125 2036 5090 12725
99756: 6 34 153 489 652 2771
261078: 6 106 2463 43513
76656: 6 8 1597
209763: 27 153 1371 7769
130866: 6 34 3849 21811
185375: 125 1483
225345: 15 83 181
4255: 4255
120156: 6 34 57 62 76 323 589 1581
252057: 13 69 281
134154: 6 29 771
161272: 8 76 2122 20159
120394: 34 3541
288: 6 8
191178: 6 13 43 57
136900: 20 50 148 370 925 2738 6845
174292: 174292
45046: 202 223
102292: 239 428
247302: 6 22 99 2498 11241 41217
39824: 8 76 524 4978
116390: 113 1030
43702: 43702
206058: 6 183 1126 34343
119608: 8 14951
59599: 59599
23927: 71 337
239254: 239254
208788: 6 127 274
94968: 6 8 2638 11871
7995: 13 15 41
16031: 41 391
192324: 6 22 62 141 188 517 1023 1457
116738: 116738
129590: 129590
13154: 13154
17571: 17571
198563: 29 41 167
147265: 147265
245895: 13 15 97
103179: 211 489
9234: 6 27 57
262884: 6 57 76 3459 4612 43814
221052: 6 13 218
73249: 73249
110858: 22 5039
271832: 8 22 12356 33979
27504: 6 8 573 764
108893: 108893
50296: 8 6287
159088: 8 244 652 19886
137108: 302 454
232056: 6 8 22 99 293
127142: 302 421
384: 6 8
203433: 43 57 83
151906: 302 503
209390: 209390
130318: 130318
276184: 8 76 92 316 874 3002 3634 34523
215916: 6 57 76 2841 3788 35986
24310: 13 22 34 55 85
105995: 29 43 85
274700: 20 41 50 134 335
230565: 15 57 4045 15371
130824: 6 8 69 92 237 316 3634
271230: 6 15 18082 45205
292557: 113 2589
100064: 8 106 118
64392: 6 8 8049 10732
232282: 232282
118826: 106 118 1007 1121
21160: 8 20 92 230 1058 2645
272488: 8 34061
79731: 27 2953
273190: 34 85 3214 8035
209054: 209054
279740: 20 71 197
68888: 8 218 316 8611
221990: 281 790
128983: 128983
36980: 20 43
130654: 130654
189589: 189589
97033: 97033
277542: 6 34 153 1814 8163 46257
270810: 6 15 27 34 85 118 153 295 531 3009
16668: 6 463
9764: 9764
268785: 15 27 55 99 181
260926: 461 566
241128: 6 8 34 153 197
292566: 6 48761
9675: 15 43
182160: 6 8 15 20 22 55 69 92 99 230 253
93808: 8 13 22 41
86106: 6 113 127
137992: 8 188 734 17249
287461: 337 853
269830: 22 55 223
100302: 6 146 687 16717
194552: 8 83 293
263360: 8 20 1646 4115
87352: 8 244 358 10919
99940: 20 76 190 526 1315 4997
271706: 146 1861
195551: 195551
8238: 6 1373
213718: 213718
215326: 62 302 713 3473
152601: 152601
225126: 6 22 27 99 379
254106: 6 57 743
17835: 15 29 41
42036: 6 62 113
77701: 13 43 139
49540: 20 2477
185856: 6 8 22 363
80032: 8 41 244
207339: 183 309 671 1133
170542: 71 2402
271550: 50 5431
5692: 5692
14790: 6 15 29 34 85
37045: 155 239
207222: 6 34537
144894: 6 41 57 62 589
57408: 6 8 13 69 92
99630: 6 15 27 41
280071: 27 41 69 99 253
113805: 15 27 281
106415: 106415
247008: 6 8 62 83
218840: 8 20 10942 27355
11479: 13 883
259302: 6 69 3758 43217
220450: 50 4409
205218: 6 13 2631
220872: 6 8 27609 36812
183450: 6 15 50 3669 12230 30575
104355: 15 27 3865 6957
269928: 6 8 69 92 489 652 7498
139812: 6 183 244 573 764 23302
128512: 8 251
233080: 8 20 11654 29135
41553: 27 57
107766: 6 17961
193059: 57 3387
37290: 6 15 22 55 113
153425: 85 323 475 1805
82776: 6 8 10347 13796
148693: 148693
28386: 6 57 83
132894: 6 27 69 321 4922
137033: 13 83 127
191624: 8 34 5636 23953
286182: 6 13 3669
234436: 29 43 188
182820: 6 15 20 22 55 554 1385 9141
179334: 6 27 41
205638: 6 34273
254176: 8 13 188
110650: 50 2213
19788: 6 34 97
46852: 13 34 106
29315: 13 41 55
13348: 71 188
282864: 6 8 71 83
194832: 6 8 22 27 41 99
187004: 187004
250690: 22 43 55 106 265
69546: 6 134 519 11591
288184: 8 13 34 652 2771
226612: 181 1252
211196: 148 1427
262921: 262921
24240: 6 8 15 20 202 505
254423: 13 19571
69588: 6 1933
14489: 14489
280335: 15 55 5097 18689
228516: 6 139 274
145410: 6 15 111 370 393 1310 9694 24235
72400: 8 20 50 181
119524: 119524
86295: 15 55 1569 5753
179544: 6 8 22443 29924
250160: 8 20 106 118 265 295
173496: 6 8 21687 28916
171709: 29 5921
274618: 34 41 197
68599: 181 379
134856: 6 8 3746 16857
21036: 6 3506
121253: 121253
59856: 6 8 29 43
276226: 276226
184710: 6 15 141 393 470 1310 12314 30785
109472: 8 22 622
93563: 93563
158108: 29 188
223000: 8 20 50 125 223
235248: 6 8 13 29
126356: 62 2038
266755: 155 1721
143704: 8 22 71 92 253
41812: 41812
129900: 6 15 20 50 433
12907: 12907
244056: 6 8 30507 40676
131790: 6 15 69 230 573 1910 8786 21965
210288: 6 8 13 337
7062: 6 22 321 1177
163603: 139 1177
240435: 13 15 27 685 1233
290940: 6 13 15 20 1119 1492 3730
10590: 6 15 706 1765
216684: 6 13 463
165920: 8 20 34 85 244 610 1037
119232: 6 8 27 69 92
71786: 13 22 251
33538: 41 818
263549: 13 97 209
138202: 43 3214
234422: 62 398 589 3781
269023: 269023
102752: 8 13 76
29184: 6 8 57 76
164844: 6 57 76 482 2169 4579
280386: 6 111 421
216992: 8 27124
212248: 8 43 617
95115: 15 85 1119 6341
132182: 29 43 106
25696: 8 22 146
225282: 6 37547
92889: 92889
238589: 13 18353
96795: 15 27 239
264160: 8 13 20 127
60507: 27 83
102306: 6 34 118 867 3009 17051
26118: 6 4353
15975: 15 71
147050: 34 50 85 1730 2941 4325
122240: 8 20 764 1910
216810: 6 15 22 27 55 99 146 365 657 2409
113413: 113413
22616: 8 22 1028 2827
248298: 6 29 1427
75272: 8 97
225163: 225163
175713: 111 1583
155686: 34 323 482 4579
36903: 36903
258719: 293 883
256194: 6 43 993
198288: 6 8 27 34 153
9955: 55 181
160126: 118 1357
153166: 13 43 274
161041: 161041
139586: 71 1966
69033: 69033
130516: 134 974
220779: 13 27 111 153 629
24870: 6 15 1658 4145
9150: 6 15 50 183 610 1525
250468: 250468
267464: 8 134 1996 33433
77820: 6 15 20 3891 5188 12970
273272: 8 34159
244518: 6 83 491
44330: 13 22 55 62 155
220905: 15 14727
222865: 29 265
77036: 77036
123915: 15 55 2253 8261
16500: 6 15 20 22 50 55 125
29352: 6 8 3669 4892
125945: 125945
78: 6 13
201347: 29 6943
275946: 6 22 111 113 407
58752: 6 8 27 34 153
59872: 8 7484
241760: 8 20 1511
66443: 13 5111
208384: 8 22 148 407
212148: 6 71 83
259888: 8 148 1756 32486
163533: 57 2869
162520: 8 20 34 85 239
175820: 20 118 295 596 1490 8791
73296: 6 8 1527 2036
170885: 13 55 239
219885: 15 321 685 14659
106828: 34 3142
294125: 13 125 181
87688: 8 97 113
73816: 8 9227
299991: 57 5263
127322: 13 83 118
81768: 6 8 10221 13628
229697: 13 17669
237490: 22 34 55 85 127
170038: 22 118 1441 7729
217517: 217517
216952: 8 188 1154 27119
114232: 8 218 524 14279
115107: 111 183 629 1037
116591: 116591
201027: 113 1779
236130: 6 15 34 85 463
272994: 6 519 526 45499
100183: 100183
172299: 237 727
128507: 128507
55301: 55301
293299: 293299
229466: 34 6749
191484: 6 27 197
24387: 24387
101317: 71 1427
44360: 8 20 2218 5545
245561: 245561
118126: 118126
37444: 22 92 148 253 407 1702
283023: 13 41 531
58820: 20 34 85 692 1730 2941
87723: 27 57
190842: 6 34 5613 31807
262758: 6 43793
265880: 8 20 34 85 92 230 391
298880: 8 20 1868 4670
32418: 6 5403
289948: 419 692
216378: 6 27 8014 36063
257382: 6 181 237
160502: 160502
