135603
24228
103802
74780
76056
51596
244889
189414
202761
114724
131566
248697
299956
26235
283870
5844
115095
24130
94996
166410
126216
236998
263285
299860
280727
201214
245426
44283
89440
191269
10704
161489
107584
10725
29000
40678
120156
104775
170400
286418
49463
169875
82438
291780
198512
11103
41691
179124
153915
169100
38865
253506
264711
258061
153684
49113
174154
281051
231685
162646
108240
68041
274952
284724
151444
280330
91720
144264
13880
113632
148674
204126
105125
166788
98974
226120
155189
235710
274345
81250
228068
10606
155660
239637
233085
185240
191416
57114
288882
21237
204336
103846
29189
126736
127126
136940
167250
242943
230623
154946
113387
195224
250900
176226
38912
174630
142834
171093
4222
212696
116831
212423
102894
212059
297928
118530
36322
124832
251768
283914
25143
182300
58192
210260
8140
90754
147337
153000
102075
245981
4437
107864
181593
247304
140820
114773
117216
189860
243522
209712
42435
214488
268456
159823
269373
105792
69782
62266
249376
279357
154468
262592
107666
142400
253308
116600
158775
104504
69901
211973
280575
170367
70755
7050
207444
254904
170953
292720
165754
110608
160614
255968
269984
205232
233073
208573
154624
150088
249808
28419
23456
128092
96690
37395
138214
123675
91377
73814
64800
190590
199200
141462
73695
88152
297198
226848
4339
85700
75396
166160
243069
130472
196127
82242
243160
5214
153105
139490
299937
194970
234977
33900
248319
277908
241387
75258
168848
265383
83145
89410
37043
147930
146957
196260
286462
205974
120938
23843
289911
36777
108704
264522
256696
131713
292545
26536
6525
174399
125229
127779
256208
203433
210078
185555
103958
263089
123220
217960
91904
168435
43497
80569
192032
231825
203778
135330
258672
123948
169198
291740
95040
214726
29968
59681
251658
19006
169996
107570
222424
133160
102845
182286
85854
111600
151677
93920
20392
170171
78
270066
106660
38331
121528
200570
41215
57406
219050
152067
178641
279978
109388
209448
7218
276270
145174
96790
267644
182160
7601
280344
29184
75109
95325
242950
24646
262102
201776
287776
74955
217050
193556
192639
55026
259855
186185
220989
203860
48040
172929
106198
283240
128388
98043
274091
299972
138375
71700
4670
186082
229872
225114
218086
146595
252580
77608
103944
170190
6
30141
76728
97838
219414
95180
279943
145536
222615
134702
27455
81430
197588
223740
80240
28645
180928
9647
68475
288
228745
65834
106618
278748
171555
54853
184500
242145
82900
29534
70834
109598
34336
245839
77440
23365
273265
281728
180557
198904
109766
259104
19188
149526
232490
127448
1863
276928
10016
207024
190630
2568
25579
281868
55112
16605
120
171275
2430
266300
270019
252902
33930
216952
5146
1877
184295
215620
185970
24732
294351
27875
209418
207920
205577
286014
159900
253217
195336
14372
108585
257788
253590
237299
164592
197406
131046
74999
4600
236286
286131
120546
233220
83420
82132
166830
234352
268120
51416
212953
158010
284726
123808
153882
45247
256355
191885
116955
58386
247288
129506
154204
64408
261178
715
92224
89216
162518
22000
167313
211618
136746
288912
152844
148625
270061
91762
278480
240512
134798
199074
227907
266258
64000
229923
16962
293488
123542
16890
71695
22700
16500
29238
212605
193950
229104
192816
251670
57945
130901
145167
83096
3144
276212
72143
217806
5776
283893
49258
269800
290515
80982
38478
131496
191262
47396
259344
273974
288700
102173
70895
43282
102906
127770
178506
240540
189610
10660
287246
192298
90439
221290
184715
83950
191976
113322
272278
130906
176856
10891
31081
238771
267462
259505
277829
12804
132840
43296
211266
257699
6945
150039
162695
177500
265574
83889
231750
134310
167875
230775
77860
134191
166816
78597
201704
206184
129039
55992
299389
241576
122814
41917
299321
233050
150478
87562
250361
384
200745
161454
218254
176966
100416
240820
251560
188943
39551
258313
299993
118140
256061
132257
139880
78128
143802
234375
235824
30267
218380
299998
72717
51974
169077
222552
281170
103445
200556
279621
91505
37239
118056
273734
230679
37386
277635
263943
173818
268171
231120
28491
153978
297051
296687
95432
199191
69586
239441
294125
186880
194811
189624
177890
69434
266888
83000
236529
239072
249152
42160
75804
69378
163302
35510
209502
45576
11479
249913
111607
219582
104285
10417
146327
50107
92784
198645
139901
178088
6929
237250
71765
125922
84517
15548
261612
252314
2484
117839
68510
1590
275400
109124
220282
9920
181875
152809
97950
15336
121815
108690
118329
202131
135570
176665
150534
229783
197541
179075
77106
119148
182118
288408
147400
79981
9512
167637
102304
89979
242572
122576
119888
207859
68599
190952
256668
275848
205470
36042
296913
228278
106086
250069
278916
102080
137052
195642
283464
70713
170479
51687
146700
10744
69369
182454
50310
94123
176210
266274
285552
119022
78044
95031
240792
184085
162714
291388
67432
296015
209560
280790
25451
28750
172766
330
252405
215853
168594
256145
65598
128766
75251
49020
233393
271991
157508
18684
166158
166438
91412
258525
201216
171296
284565
19426
27096
189160
96580
245064
131328
138580
163001
16598
84419
195693
153595
287337
197875
227487
73380
180895
83320
225870
88425
3256
100745
172446
248984
156927
75839
158766
151698
271032
213732
233276
197408
107822
175300
144992
221488
83623
159452
105104
136758
295275
242423
10935
98958
68391
254701
89125
79220
180370
292300
145209
158752
291332
198162
114624
155980
260380
277376
273650
196680
16820
285839
177780
88213
127280
139770
252918
239002
57546
160747
69140
216763
106427
170316
162280
146175
10676
160495
229326
212682
211784
192018
298332
221024
275157
19515
87401
152305
226148
193460
251238
214430
273806
86304
258980
98246
116269
127548
235026
127219
110592
182897
181721
174334
290375
176035
216770
14300
285300
64506
97929
58528
244446
183856
296372
195063
142883
258348
130698
229354
200754
143809
27404
167210
43289
297739
190140
57226
120744
110671
110130
22168
154673
166720
199758
265593
39950
28946
249614
148016
124074
274728
175848
254360
33711
134805
147953
250382
103965
241044
8224
270682
111630
51729
142267
145382
288443
125784
61776
216215
191526
72008
299466
248298
107925
108732
12844
272861
287631
22420
141077
25416
120210
139530
112134
161636
130962
120107
202931
81066
10940
282234
96424
248471
235479
233456
299991
59856
75272
183632
66088
282458
157214
154132
92800
208846
202579
259960
291789
70736
119099
200528
3149
128813
42496
293544
55168
60698
142071
107757
42580
187664
169987
290030
170115
283562
59494
198374
289512
93351
296050
192207
134490
129240
179985
213450
236636
242110
112610
233500
248079
139523
84755
10865
6287
281793
282080
227627
12480
199606
174672
70244
118978
244686
161405
81080
97266
6292
124335
136095
39857
8952
172194
196426
167152
101242
132551
219108
233176
48791
236480
95381
219526
20621
289374
230082
297662
105918
239415
217981
35020
90945
14853
71079
298362
155310
178408
129165
230516
158451
211875
97917
162602
70330
197812
22632
64590
180942
87270
79948
77281
88110
184430
237075
237992
235738
24753
70685
8070
255646
236132
174203
64420
240008
150599
201636
95346
83390
247129
50765
73732
116885
124244
178688
63104
286938
124622
253644
244504
267667
210512
275682
79904
199305
283620
166200
212505
52506
217701
75944
129352
187704
8
176485
100953
201690
115760
62742
232966
263096
48
169980
204917
9829
214124
300
290816
45625
7776
43000
95033
77405
106826
149283
68300
101093
117725
43520
130985
78058
197112
64266
104210
145020
191115
30358
297527
282722
293495
153964
46775
4544
179703
299970
60444
126496
276984
36994
258686
77064
206982
204133
239660
61823
119853
206793
219064
70512
249717
149864
41992
22056
37199
252855
234744
252251
248886
250510
182456
50268
136935
187174
274280
181908
246070
244096
124811
137500
128792
67509
142367
1
