135603: 13 57 183
24228: 6 673
103802: 34 43 71
74780: 20 3739
76056: 6 8 9507 12676
51596: 51596
244889: 244889
189414: 6 34 153 1238 5571 31569
202761: 13 15597
114724: 29 43 92
131566: 314 419
248697: 27 183 1359 9211
299956: 41 62 118
26235: 15 55 99 265 477 1749
283870: 283870
5844: 6 974
115095: 15 7673
24130: 127 190
94996: 22 34 127
166410: 6 15 43
126216: 6 8 3506 15777
236998: 71 3338
263285: 55 4787
299860: 20 22 29 55 188 470 517
280727: 41 167
201214: 13 71 218
245426: 41 146
44283: 29 1527
89440: 8 13 20 43
191269: 13 14713
10704: 6 8 223
161489: 167 967
107584: 8 41
10725: 13 15 55
29000: 8 20 29 50 125
40678: 22 43
120156: 6 34 57 62 76 323 589 1581
104775: 15 55 127
170400: 6 8 15 20 50 71
286418: 22 517 554 13019
49463: 49463
169875: 15 125 755 1359
82438: 82438
291780: 6 15 20 3242 8105 14589
198512: 8 76 2612 24814
11103: 11103
41691: 13 3207
179124: 6 22 69 92 118 253 1357 1947
153915: 15 155 993 10261
169100: 20 50 76 190 356 475 890 2225 3382 8455
38865: 15 2591
253506: 6 22 69 167 253
264711: 264711
258061: 258061
153684: 6 27 4269 5692
49113: 27 153 321 1819
174154: 174154
281051: 127 2213
231685: 231685
162646: 22 7393
108240: 6 8 15 20 22 41 55
68041: 68041
274952: 8 34369
284724: 6 22 99 2157 2876 7909
151444: 151444
280330: 34 85 97
91720: 8 20 4586 11465
144264: 6 8 18033 24044
13880: 8 20 694 1735
113632: 8 106 134
148674: 6 71 349
204126: 6 13 2617
105125: 29 125
166788: 6 41 113
98974: 34 41 71
226120: 8 20 11306 28265
155189: 155189
235710: 6 15 27 97
274345: 274345
81250: 13 50 125
228068: 92 134 148 1541 1702 2479
10606: 10606
155660: 20 43 181
239637: 69 3473
233085: 15 41 379
185240: 8 20 22 55 421
191416: 8 71 337
57114: 6 57 167
288882: 6 22 99 2918 13131 48147
21237: 21237
204336: 6 8 22 27 43 99
103846: 274 379
29189: 29189
126736: 8 356 15842
127126: 34 3739
136940: 20 41 167
167250: 6 15 50 125 223
242943: 141 1723
230623: 211 1093
154946: 22 7043
113387: 71 1597
195224: 8 92 2122 24403
250900: 13 20 50 386 965
176226: 6 69 2554 29371
38912: 8 76
174630: 6 15 11642 29105
142834: 34 4201
171093: 13 41 321
4222: 4222
212696: 8 22 9668 26587
116831: 13 43 209
212423: 212423
102894: 6 22 4677 17149
212059: 212059
297928: 8 167 223
118530: 6 15 27 1317 4390
36322: 13 22 127
124832: 8 83 188
251768: 8 22 11444 31471
283914: 6 47319
25143: 29 867
182300: 20 50 3646 9115
58192: 8 7274
210260: 20 10513
8140: 20 22 55 148 370 407
90754: 90754
147337: 251 587
153000: 6 8 15 20 34 50 85 125 153
102075: 15 6805
245981: 245981
4437: 29 153
107864: 8 97 139
181593: 181593
247304: 8 76 3254 30913
140820: 6 15 20 7041 9388 23470
114773: 114773
117216: 6 8 22 99 111 148 407
189860: 20 22 55 3452 8630 9493
243522: 6 83 489
209712: 6 8 34 771 1028 4369
42435: 15 41 69
214488: 6 8 27 993 1324
268456: 8 92 2918 33557
159823: 181 883
269373: 13 20721
105792: 6 8 29 57 76
69782: 41 1702
62266: 62266
249376: 8 31172
279357: 13 29 57
154468: 92 146 1058 1679
262592: 8 22 1492 4103
107666: 13 41 202
142400: 8 20 50 356 890 2225
253308: 6 22 57 76 202 209 1919 3333
116600: 8 20 22 50 55 106 265
158775: 15 29 365
104504: 8 13063
69901: 13 5377
211973: 337 629
280575: 15 29 43
170367: 170367
70755: 15 265 267 4717
7050: 6 15 50 141 470 1175
207444: 6 118 293
254904: 6 8 13 43 57 76
170953: 170953
292720: 8 20 14636 36590
165754: 358 463
110608: 8 62 223
160614: 6 26769
255968: 8 76 421
269984: 8 13 22 118
205232: 8 127 202
233073: 29 57 141
208573: 208573
154624: 8 302
150088: 8 146 1028 18761
249808: 8 13 2402
28419: 28419
23456: 8 2932
128092: 62 2066
96690: 6 15 22 55 293
37395: 15 27 1385 2493
138214: 29 4766
123675: 15 85 97
91377: 13 71 99
73814: 13 34 167
64800: 6 8 15 20 27 50
190590: 6 15 12706 31765
199200: 6 8 15 20 50 83
141462: 6 29 813
73695: 15 85 867 4913
88152: 6 8 11019 14692
297198: 6 22 57 99 209 237 869 3002
226848: 6 8 34 139
4339: 4339
85700: 20 50 1714 4285
75396: 6 183 244 309 412 12566
166160: 8 20 62 134 155 335
243069: 243069
130472: 8 188 694 16309
196127: 29 6763
82242: 6 27 3046 13707
243160: 8 20 12158 30395
5214: 6 22 237 869
153105: 15 295 519 10207
139490: 13 29 370
299937: 183 447 671 1639
194970: 6 15 97 134 335
234977: 234977
33900: 6 15 20 50 113
248319: 27 153 1623 9197
277908: 6 46318
241387: 241387
75258: 6 111 113
168848: 8 244 692 21106
265383: 27 9829
83145: 15 69 1205 5543
89410: 89410
37043: 37043
147930: 6 15 9862 24655
146957: 223 659
196260: 6 15 20 9813 13084 32710
286462: 22 29 449
205974: 6 34329
120938: 34 3557
23843: 113 211
289911: 41 7071
36777: 13 41 69
108704: 8 43 316
264522: 6 44087
256696: 8 22 11668 32087
131713: 131713
292545: 15 27 55 99 197
26536: 8 62 428 3317
6525: 15 29
174399: 183 953
125229: 13 57
127779: 223 573
256208: 8 134 239
203433: 43 57 83
210078: 6 22 99 2122 9549 35013
185555: 85 295 629 2183
103958: 118 881
263089: 263089
123220: 20 202 244 505 610 6161
217960: 8 20 10898 27245
91904: 8 1436
168435: 15 57 197
43497: 27 1611
80569: 113 713
192032: 8 34 706
231825: 15 55 281
203778: 6 33963
135330: 6 13 15 694 1735
258672: 6 8 34 951 1268 5389
123948: 6 22 99 939 1252 3443
169198: 62 2729
291740: 20 29 503
95040: 6 8 15 20 22 27 55 99
214726: 202 1063
29968: 8 3746
59681: 59681
251658: 6 22 41 62 99 279 1023
19006: 13 34 43
169996: 169996
107570: 62 155 694 1735
222424: 8 27803
133160: 8 20 6658 16645
102845: 307 335
182286: 6 13 41 57
85854: 6 41 349
111600: 6 8 15 20 50 62 155 279
151677: 57 2661
93920: 8 20 587
20392: 8 2549
170171: 379 449
78: 6 13
270066: 6 57 69 309 874 3914 4738 45011
106660: 20 5333
38331: 38331
121528: 8 22 5524 15191
200570: 62 155 1294 3235
41215: 41215
57406: 57406
219050: 13 50 337
152067: 293 519
178641: 69 2589
279978: 6 46663
109388: 29 41 92
209448: 6 8 5818 26181
7218: 6 1203
276270: 6 15 18418 46045
145174: 29 5006
96790: 96790
267644: 13 20588
182160: 6 8 15 20 22 55 69 92 99 230 253
7601: 7601
280344: 6 8 35043 46724
29184: 6 8 57 76
75109: 75109
95325: 15 41 155
242950: 43 50 113
24646: 24646
262102: 29 9038
201776: 8 25222
287776: 8 34 92 391 1058
74955: 15 57 1315 4997
217050: 6 15 50 4341 14470 36175
193556: 22 83 106
192639: 192639
55026: 6 27 2038 9171
259855: 259855
186185: 186185
220989: 57 3877
203860: 20 10193
48040: 8 20 2402 6005
172929: 172929
106198: 29 3662
283240: 8 20 97 146 365
128388: 6 13 1646
98043: 98043
274091: 391 701
299972: 76 3947
138375: 15 27 41 125
71700: 6 15 20 50 239
4670: 4670
186082: 13 34 421
229872: 6 8 4789
225114: 6 34 6621 37519
218086: 22 253 862 9913
146595: 15 29 337
252580: 20 146 365 692 1730 12629
77608: 8 218 356 9701
103944: 6 8 71 183 244
170190: 6 15 62 155 183 279 610 1891
6: 6
30141: 153 197
76728: 6 8 69 92 139
97838: 13 71 106
219414: 6 13 29 97
95180: 20 4759
279943: 279943
145536: 6 8 379
222615: 15 27 85 97 153
134702: 134702
27455: 85 323
81430: 34 85 958 2395
197588: 188 1051
223740: 6 15 20 22 55 99 113
80240: 8 20 34 85 118 295
28645: 85 337
180928: 8 22 1028 2827
9647: 9647
68475: 15 55 83
288: 6 8
228745: 55 4159
65834: 65834
106618: 106618
278748: 6 27 29 267 356
171555: 15 11437
54853: 54853
184500: 6 15 20 41 50 125
242145: 15 16143
82900: 20 50 1658 4145
29534: 29534
70834: 70834
109598: 109598
34336: 8 29 148
245839: 245839
77440: 8 20 22 55
23365: 23365
273265: 41 43 155
281728: 8 62 71
180557: 13 43 323
198904: 8 92 188 1058 2162 24863
109766: 71 1546
259104: 6 8 5398
19188: 6 13 41
149526: 6 13 27 71
232490: 134 335 694 1735
127448: 8 356 358 15931
1863: 27 69
276928: 8 4327
10016: 8 1252
207024: 6 8 57 76 454 4313
190630: 22 55 3466 8665
2568: 6 8 321 428
25579: 25579
281868: 6 83 566
55112: 8 83
16605: 15 27 41
120: 6 8 15 20
171275: 13 85 155
2430: 6 15 27
266300: 20 50 5326 13315
270019: 29 9311
252902: 13 71 274
33930: 6 13 15 29
216952: 8 188 1154 27119
5146: 62 83
1877: 1877
184295: 29 41 155
215620: 20 10781
185970: 6 15 12398 30995
24732: 6 27 687 916
294351: 294351
27875: 125 223
209418: 6 22 57 167 209
207920: 8 20 92 113 230
205577: 167 1231
286014: 6 146 1959 47669
159900: 6 13 15 20 41 50
253217: 253217
195336: 6 8 5426 24417
14372: 14372
108585: 15 57 127
257788: 34 223
253590: 6 15 237 321 790 1070 16906 42265
237299: 237299
164592: 6 8 27 127
197406: 6 22 99 1994 8973 32901
131046: 6 21841
74999: 74999
4600: 8 20 50 92 230 575
236286: 6 39381
286131: 127 2253
120546: 6 111 181
233220: 6 13 15 20 69 92 230
83420: 20 43 97
82132: 82132
166830: 6 15 83 134 335
234352: 8 97 302
268120: 8 20 13406 33515
51416: 8 6427
212953: 13 16381
158010: 6 15 69 230 687 2290 10534 26335
284726: 13 21902
123808: 8 106 146
153882: 6 83 309
45247: 45247
256355: 55 295 869 4661
191885: 191885
116955: 15 69 113
58386: 6 111 526 9731
247288: 8 30911
129506: 13 34 293
154204: 76 2029
64408: 8 83 97
261178: 261178
715: 13 55
92224: 8 22 524 1441
89216: 8 34 41
162518: 162518
22000: 8 20 22 50 55 125
167313: 43 3891
211618: 22 9619
136746: 6 71 321
288912: 6 8 13 463
152844: 6 141 188 813 1084 25474
148625: 29 41 125
270061: 270061
91762: 22 43 97
278480: 8 20 118 295
240512: 8 3758
134798: 134798
199074: 6 33179
227907: 27 69 3303 8441
266258: 134 1987
64000: 8 20 50 125
229923: 433 531
16962: 6 22 771 2827
293488: 8 13 34 83
123542: 223 554
16890: 6 15 1126 2815
71695: 13 5515
22700: 20 50 454 1135
16500: 6 15 20 22 50 55 125
29238: 6 22 1329 4873
212605: 421 505
193950: 6 15 50 862 2155 3879
229104: 6 8 43 111 148
192816: 6 8 13 309 412
251670: 6 15 16778 41945
57945: 15 3863
130901: 223 587
145167: 83 1749
83096: 8 13 34 188 799
3144: 6 8 393 524
276212: 398 694
72143: 72143
217806: 6 62 3513 36301
5776: 8 76 722
283893: 519 547
49258: 22 2239
269800: 8 20 50 71 76 190 475
290515: 97 2995
80982: 6 22 99 818 3681 13497
38478: 6 22 106 363 1749 6413
131496: 6 8 16437 21916
191262: 6 127 251
47396: 34 41
259344: 6 8 5403 7204
273974: 273974
288700: 20 50 5774 14435
102173: 83 1231
70895: 55 1289
43282: 34 134 323 1273
102906: 6 17151
127770: 6 15 8518 21295
178506: 6 141 211
240540: 6 15 20 57 76 190 211
189610: 134 335 566 1415
10660: 13 20 41
287246: 41 62 113
192298: 192298
90439: 90439
221290: 221290
184715: 184715
83950: 50 146 230 365 575 1679
191976: 6 8 57 76 421
113322: 6 22 34 202 561 3333 5151 18887
272278: 272278
130906: 29 4514
176856: 6 8 22107 29476
10891: 10891
31081: 31081
238771: 13 18367
267462: 6 13 27 127
259505: 43 71 85
277829: 277829
12804: 6 22 97
132840: 6 8 15 20 27 41
43296: 6 8 22 41
211266: 6 22 97 99 363
257699: 13 43 461
6945: 15 463
150039: 27 5557
162695: 13 12515
177500: 20 50 71 125
265574: 34 146 1819 7811
83889: 13 27 239
231750: 6 15 50 125 309 1030 2575
134310: 6 15 22 55 111 363 370 407
167875: 85 125 1343 1975
230775: 15 85 181
77860: 20 34 85 916 2290 3893
134191: 134191
166816: 8 13 1604
78597: 27 41 71
201704: 8 76 2654 25213
206184: 6 8 22 71 363
129039: 129039
55992: 6 8 6999 9332
299389: 299389
241576: 8 30197
122814: 6 20469
41917: 167 251
299321: 299321
233050: 50 118 295 790 1975 4661
150478: 150478
87562: 87562
250361: 250361
384: 6 8
200745: 15 27 7435 13383
161454: 6 71 379
218254: 29 71 106
176966: 176966
100416: 6 8 1569 2092
240820: 20 12041
251560: 8 20 76 190 1324 3310 12578 31445
188943: 188943
39551: 39551
258313: 253 1021
299993: 299993
118140: 6 15 20 22 55 358 895 5907
256061: 13 19697
132257: 132257
139880: 8 13 20 538 1345
78128: 8 76 1028 9766
143802: 6 27 5326 23967
234375: 15 125
235824: 6 8 34 867 4913
30267: 27 57 531 1121
218380: 20 244 358 610 895 10919
299998: 299998
72717: 72717
51974: 13 3998
169077: 169077
222552: 6 8 22 99 281
281170: 62 155 1814 4535
103445: 85 1217
200556: 6 27 1238 5571
279621: 279621
91505: 91505
37239: 37239
118056: 6 8 14757 19676
273734: 34 83 97
230679: 57 71
37386: 6 62 134 279 603 6231
277635: 15 83 223
263943: 263943
173818: 173818
268171: 268171
231120: 6 8 15 20 27 321 428 1070
28491: 28491
153978: 6 22 6999 25663
297051: 297051
296687: 296687
95432: 8 302 316 11929
199191: 199191
69586: 22 3163
239441: 239441
294125: 13 125 181
186880: 8 20 146 365
194811: 194811
189624: 6 8 23703 31604
177890: 177890
69434: 69434
266888: 8 146 1828 33361
83000: 8 20 50 83 125
236529: 41 5769
239072: 8 62 482
249152: 8 34 916 3893
42160: 8 20 34 62 85 155
75804: 6 12634
69378: 6 62 1119 11563
163302: 6 34 4803 27217
35510: 106 134 265 335
209502: 6 113 309
45576: 6 8 27 211
11479: 13 883
249913: 83 3011
111607: 111607
219582: 6 22 99 2218 9981 36597
104285: 104285
10417: 10417
146327: 146327
50107: 50107
92784: 6 8 1933
198645: 15 41 57 85 323
139901: 139901
178088: 8 113 197
6929: 13 41
237250: 13 50 125 146 365
71765: 155 463
125922: 6 62 2031 20987
84517: 223 379
15548: 13 92
261612: 6 13 43
252314: 34 41 181
2484: 6 27 69 92
117839: 117839
68510: 13 34 62 85 155
1590: 6 15 106 265
275400: 6 8 15 20 27 34 50 85 153
109124: 109124
220282: 83 2654
9920: 8 20 62 155
181875: 15 97 125
152809: 152809
97950: 6 15 50 1959 6530 16325
15336: 6 8 27 71
121815: 15 8121
108690: 6 15 7246 18115
118329: 118329
202131: 111 1821
135570: 6 15 9038 22595
176665: 176665
150534: 6 25089
229783: 229783
197541: 141 1401
179075: 13 29 475
77106: 6 71 181
119148: 6 19858
182118: 6 127 239
288408: 6 8 183 197 244
147400: 8 20 22 50 55 134 335
79981: 79981
9512: 8 29 41
167637: 57 323 519 2941
102304: 8 92 139
89979: 267 337
242572: 22 148 407 596 1639 11026
122576: 8 188 652 15322
119888: 8 118 127
207859: 207859
68599: 181 379
190952: 8 23869
256668: 6 146 293
275848: 8 29 41
205470: 6 15 27 2283 7610
36042: 6 6007
296913: 57 5209
228278: 314 727
106086: 6 17681
250069: 113 2213
278916: 6 22 2113
102080: 8 20 22 29 55
137052: 6 27 141 188
195642: 6 27 7246 32607
283464: 6 8 62 127 279
70713: 27 97
170479: 170479
51687: 51687
146700: 6 15 20 50 489 652 1630 4075
10744: 8 34 316 1343
69369: 57 1217
182454: 6 141 1294 30409
50310: 6 13 15 43
94123: 94123
176210: 134 335 526 1315
266274: 6 27 9862 44379
285552: 6 8 27 1322 5949
119022: 6 83 239
78044: 218 358
95031: 95031
240792: 6 8 127 237 316
184085: 55 3347
162714: 6 141 1154 27119
291388: 97 3004
67432: 8 8429
296015: 365 811
209560: 8 13 20 62 155
280790: 43 6530
25451: 25451
28750: 50 125 230 575
172766: 22 7853
330: 6 15 22 55
252405: 15 71 237
215853: 211 1023
168594: 6 28099
256145: 256145
65598: 6 13 29
128766: 6 22 5853 21461
75251: 75251
49020: 6 15 20 43 57 76 190
233393: 233393
271991: 29 83 113
157508: 13 932
18684: 6 27 519 692
166158: 6 27 34 153 181
166438: 166438
91412: 91412
258525: 15 27 1149 9575
201216: 6 8 393 524
171296: 8 106 202
284565: 15 183 1555 18971
19426: 22 883
27096: 6 8 3387 4516
189160: 8 20 9458 23645
96580: 20 22 55 1756 4390 4829
245064: 6 8 30633 40844
131328: 6 8 27 57 76
138580: 13 20 41
163001: 163001
16598: 43 386
84419: 29 41 71
195693: 41 43 111
153595: 13 85 139
287337: 57 71
197875: 125 1583
227487: 13 57 307
73380: 6 15 20 3669 4892 12230
180895: 13 55 253
83320: 8 20 4166 10415
225870: 6 15 15058 37645
88425: 15 27 393 3275
3256: 8 22 148 407
100745: 100745
172446: 6 41 701
248984: 8 31123
156927: 181 867
75839: 181 419
158766: 6 141 1126 26461
151698: 6 386 393 25283
271032: 6 8 69 92 491
213732: 6 27 5937 7916
233276: 29 8044
197408: 8 62 398
107822: 13 22 29
175300: 20 50 3506 8765
144992: 8 92 197
221488: 8 127 218
83623: 83623
159452: 159452
105104: 8 13138
136758: 6 69 1982 22793
295275: 15 127 155
242423: 242423
10935: 15 27
98958: 6 16493
68391: 27 153 447 2533
254701: 254701
89125: 125 155 575 713
79220: 20 34 85 932 2330 3961
180370: 34 85 2122 5305
292300: 20 50 148 316 370 790 925 1975 5846 14615
145209: 97 1497
158752: 8 22 41
291332: 421 692
198162: 6 202 218 909 981 33027
114624: 6 8 398 1791
155980: 20 22 55 2836 7090 7799
260380: 20 188 470 554 1385 13019
277376: 8 22 197
273650: 13 50 421
196680: 6 8 15 20 22 55 447 596 1490 1639
16820: 20 29
285839: 285839
177780: 6 15 20 8889 11852 29630
88213: 88213
127280: 8 20 43 148 370
139770: 6 15 1553
252918: 6 42153
239002: 146 1637
57546: 6 69 139
160747: 29 5543
69140: 20 3457
216763: 43 71
106427: 106427
170316: 6 27 57 76 83
162280: 8 20 8114 20285
146175: 15 9745
10676: 34 314
160495: 160495
229326: 6 111 2066 38221
212682: 6 35447
211784: 8 92 2302 26473
192018: 6 32003
298332: 6 8287
221024: 8 27628
275157: 27 43 237
19515: 15 1301
87401: 71 1231
152305: 83 1835
226148: 13 17396
193460: 20 34 85 2276 5690 9673
251238: 6 13 3221
214430: 41 5230
273806: 13 21062
86304: 6 8 29 62
258980: 20 92 230 1126 2815 12949
98246: 98246
116269: 116269
127548: 6 27 3543 4724
235026: 6 22 99 2374 10683 39171
127219: 127219
110592: 6 8 27
182897: 13 14069
181721: 181721
174334: 134 1301
290375: 125 505 575 2323
176035: 85 323 545 2071
216770: 106 265 818 2045
14300: 13 20 22 50 55
285300: 6 15 20 50 951 1268 3170 7925
64506: 6 13 827
97929: 13 27 279
58528: 8 62 118
244446: 6 393 622 40741
183856: 8 22982
296372: 296372
195063: 69 253 771 2827
142883: 13 29 379
258348: 6 43058
130698: 6 106 274 477 1233 21783
229354: 41 5594
200754: 6 57 587
143809: 143809
27404: 13 34 62
167210: 230 727
43289: 43289
297739: 13 22903
190140: 6 15 20 9507 12676 31690
57226: 13 62 71
120744: 6 8 13 27 43
110671: 110671
110130: 6 15 7342 18355
22168: 8 34 652 2771
154673: 154673
166720: 8 20 1042 2605
199758: 6 13 197
265593: 223 1191
39950: 34 50 85 470 799 1175
28946: 41 706
249614: 274 911
148016: 8 22 29
124074: 6 113 183
274728: 6 8 34341 45788
175848: 6 8 34 862 21981
254360: 8 20 12718 31795
33711: 33711
134805: 15 43 55 57 209
147953: 13 11381
250382: 22 209 1198 11381
103965: 15 29 239
241044: 6 106 379
8224: 8 1028
270682: 41 6602
111630: 6 15 183 610 7442 18605
51729: 43 1203
142267: 113 1259
145382: 314 463
288443: 288443
125784: 6 8 3494 15723
61776: 6 8 13 22 27 99
216215: 83 2605
191526: 6 274 699 31921
72008: 8 9001
299466: 6 127 393
248298: 6 29 1427
107925: 15 7195
108732: 6 13 34 41
12844: 13 76
272861: 29 97
287631: 27 477 603 10653
22420: 20 76 118 190 295 1121
141077: 71 1987
25416: 6 8 706 3177
120210: 6 15 8014 20035
139530: 6 15 9302 23255
112134: 6 22 5097 18689
161636: 34 4754
130962: 6 13 69 146 1679
120107: 13 9239
202931: 202931
81066: 6 118 687 13511
10940: 20 547
282234: 6 34 8301 47039
96424: 8 34 2836 12053
248471: 248471
235479: 235479
233456: 8 29182
299991: 57 5263
59856: 6 8 29 43
75272: 8 97
183632: 8 92 1996 22954
66088: 8 22 3004 8261
282458: 22 407 694 12839
157214: 157214
154132: 22 62 113
92800: 8 20 29 50
208846: 22 9493
202579: 13 15583
259960: 8 20 97 134 335
291789: 27 321 909 10807
70736: 8 8842
119099: 119099
200528: 8 83 302
3149: 3149
128813: 128813
42496: 8 83
293544: 6 8 27 302 1359
55168: 8 862
60698: 22 62 979 2759
142071: 29 69 71
107757: 13 27 307
42580: 20 2129
187664: 8 148 1268 23458
169987: 169987
290030: 13 97 230
170115: 15 55 3093 11341
283562: 29 9778
59494: 197 302
198374: 22 71 127
289512: 6 8 8042 36189
93351: 29 111
296050: 50 62 155 1910 4775 5921
192207: 237 811
134490: 6 15 8966 22415
129240: 6 8 15 20 1077 1436 3590
179985: 13 15 71
213450: 6 15 50 4269 14230 35575
236636: 236636
242110: 22 55 62 71 155
112610: 112610
233500: 20 50 125 1868 4670 11675
248079: 13 19083
139523: 41 83
84755: 55 253 335 1541
10865: 41 265
6287: 6287
281793: 29 41 237
282080: 8 20 41 43
227627: 227627
12480: 6 8 13 15 20
199606: 22 43 211
174672: 6 8 3639 4852
70244: 34 2066
118978: 62 202 589 1919
244686: 6 13 3137
161405: 161405
81080: 8 20 4054 10135
97266: 6 13 29 43
6292: 13 22
124335: 15 27 307
136095: 15 43 211
39857: 39857
8952: 6 8 1119 1492
172194: 6 22 7827 28699
196426: 196426
167152: 8 62 337
101242: 223 454
132551: 83 1597
219108: 6 57 62 76 589 2883
233176: 8 29147
48791: 97 503
236480: 8 20 1478 3695
95381: 13 29 253
219526: 106 218 1007 2071
20621: 20621
289374: 6 34 8511 48229
230082: 6 62 3711 38347
297662: 62 4801
105918: 6 127 139
239415: 15 55 4353 15961
217981: 217981
35020: 20 34 85 412 1030 1751
90945: 15 43 141
14853: 14853
71079: 29 43 57
298362: 6 49727
155310: 6 15 62 155 167
178408: 8 29 769
129165: 15 237 545 8611
230516: 13 22 62
158451: 158451
211875: 15 113 125
97917: 127 771
162602: 22 209 778 7391
70330: 13 5410
197812: 34 5818
22632: 6 8 41 69 92
64590: 6 15 4306 10765
180942: 6 106 1707 30157
87270: 6 15 5818 14545
79948: 22 92 253 316 869 3634
77281: 77281
88110: 6 15 22 55 99 267 890 979
184430: 184430
237075: 15 29 545
237992: 8 71 419
235738: 379 622
24753: 111 223
70685: 211 335
8070: 6 15 538 1345
255646: 34 146 1751 7519
236132: 13 76 239
174203: 29 6007
64420: 20 3221
240008: 8 76 3158 30001
150599: 150599
201636: 6 27 5601 7468
95346: 6 15891
83390: 62 155 538 1345
247129: 247129
50765: 13 55 71
73732: 73732
116885: 97 1205
124244: 349 356
178688: 8 349
63104: 8 29 34
286938: 6 57 839
124622: 124622
253644: 6 69 92 2757 3676 42274
244504: 8 13 2351
267667: 267667
210512: 8 118 223
275682: 6 22 12531 45947
79904: 8 22 454
199305: 15 43 309
283620: 6 15 20 29 489 652 1630
166200: 6 8 15 20 50 554 1385
212505: 15 155 1371 14167
52506: 6 8751
217701: 27 99 2199 8063
75944: 8 22 3452 9493
129352: 8 76 92 148 874 1406 1702 16169
187704: 6 8 22 27 99 237 316 869
8: 8
176485: 176485
100953: 27 3739
201690: 6 15 27 83
115760: 8 20 5788 14470
62742: 6 10457
232966: 232966
263096: 8 32887
48: 6 8
169980: 6 15 20 8499 11332 28330
204917: 204917
9829: 9829
214124: 398 538
300: 6 15 20 50
290816: 8 71
45625: 125 365
7776: 6 8 27
43000: 8 20 43 50 125
95033: 29 113
77405: 113 685
106826: 62 1723
149283: 27 57 97
68300: 20 50 1366 3415
101093: 43 2351
117725: 85 1385
43520: 8 20 34 85
130985: 85 335 391 1541
78058: 62 1259
197112: 6 8 43 573 764
64266: 6 10711
104210: 34 85 1226 3065
145020: 6 15 20 7251 9668 24170
191115: 15 155 279 685 1233 12741
30358: 43 706
297527: 297527
282722: 22 71 181
293495: 293495
153964: 244 631
46775: 46775
4544: 8 71
179703: 41 4383
299970: 6 15 22 27 55 99 202 505 909 3333
60444: 6 69 92 146 657 1679
126496: 8 118 134
276984: 6 8 7694 34623
36994: 106 349
258686: 211 1226
77064: 6 8 13 57 76
206982: 6 27 7666 34497
204133: 204133
239660: 20 92 230 1042 2605 11983
61823: 211 293
119853: 27 69 1737 4439
206793: 27 69 111
219064: 8 139 197
70512: 6 8 13 113
249717: 13 57 337
149864: 8 13 22 524 1441
41992: 8 29 181
22056: 6 8 2757 3676
37199: 37199
252855: 15 27 9365 16857
234744: 6 8 29343 39124
252251: 252251
248886: 6 22 27 99 419
250510: 13 41 470
182456: 8 22807
50268: 6 71 118
136935: 15 85 153 895 1611 9129
187174: 13 14398
274280: 8 20 13714 34285
181908: 6 62 279 489 652 5053
246070: 22 55 4474 11185
244096: 8 3814
124811: 124811
137500: 20 22 50 55 125
128792: 8 34 3788 16099
67509: 13 5193
142367: 127 1121
