5960 8
24839 4
20 14
730312 588
341514 14
17310 488
97378 72
43294 8752
14694353 68
6325866 158
1915173 522
1608 38
944 43778
453 167
940 34
107861 16
61008 102
564 2489
158 32
192 89
1 61
11663 2
52966 9036
2376543 2
80463031 10
15849 2
89393 10559
924 30
115 237
31249946 32
6174 20489
336819 626
12052 78
407 179
747370 130
36273 5658
25711 25867
22597 240
25703 2
14 4
1 36
48217 3960
1536840 650
250 109
8471596 118
28 329
13 8793
475 4
2 12
311 3656
374435 2660
567550 138
37994 2
86543917 6
9953 21672
249838492 4
6195 5978
373274 16
249896008 4
56 137
8273 8
2221 2576
249819644 4
59 196
6660655 150
249783178 4
51 309
313 932
177 48
19 331
4534 40405
264732 3750
1510078 124
36156 15456
26098 1006
10670522 38
19724 4
31241910 32
12 421
13538 104
34 370
3720 9884
6940840 144
53 98
35839 17836
14039 32834
764 27374
235 102
206600853 2
148475 6584
8810 8
1749 2252
1159 7183
4583 40360
1080 43647
40461 2
499977009 2
131 112
77330 11998
2554 6
65904 13740
9489 5279
8 34
55503882 18
8118540 122
6701 38518
76488 12114
2786873 2
9217 70
18 48
503 34
4 1
22 121
996 6598
136 220
5884 66
669 116
12883 33651
577 708
12119 34211
186 270
38 1028
22807 28
3015 8
8284 24107
429 96
15582 608
10667 3784
1515 1698
4924 76
3 361
376 10
4 4
8535 29729
80247532 10
5050 16391
1182349 396
1435 43295
630129 36
79 36
1306 52
1741496 2
7608 13302
69 157
4355 10
1801 10878
9329 4
13264 33380
6279133 102
2126822 274
12747358 64
7 3
258 104
17198 544
3095 184
55551040 18
571 108
22042 27809
7609840 10
10666 16
44 37
385 94
10465 94
18 189
87 78
205 151
8763510 74
2730951 366
5041 10
2053 26799
56677 15514
280 12
2904 20
11778 3882
118 169
75314 3022
1395624 716
22 4237
418733 2
32251 12
460215 14
2717 9844
12671 26
444 42
241923 4098
1890 42227
94 289
180011 1982
83253646 12
5504 110
16 158
1038 62
399975 2492
2390 42391
27 761
657 68
362 883
16539 6
33 334
3517569 284
19 4
35595 2
97 259
1009 52
806 6769
1528674 654
23558 4
49 283
1921 12
62885 14270
17359 30612
722 2374
846590 1180
23 11
397213 162
19 47
769 64
10983 35047
1761 18
8 41
3091 18
1257 23593
1520 10
5473 48
33 2
86049354 2
18507658 54
8370 968
981 18
45 787
11003 8
27066 2
17 44
8565 8
6411 68
6354 14
284343 3492
251 139
65735 13763
37390 18
27854373 8
289058 394
3 11
16786 48
528 134
133 132
49418 2
117 2570
36 68
78 78
280 417
409 967
49 872
6948 6
4064838 246
1804365 554
2647 7606
37189 1024
1706451 6
25605626 2
7 69
29 10
3611 1171
213081 4638
923 44
2966 98
20457 134
218 26
3 124
109247 16
3312 3578
13265 28
352 54
16954 4
94854 320
8 435
780374 416
691 130
179513 2
1523 64
73992 3816
499571175 2
399 30
5452063 4
308 496
1357 16
576 80
1589 10
65950 13732
77845 4
32733 234
11619134 86
1668510 2
17369270 50
104692 9148
297 80
99514 6
172 180
4461162 224
616014 1620
83 26
1432248 698
306254 284
3 250
35736 2
147049 6646
838 108
119581 8088
165667 34
958 24192
1052 538
135 318
2144 34093
100 268
738 12127
21 23
288 2
97 138
211 142
982 34
3307610 2
30427 66
7356 4352
56 177
4408 40510
5423 39623
17706 30376
424 82
110547 8699
20280 28817
190 293
1629 8559
59 202
1687588 58
12114 2
1395263 716
3 44
867 2072
134938 4
6664 4
3971 6238
22 114
144 269
62073 194
1492 3676
1385 64
14704248 68
746661 8
3815 934
70313 2
8658 3194
250 1038
3645 20
1047176 8
6846528 146
3447995 2
4474 40458
18 305
15 18
3629 41222
139 1079
1179633 2
337894 94
41880 2
470 178
100 1190
168 2
54129 144
1251 2670
10629140 94
570 12
172 66
233327 1588
5 20
46 375
36296 712
59924158 4
5825 854
152 613
96 41
1 2
9454 10
221 2583
14277805 70
9423122 70
271044 3662
43241 148
66442 10930
18339 4062
97 6
155 143
491 3426
14267 4
1530557 4
74922 990
278 104
4346 22
109126 8802
1184996 28
111808 82
13259 33367
22050 2
58972 16
2125527 470
31238261 32
23927 26776
1529 4
71 213
56362 15586
14928 356
1487251 672
263417 3766
38308 8488
11 7
779 4881
488809 12
1349751 740
166517152 6
12476 3596
248734 12
3130 270
5 8
3936 2
14949 2946
2560 358
22 4
326081 28
952572 56
4784 20
3550 22
2043 44
1500 314
175 256
155 8
50 309
1986 48
71421944 14
279 967
2878 41928
21579 2
1294 166
44 1022
83 2
12 201
4424594 226
36402 21254
1891 8256
19705 30
345426 2882
8068 6
2408 5329
201063 4146
218 214
22626296 38
32 296
6351 2
83266039 12
2210 2300
736 2207
7939 10
613 58
164 166
196 205
105937 9046
317 2055
8200 19255
1117 10
202882 4866
10140 35702
582 28465
1879532 38
5 143
19798 5244
559 54
172 46
158 44
10 17
18 6
917 43793
224 40
624 120
80 158
9 386
24619 8550
354663 2808
235164 4214
38293 14668
8086 5593
18827 4
2 30
68 22
5580 14
138 12818
817 700
1110222 900
13147369 76
533586 176
333 44
1713053 26
1255 43481
18825 29683
83321254 12
1235 62
2310 5000
10693 106
226 2061
5057 538
118352 554
27 246
499927203 2
24786 26336
51 157
8289 37192
3473 2
84 144
14152 6
15 266
146779 502
224 256
14043 32811
177 5405
943 94
6498 938
435 18
22775 4
82664 4
2536 3921
404 7636
4063951 246
25634 25909
10033 1078
226 1183
5451 39599
130 169
71 340
60 12
109 162
270 149
43 323
42 189
17573 4
61 254
405 168
2128 8008
58 144
6797 136
106 126
151739 14
3585386 130
79 181
4499971 222
6367 10
1644 2920
89263650 2
53194 3364
59954 1114
2222 1930
371258 818
117210 8237
45177 20
191119 5160
2355 80
789 24
782 3562
593026 6
8 128
40029 19982
48 44
9 43
8920 922
419 1700
746092 106
8889 6080
61359963 6
155847 176
963 68
50 139
28091 56
5069 39932
1767 14
4096 1
58916 5408
109802 4
19 115
35036420 2
1669 54
16223 58
6969 8306
63 290
13869 2
2621 6593
287 44
35679 240
253 259
9239 36418
1181 32
1801790 520
32185 184
9128 58
872 836
141 92
10878321 8
15006 30011
693 3734
140970746 2
7 214
800 1322
2407 10868
26 407
21849 90
931 3119
31246586 32
34011 2
499524986 2
1 73
718 46
40 83
608 86
56581 6
64 340
758 68
24193 13102
270 230
41658843 24
163281 6
116309 8296
135938 4
9786 35981
17251 30666
13 6
361 136
179678 346
21845 2
340 144
7690892 130
8248945 18
547700 1822
1711760 584
294 32
305 58
34 304
9890 25847
14591784 12
194948 214
45 103
2004 10280
234 1120
44373 2
243865 972
5157 39844
377 86
18037451 2
170 213
1999 13440
5946 116
428 92
31187 610
9979 8754
8509 6832
36386 26
398 82
872 104
7 8
1013 43712
55522758 18
526 2314
2586 270
819 104
10622 32570
166652422 6
5225 8
16178 31372
22770 2
15966524 4
1149168 8
4406 20
266870 352
13670 464
225801 3800
320 2
2740 2713
3016 22
5432 124
124914672 8
2 1
35708147 28
6084 39043
4078 22861
2249 42527
59625 50
179160 384
64 1
85613 428
20 22
80514 60
29736 23952
693 2935
2933 662
166541518 6
627831 1590
3796 1966
493 132
1190 2
392 118
75039 12314
418 598
3675 20
11508 84
61 71
147 116
145378 6
31109 23368
345 1418
5892 16793
3810 2
65 56
57 378
602 80
398479 24
33 24
2 10
5080 8597
40 402
1456049 686
365 142
50 62
5608 7758
67052 58
246 44459
306 122
3 15
1314 32
18347 4
1 6
5 9
542 44176
773 3692
34 4
59885 14
3614 16
5524 12
15621 31742
99054 792
62 366
979543 66
501 18
20 194
651 2
24 375
17847287 56
38427339 26
105 14
57389 15362
1321159 756
11 27
5 10
3442 156
3987 20
118844 4
30 14
6656 2
1186 43549
1552238 644
6 30
37052 20720
7379466 48
2346804 426
146 1192
30 2
513318 1944
89310 10562
183 200
8 345
3594 41270
6979 24144
4341 40570
11715 2
92 157
9296128 78
5108 9048
1297 66
249827198 4
31 1066
29528 2674
34880 2
2271 138
719154 230
23790814 42
349 100
702 3218
1083484 922
2486 116
246 236
5150004 194
37 181
207047 460
1274 11411
275 202
376 60
81968 11404
13 425
3143 58
3106 256
250 4
16325 478
30998 23416
2834 26
49 194
17 1003
259 244
35213 4
15753 6
1617508 618
17076 4742
6770 14
32618 22721
256 4428
100170 3720
221 236
8 275
24 135
3842546 260
320 193
45507 18284
51034309 16
104 337
1574 352
90 1114
122 40
1011 60
114 236
381 1046
9 166
230 608
189 664
10526 92
59 391
1689789 320
8910 34525
26548 34
44190 18
1 18
608591 1640
17850944 56
24119 11120
18557 5788
1193 26129
4802 404
87714 10736
6404746 156
61842 14474
7080 16229
1053718 948
346504 2872
3575 800
9874 35920
352388 2
82 78
309 2123
76148 12154
9611720 104
18056 30161
81 297
99961166 10
312 138
68642 13276
4640 2
63974 14072
45 1087
7134 5286
3198 2
187 10
63 194
494527 1540
210225 54
3577 41283
1713 43025
9698 52
210 44501
1033 2224
2833 10709
7634 1117
544775 1832
36 287
321 216
2964 8476
30484 5080
99924571 10
2 6
850364 1174
469 24268
2126 20
2676 36
6385 12
634200 14
30 266
40 44
7373 30119
39941 20018
3133 4
24155 314
5311 1318
254 1205
4137 1496
14886016 6
12142 34194
121 160
1146 438
327 866
688971 90
3152 8
75 281
24883191 8
249869309 4
4500 6804
104598 6
13515 2
26204405 22
86453 10874
5 30
48 239
22761 27416
43 12
167 288
690884 1280
5597 39455
2098 16
6 308
83297403 12
14 298
710 10
3714 32999
31928 2
166606417 6
141 138
723 6
28 12
238 37
326 142
164 202
145 583
73 6
166604536 6
42870755 2
1132614 882
116 80
16056 6
55528875 18
34 337
269519 2
3759 20
57830 82
616917 1020
2630990 380
2084 340
1 82
1364 152
165292 4110
1223 14
1332 26
483 68
33908 1382
2048 1
998 9684
193 46
3 5
47 8
149 1171
712406 1402
31 16
12333 34043
166 37
194 44
29 385
543 38
3529 1312
733110 1362
5905 6932
189 211
29219 2
430 174
192 736
3145 138
315741 548
5068282 156
19618 3628
1668 56
227 264
52908 114
573345 42
404 1058
1226452 6
254806703 2
33628154 16
15606 21176
62458066 16
1326 302
93 272
30906 228
177911 2770
