511 12
42315 2
68 2
10276832 64
7533 176
1015 3372
679149 12
7660 36555
48859 17364
24420 26524
24184 26650
10 122
87779 10726
253 103
118 305
1280 1862
537 2738
3592560 2
286 16
11095 4
1 61
20 74
208 24034
250387 36
14730 24224
165 275
73090 12594
7730 8
368 169
2286 42480
46068 5849
79387 7044
3062 88
55 79
451391 152
172613 5506
24243 26618
147942 54
1506 12
11 2
3 14
1578 23219
77504 11974
584 14
1173201 852
127 43
773572 48
64 10
5 9
344896 16
5047690 198
925 8140
221 220
7983 32797
21700293 44
71387724 14
7323726 8
3558 1554
184896 5328
38 56
52 308
154911 36
698893 1428
89 166
1252702 798
6053 39070
25 85
23405 10
502 18
14958 2
99960745 10
25510 25972
376 35647
3325248 222
1065 12725
69191 11198
95 321
681107 1466
71 281
5198 464
17480 2
2472 10483
249865529 4
39 107
6576411 48
1810993 552
80196650 10
494 122
22596099 32
3168 41647
510 44
1993 1318
148710 188
255066 3890
139537 6988
38 52
1644117 608
87 103
499641645 2
4605 18
22872 27344
101451 150
21 18
59692 14886
16473 11159
199534 4950
3010374 332
1191608 4
24091 40
939 2
251 248
4 1
2273 4
5312 6481
43 71
52434 12
540 12
166519281 6
21552 14
1353436 738
157 54
1973 398
294 313
544 10
927 24852
34 40
958388 4
11635 3790
995 3062
682 790
2495 4
119 2
2 6
393 35447
37583 6242
1327 13928
6181 20973
60878 14648
218 10363
212 16
90 72
54093 62
48655833 14
106 353
16 71
5287 8283
23 51
2499101 400
39481 5268
1909 24390
4010275 150
3 5
108 24
16851 572
3595 118
2282350 438
2523 36
7258 38028
14982 1158
750 234
6 40
56 77
76 778
51 294
654 14
122 320
145345 5872
13487 33206
18 118
5170066 112
618229 1614
405 2
2005 4
10658 5482
22 70
153369 4670
3163 41659
32257 114
1382 578
2907 66
31865 110
416290 48
3 1227
26216 2
55520676 18
5238 23702
66 73
4747 17193
22653 27464
145 1022
433 18
25 83
10515 35419
10059 35780
807 498
57 83
705 452
3748 12
85 24
35597 21551
5 8
478 16
20 88
1324 10
4002 4648
54399 16022
77 64
25 418
226 126
499891986 2
2715212 368
284727 8
21413 28156
154 6
56051 1042
22 4
9 118
609979 1636
29 98
241 6
1220 2
4436 17245
1358 4
1236 270
2 10
100821180 8
53600 16202
117810 44
92 110
3054 36
111 35
16600 4
454 4
3 68
76525 10
1168 4
2005786 498
1828 4
14570 32452
95612 4
5030219 142
8120332 48
4 10
232 921
163 162
1301 62
11 97
33520 250
83 2
30 37
152 485
152 608
851 172
1581 6
44597 18559
4389 40534
4614661 10
45698016 2
3047 8303
642160 22
2 23
175 4
119682 78
9099 36529
18 32
1522 540
31638 164
28 37
3 40
431 2951
107495 320
1118 634
19 67
191 40
44103 1068
34 167
7320551 46
9 130
25572 8
336 6
11798 12058
19139 29488
5025 18
800 10119
183485 4
988 4
22 120
23 209
166656672 6
7241 70
388547 16
207776 4756
344572 24
24412 26478
17682 30389
1695 24
19640 34
88 58
99926869 10
4908 40067
185 4
21194 28289
8059 5680
6737 4
20 56
57105 15422
33 44
824461 1212
250387 18
918 25404
405486 2
5045 2
65150298 6
19 120
102914 796
8 17
18 26
3014 2
48 392
2087 4
22650 254
1889 1568
2923 5164
63 51
729921 1368
4629 40316
35184 21704
2438 2
45260 18364
87787 10726
13 73
5184932 10
6871 10
124187 478
29 262
486133 2052
9 52
527 1060
39516 12
4103 14
292888 102
39 51
17 63
4401477 8
82472 500
14 122
90020 10490
1362 2129
510 1889
688 448
27129 1980
246 1009
32216 2
2434 802
32832 22637
581 3054
11265 34852
506 13
8 22
8320 37155
19082 26
225 1369
1105 8434
62 149
2465 2
744 554
53 98
504424 12
12037 346
9253725 108
231 2
389 190
8563 11071
20 20
5 66
412 4412
63485 4252
1936788 2
105588 2
288 2
1 2
61 48
183599 32
3245990 308
47886 11870
437166 2280
1098851 2
30340 4450
744 10105
260 2
2481 26
317602 4
20 333
1148 766
6912217 10
16961 2
1628 4
38416 20538
21250955 4
204337 46
1829623 546
31 31
263060 2
41646603 24
49979610 20
3814 41055
293 22
17 93
249768065 4
10257 818
27894 24797
499745633 2
4022 24429
8 8
2637 9107
60 2130
76064 12164
32330 22850
122870 272
1847120 2
200 919
14 4
22 28
10658373 8
216 463
11 7
1468 1114
2597673 24
614 4
163 272
317 20
9344 62
1702 30
12 8
72 347
916 76
15303 31946
156291 2
249907778 4
589 40
3724 112
13349 34
22 16
46 76
783 43943
499825974 2
4378517 20
148 430
12817023 78
43 184
3891384 6
19950 27065
1001 52
13165 25348
22145 4
3547 16
499682981 2
619 2749
491 3431
771 12
1056 2
11449 4
66 316
50151 17030
47226 146
4903 28342
82 30
16663 31051
32602 22728
26348 17182
2450 7169
58 88
3008 22551
2290 18
45 92
870 2
9 21
7 13
1153373 866
230 40
987 90
37 64
113 290
406366391 2
499913336 2
2065108 484
13000 27211
6720 2630
49 363
1 28
76 76
65 71
14983304 2
382 1028
126128 7688
44771 18496
196166 280
41 160
2960 8176
6199 38937
578663 1724
85638 10964
7 67
458 4694
6284 920
10067 610
223 2868
429 7661
214 40
37259 20944
17233 30687
20523 2
1392100 718
2105 2
22646 2
142 24
12 138
5159661 6
1270 4
77690 11950
74707 910
590 14
75055 88
190 22
278 22
48 550
38000639 2
450729 44
165082 5946
58705 15090
36404300 2
529 922
252658 3924
124 60
708 8
6 15
192 104
27269 2
810 8
367 24
16 107
892 94
35 222
71799 1104
815 8
263 484
12 114
534792 8
18036 18461
312 18
665341 1500
36 64
126942 18
1086 43341
1217217 756
9672 2018
668 2452
21619 8854
32462 22798
194 1168
670 44047
5079 176
98 200
3507 2126
713 1916
823 12
42638 19144
15 30
212 8
25294 136
1468 688
12930 4970
3471 7981
75373604 10
5398434 2
44601 2
374 146
59091 66
249911554 4
1910 2
16777216 1
6213 16068
1124 512
2 40
2989388 28
72 312
125 732
261 4979
445 142
29 97
49791 632
220 108
3347 1100
3377 28
19986521 50
40 64
16013408 8
285 1289
22790 20
705800 10
284 20
108875 100
15006 30011
18347 506
4306 10806
160 12
59 3812
4961 4019
59 82
351375 24
68805 98
9417 36277
25713 2
12492762 80
1 73
2689 30
711 8
502 10
257 828
813 44
39699 2
262795 3738
1835 4
166611741 6
669 416
5260019 190
78 1264
468878 2126
565188 1766
3 9
552 98
248518 78
58 333
38 97
16046 31462
7077 10346
1364413 732
19727 29143
13 18
21161 2
19 58
1576 24393
40699522 10
831 5379
159 50
26131725 2
868 733
132 54
15642 22664
19983017 50
24577 4
800769 90
53 92
2217004 330
17204 14
818 2
7244 6814
30091 14722
4866 4121
405 736
28 407
265 180
48 2
22778 27398
10861 35149
5847 570
49 1025
1122 8
35586 9102
249869044 4
561 30
492 44221
308 164
723965 52
183484 54
9 41
469 9640
1784610 2
4142 24134
11 8
8755033 4
4190 8
693 752
24993685 40
2 1
10660 35310
8061923 124
1064624 766
9125 36506
33696 210
219 8480
33 2
2195 3479
386 2
32 2904
4462494 224
1606049 4
162 1694
6245 38910
124919597 8
442079 14
590 2
104 56
2850 2
9086450 110
467 514
65 199
3498 212
526 12
2 109
140 587
175315 5614
9608 166
31843 20107
2177 4
55 67
28 101
2143 4
97022 40
328 6
7 3
82662 218
33 399
83255533 12
77 14
46 10
194524 120
4661820 2
336817 2956
51 80
130 4
28 72
3347 16
5 4
41 2
13556 33163
936064 10
49 4
31 758
32 50
90 335
1493 43234
45008219 2
13 64
1011492 26
1231 6
229 6
18 72
24 66
109 44593
1144 43576
849 2
172493 5702
13661 33091
17 26
1 11
4142 104
6377 10
1553 526
96 8
389 191
1556221 642
45883 18184
8 29
229 18688
140733336 2
39146 20282
4102 94
9 6
3873688 258
10942 35083
33 319
185 28
20815308 48
2408764 106
34106 22126
238 28
756 12
3172 23029
28576 1906
12 51
65233 13846
13606 28
2123708 32
53 82
20610 8
9648830 68
25523 25954
34 96
12 2831
10199786 98
136455 2
1146 6
14893 32241
7441 10
37784 1456
73 6313
1924 4
49 385
7462043 134
3 436
60191 16
355 334
71 16
32991 156
24992180 40
8 225
404 20
211 322
30 74
117 953
624 12
25042 26209
46636 1872
7 102
35032 21766
2237 12014
44809 2844
1943 4
905 104
3351 8
26835 25314
796 10
6553 38630
558251 808
25 373
4730 62
3 806
421 22
730 12
39 276
334866 2
92 326
70108 12
6309 54
4834 66
37428 2
82445 8468
896902 468
4485 204
91328 4
315 2
37330 20917
14894 32237
6913094 62
12299 14219
1966369 300
125078 44
11078 34987
121812 7944
249850409 4
81271853 4
47279 17795
2048871 488
1396 2898
83326401 12
52945 18
4671 2
253 4193
11673 34531
72259 12714
804193 1242
71 22
24989572 40
6 354
369712 2694
150 54
5432582 184
891 698
59289 666
116 8
809 2
626 8
234439 3376
109822 166
57975 15242
166526773 6
75 533
75506 12242
18537 374
306950 164
295293 8
7909 37498
21896 2
36 401
15891 4016
21750 14834
19515 29262
14 2
499969545 2
570 41531
3033 2
177 26
1327 4
15 3568
1374 56
38 8
12599 24900
38457129 26
4890 12
3218 1861
491 1616
373 2575
375709 6
3915606 20
247869 4002
91 267
55218 6
550 382
10657207 4
2324 4
174 12
154952 2246
1994 42760
5242 2748
5344 24
19314 2
1957414 342
62252 14386
145 4
14 84
162587 6034
345 2
1558 6
787 39966
55533583 18
1581 2
139 142
38452884 26
35 357
65 8
9866 26861
213 32
9153 36480
984 96
25 4
1 33
74 62
1013 4
26 196
117961 6
15 12
4207 40707
1491 7871
550501 1812
1444 16
3336 2
5175 39841
136 319
6799 16
153 47
366874 4
173648 3838
484359 2060
6919 66
1 82
487 487
799784 1174
74 277
979 82
618 2
1599194 40
32 1
2339000 34
9 30
1 7
24 12
1338 582
764 43960
20 25
124987701 8
1 36
238 37
21533 2
11804 2
191905 12
62825 14290
3880 8652
118 328
454 22
210 218
66243 14
103921 6
3035 26276
368807 976
1547 3548
60 48
218 28
1084 1816
20637395 2
140 674
872 1867
24748 21229
172512 4940
14997 25667
499669245 2
1151 406
312 174
267 1828
548186 268
