22 368
614 142
1 25
1337804 166
195838 42
2598 2216
637 982
383184816 2
15445 31859
5719 39346
1660 43073
21 87
2376 42407
7812 6
314 142
486525 20
2423 2564
184285 28
45 74
2237 20
1 61
32 89
56938688 14
237839 20
114171068 4
72 273
23808738 42
11355 8
222 204
68623 13278
35595 15107
49309695 14
674 562
16 73
12653 5692
1989651 162
7384 37942
1561 990
19466 2
2 6
14 14
14907 19770
3074 41744
3684 2
189473 5206
315 12
3089 9637
22 28
8 8
3564 1194
99999037 10
2474345 40
1280 34
51788 8314
225186330 2
141578 6892
2026557 18
9947 854
12699 33777
33 71
134 166
8226 780
1162242 860
100 322
2143 42628
29405429 34
2 93
352 250
195 44
847 60
33318795 30
55538185 18
105542 1946
68854183 12
7381 3528
32523027 18
22034 4
12120 34212
94 248
283338 18
19163 4
5223098 8
3041 41778
604 16
439463 1274
124885035 8
32481 16136
6158 8
193615 4164
98776 9646
17 170
616 2357
1125487 76
99925267 10
1265 43454
126 38
1729770 578
30980 2
7432 37891
907 60
499883528 2
15121 1471
2 27
499595654 2
487 20055
19224380 52
31221548 32
4466840 2
2334 276
686 2
4316 10
4 1
29 111
417396 210
230 28
93 1097
13 42
59146 14992
43 576
4851357 206
394 24
64009 4
796 733
298 24
48846233 16
69 30
750 1652
1423 6434
3263154 2
6511 138
264 20
145 4
4 4
65403988 6
5695 16055
7562282 20
1891170 234
6722 38484
49492428 2
578 8
335 8
2450 1880
4084 12004
795 32
32 402
5166 5946
232 181
3376283 296
1149294 252
1725 19543
13730101 70
5 4
112 58
3239 1820
588 842
201472 4900
72 179
22970 27300
40593296 2
809 446
34 102
11 153
27 730
31 217
4706 2
7 220
1018 20124
249764855 4
73 64
22769345 20
945664 1056
2 23
3225 2
20145 578
60 61
50729 2590
75530 12242
550919 2
5940 48
10913 46
2587 2308
72850 1138
691 718
339 56
7244443 138
36322 6246
324 12
1631353 514
1633261 612
99033 8
34689 2
551 16
384527 2590
83323993 12
1116 570
3435 2
4330 78
1905 12
1662 6
166637526 6
30 2
621 8
12 75
1852 6
1674 8713
9082271 110
6 111
24 131
29 392
1238 43492
58486 15132
5813 206
2949 41860
114 2
4859 9598
48 2
77 340
4945583 202
593 8
614 2
108 184
2045 36987
176 28
146 776
1 11
270901 1218
3544365 282
213 2954
241 247
105 971
32 88
1697 40
259 4
338 16
1541 170
93 26
40835 19714
448 58
8798 36767
432 768
10216 16498
195703 1524
7 8
34564 16
430 157
6 180
164 40
1364 3211
6 37
5 49
214011 2
1580 184
38668 16
1 50
197128 5008
21728959 46
2469081 26
2195338 42
5869 4651
1723172 8
114 12
35 14
148464 60
15613123 64
1871 38
345 1000
684 3794
40 82
60 9
7260 708
48873069 2
246308 4
44 73
347 8
2121 8657
7534 10
24113 10463
151 30
4657 78
834 2
2740 13649
13147999 76
16209 6
14056 4468
47157 14
222 36
299 16
43 246
131879 7372
1663 466
876798 8
1687831 592
1100 964
7431 23817
48416 17482
20 247
4415 200
33 74
14859 32259
914829 1092
14 29
541052 1844
23206586 2
111 317
1458 2
3996 40891
366 56
7137606 140
46396 76
12607 25256
34340 20
26 250
91236370 4
211 42
748388 62
63 14
6 21
2505 2
666 128
58 69
518 2506
32726 200
7351 6510
18 241
341453 2914
499810634 2
1734228 576
12 341
33252 22466
3029 41793
41 46
22805 3248
10604 4
14205 3708
62 363
104964 9126
93 14
1965 1451
215419 4
9 320
1442 11744
7 118
144 113
682 6885
1741 9663
24 99
2939 41865
1083 2405
877791 6
16696 18
43296546 2
715 691
160 54
162911 28
29393 24107
5844 972
62455597 16
24 51
56 2
189398 5206
481 478
1938 2656
209225 314
271 232
177 48
422 838
4545 2
17856 200
18021 210
17239880 58
7 16
3721 18
18719 21307
10 10
48 68
2706686 8
222862279 4
2000040 2
24 641
230 4
1 2
54 20
1427 3002
219513 4508
13893 6674
10088 35753
188661 48
24707 20743
5377 8959
15 27
15 390
1208 1556
711 38
1551085 4
6563 4292
237 48
14 76
15672 31706
2168 5247
1286 1289
389698 2556
30 89
288 864
6551 38639
3704 41160
92099 10282
71 46
1137 8
151365 6464
29057 104
55541947 18
3719 41145
3097 18968
12 6
642943 96
605203 6
456336 2186
2746768 364
10485 5702
822864 2
10895 50
33 2
28 16
518530 28
277 957
5 9
930 932
1339 12481
747 6
907 58
3148 28
174 842
247 54
30 5
1213 16
4713 8
87714 10734
1263 162
2280838 438
19650 2
1444 300
342 781
363 2
329 44
27591 24950
22279 27682
1575 11415
68373 6
267 44452
54 351
755 8766
7289620 100
83 267
335975 2320
6 169
9988 4
2927 41875
287327 4
1192618 4
22 99
4118 2
10268 8
7686 12
167 44550
137 2273
59313399 14
8 97
89421 10550
19990422 50
1448605 324
486590 100
18 105
1935 37871
22 334
1347 6
73 18
43 16
1 34
27096 25184
17 86
1343 46
1854 2
3742 24
1680 22890
133570 7284
237048 4178
2712 18190
52181 866
106 251
244 4
145 24
1 114
20382530 4
81 827
167164 5874
1376281 726
14013 1542
29783 2
260 4965
166552258 6
90508 10444
14511 32497
1685 4
329677 148
6234 516
679 3446
18 4226
78452 764
