2 4 3 2
2 3
2 2
2 1
1 0
0 0
3 4 3 2
2 2
1 2
2 1
1 0
0 0
4 3 3 3
1 1
1 2
1 1
0 1
0 0
0 2
3 4 5 1
2 3
1 2
1 1
2 2
2 1
0 0
3 1 2 1
1 1
1 1
0 0
4 3 4 2
1 1
2 1
2 1
1 2
1 0
0 0
4 3 3 3
1 1
1 1
1 1
0 1
0 0
0 2
3 3 3 2
1 2
1 1
2 2
0 1
0 0
4 3 5 1
1 3
2 1
1 2
1 1
2 1
0 0
4 3 4 2
1 3
1 1
2 2
2 1
1 0
0 0
4 2 2 4
1 3
1 1
0 1
1 0
0 0
1 1
3 4 5 1
2 1
1 2
1 1
2 2
2 1
0 0
4 3 5 1
2 1
1 1
1 2
1 1
2 1
0 0
4 3 5 1
2 1
1 1
2 1
1 2
1 1
0 0
4 3 3 4
2 2
1 3
1 1
0 1
1 0
0 0
1 1
4 3 4 2
1 1
1 2
1 1
2 2
0 1
0 0
2 4 4 1
2 1
2 2
2 1
1 1
0 0
3 3 3 2
2 2
1 1
1 1
0 1
0 0
2 4 1 4
2 2
0 1
1 0
0 0
1 1
3 4 4 2
2 3
1 1
1 1
2 1
0 1
0 0
32 32 3 10
1 16
1 8
1 4
3 25
2 19
0 15
3 22
2 11
1 15
2 23
1 6
0 3
0 2
4 3 5 1
1 3
1 1
1 1
2 1
2 1
0 0
4 3 4 2
2 2
1 3
1 1
2 1
1 0
0 0
3 3 4 1
1 1
2 1
2 1
1 1
0 0
4 3 5 1
1 1
2 1
1 2
1 1
2 1
0 0
3 4 4 2
2 3
2 2
1 1
1 1
0 1
0 0
4 3 5 1
1 3
2 1
1 1
1 1
2 1
0 0
4 2 3 2
1 1
2 1
1 1
1 0
0 0
3 4 2 4
1 1
1 1
0 1
0 3
0 0
0 2
4 3 5 1
1 3
1 1
2 2
1 1
2 1
0 0
3 4 5 1
2 3
1 1
2 1
1 1
2 1
0 0
32 32 15 6
2 28
2 26
1 12
1 7
1 9
1 3
1 3
1 1
2 21
2 2
2 8
2 10
2 1
2 6
1 1
0 1
0 0
0 5
0 4
0 3
0 2
3 4 4 2
2 3
1 1
2 1
2 1
1 0
0 0
3 4 5 1
1 2
2 1
2 1
1 1
2 1
0 0
4 3 3 4
1 3
2 2
1 2
0 1
1 0
0 0
1 1
3 4 3 3
2 1
2 2
2 1
2 0
1 0
0 0
4 3 5 1
1 1
2 2
1 1
2 1
1 1
0 0
4 3 4 1
2 2
1 2
1 1
2 1
0 0
2 4 3 2
2 1
2 2
1 1
0 1
0 0
2 4 4 1
2 1
2 2
1 1
2 1
0 0
3 4 2 4
1 2
2 2
0 1
1 0
0 0
1 1
3 4 3 3
1 2
1 1
2 3
0 1
0 0
0 2
4 3 2 6
2 2
1 3
0 1
0 0
2 1
2 0
1 0
1 1
3 3 3 2
2 1
1 2
2 1
1 0
0 0
3 4 5 1
2 3
2 2
1 2
2 1
1 1
0 0
2 4 3 1
2 2
1 1
2 1
0 0
3 4 5 1
1 1
1 1
2 3
2 2
2 1
0 0
3 4 5 1
2 3
1 1
2 2
2 1
1 1
0 0
4 3 5 1
1 3
1 1
2 2
2 1
1 1
0 0
3 4 4 2
2 1
1 2
2 1
1 1
0 1
0 0
4 3 4 2
2 1
1 1
1 1
1 1
0 1
0 0
3 4 3 3
1 2
2 3
1 1
0 1
0 0
0 2
3 4 4 2
2 3
1 2
2 1
2 1
1 0
0 0
4 2 4 1
1 1
2 1
1 2
1 1
0 0
3 4 4 2
1 1
1 1
2 3
2 2
0 1
0 0
3 4 4 2
1 2
1 1
2 1
2 2
0 1
0 0
3 3 4 1
1 1
1 1
2 2
2 1
0 0
3 3 4 1
2 2
2 1
1 1
1 1
0 0
2 4 4 1
2 1
1 1
2 1
2 1
0 0
3 4 4 1
1 2
2 2
2 1
1 1
0 0
4 1 3 1
1 3
1 1
1 1
0 0
3 4 5 1
2 3
2 1
1 1
2 1
1 1
0 0
3 3 3 2
1 1
2 1
2 1
1 0
0 0
4 3 4 2
1 3
1 2
2 2
1 1
0 1
0 0
3 3 4 1
1 2
2 2
1 1
2 1
0 0
3 2 3 1
2 1
1 1
1 1
0 0
4 3 5 1
2 1
1 3
2 1
1 1
1 1
0 0
3 4 3 4
1 2
2 3
2 2
0 1
1 0
0 0
1 1
32 32 9 1
2 16
2 8
1 16
1 8
1 4
1 2
1 1
2 4
2 2
0 0
3 4 3 4
1 2
2 3
2 1
0 1
1 0
0 0
1 1
4 2 4 1
1 3
1 1
2 1
1 1
0 0
3 4 5 1
2 1
2 2
1 2
1 1
2 1
0 0
3 4 5 1
2 3
1 1
1 1
2 1
2 1
0 0
4 2 3 2
1 3
1 1
1 1
0 1
0 0
4 3 4 2
2 2
1 1
1 1
2 1
1 0
0 0
3 3 3 2
2 1
2 1
1 1
1 0
0 0
4 2 2 3
1 3
2 1
2 0
1 0
0 0
4 3 1 8
2 1
0 1
0 0
3 0
3 1
2 1
2 0
1 0
1 1
2 4 3 2
2 3
2 2
1 1
0 1
0 0
4 3 4 2
1 3
1 1
2 2
1 1
0 1
0 0
4 2 3 2
1 3
2 1
1 2
1 0
0 0
3 4 5 1
1 1
2 3
1 1
2 2
2 1
0 0
4 2 1 4
1 2
0 1
1 0
0 0
1 1
4 3 4 2
1 1
2 2
1 2
1 1
0 1
0 0
3 4 3 2
2 2
1 1
1 1
0 1
0 0
4 3 3 4
1 3
1 2
2 2
0 1
1 0
0 0
1 1
3 4 4 2
2 3
1 2
2 2
1 1
0 1
0 0
3 4 3 4
1 1
2 1
2 2
0 1
1 0
0 0
1 1
3 3 4 1
1 1
2 2
2 1
1 1
0 0
4 3 5 1
1 1
2 2
1 1
1 1
2 1
0 0
3 3 3 2
1 2
2 1
1 1
0 1
0 0
4 3 4 2
2 2
2 1
1 1
1 1
1 0
0 0
4 2 2 4
1 1
1 1
0 1
1 0
0 0
1 1
4 3 3 4
2 1
1 1
1 2
0 1
1 0
0 0
1 1
4 3 3 4
2 1
1 3
1 1
0 1
1 0
0 0
1 1
4 1 1 3
1 1
2 0
1 0
0 0
3 4 3 4
1 1
2 1
2 1
0 1
1 0
0 0
1 1
3 2 3 1
1 2
1 1
2 1
0 0
3 4 3 4
1 2
2 1
2 1
0 1
1 0
0 0
1 1
3 4 5 1
2 1
1 2
2 1
1 1
2 1
0 0
4 3 2 6
2 2
1 1
0 1
0 0
2 1
2 0
1 0
1 1
3 4 4 2
2 1
2 2
2 1
1 2
1 0
0 0
4 3 5 1
1 1
1 2
1 1
2 1
2 1
0 0
1 4 2 1
2 2
2 1
0 0
4 3 3 4
2 1
1 3
1 2
0 1
1 0
0 0
1 1
3 4 4 2
2 3
1 1
1 1
2 2
0 1
0 0
4 3 4 1
1 2
2 1
2 1
1 1
0 0
4 3 5 1
1 1
2 2
1 2
1 1
2 1
0 0
3 4 4 2
2 3
2 2
1 1
2 1
1 0
0 0
3 4 4 2
2 3
1 1
2 2
2 1
1 0
0 0
3 4 4 1
1 1
2 2
2 1
1 1
0 0
3 4 5 1
2 1
2 2
2 1
1 1
1 1
0 0
3 4 4 2
1 1
2 1
2 1
1 1
0 1
0 0
1 4 3 1
2 3
2 2
2 1
0 0
3 4 3 2
2 2
2 1
1 1
1 0
0 0
2 4 4 1
2 3
2 1
2 1
1 1
0 0
4 2 3 2
2 1
1 1
1 2
1 0
0 0
4 3 5 1
2 1
1 1
1 2
2 1
1 1
0 0
3 4 5 1
1 2
1 1
2 1
2 1
2 1
0 0
3 3 4 1
2 1
1 1
1 1
2 1
0 0
3 4 5 1
1 1
1 1
2 1
2 1
2 1
0 0
4 3 3 4
1 3
1 1
2 2
0 1
1 0
0 0
1 1
3 4 4 1
1 1
2 2
1 1
2 1
0 0
2 4 2 2
2 2
1 1
0 1
0 0
4 3 5 1
2 1
1 1
1 1
1 1
2 1
0 0
4 3 3 4
2 2
1 1
1 1
0 1
1 0
0 0
1 1
3 4 4 1
2 2
2 1
1 1
1 1
0 0
3 4 5 1
1 2
1 1
2 3
2 2
2 1
0 0
3 4 3 4
2 1
2 2
1 2
0 1
1 0
0 0
1 1
2 4 2 2
1 1
2 2
0 1
0 0
4 3 4 2
2 1
1 3
1 1
1 1
0 1
0 0
3 4 5 1
2 3
2 2
2 1
1 1
1 1
0 0
3 4 4 2
1 1
2 3
1 1
2 2
0 1
0 0
4 3 4 2
2 2
1 1
1 2
1 1
0 1
0 0
2 4 3 2
2 3
1 1
2 2
0 1
0 0
2 4 2 3
1 1
2 3
0 1
0 0
0 2
4 3 4 2
1 3
2 1
2 1
1 2
1 0
0 0
2 4 4 1
1 1
2 3
2 2
2 1
0 0
3 4 4 2
1 1
2 3
2 1
2 1
1 0
0 0
4 3 5 1
1 1
2 2
2 1
1 2
1 1
0 0
4 2 4 1
1 3
1 2
1 1
2 1
0 0
3 4 2 6
2 3
1 1
0 1
1 2
0 0
1 1
1 0
0 2
4 3 5 1
2 2
1 1
1 1
2 1
1 1
0 0
3 4 4 2
1 1
2 1
2 2
1 1
0 1
0 0
4 3 4 2
1 3
1 1
2 1
1 1
0 1
0 0
10 8 3 2
2 2
1 3
1 1
0 1
4 4
3 4 5 1
1 2
1 1
2 1
2 2
2 1
0 0
4 2 2 2
1 2
1 1
0 1
0 0
3 4 4 2
2 3
1 1
2 2
1 1
0 1
0 0
3 4 5 1
2 1
1 1
2 2
1 1
2 1
0 0
4 3 4 2
2 1
1 1
2 1
1 1
1 0
0 0
4 3 4 2
1 3
1 2
2 1
1 1
0 1
0 0
3 4 4 1
1 2
2 2
1 1
2 1
0 0
11 32 20 3
2 31
2 30
2 29
2 28
2 27
2 26
2 25
2 24
2 23
2 22
2 21
2 20
2 19
2 18
2 17
2 16
2 15
2 14
2 13
2 12
9 0
1 3
3 11
32 12 20 3
1 31
1 30
1 29
1 28
1 27
1 26
1 25
1 24
1 23
1 22
1 21
1 20
1 19
1 18
1 17
1 16
1 15
1 14
1 13
1 12
11 10
10 1
0 4
4 3 5 1
1 3
1 1
2 1
2 1
1 1
0 0
4 3 3 2
1 2
2 2
2 1
1 0
0 0
4 3 4 2
1 1
1 1
1 1
2 2
0 1
0 0
3 4 5 1
1 1
2 1
2 2
1 1
2 1
0 0
3 4 3 4
1 1
2 3
2 2
0 1
1 0
0 0
1 1
4 3 4 2
1 1
2 1
1 2
1 1
0 1
0 0
3 4 5 1
2 3
1 1
2 1
2 1
1 1
0 0
4 3 4 2
2 2
1 3
2 1
1 2
1 0
0 0
4 3 3 4
1 1
1 1
2 2
0 1
1 0
0 0
1 1
3 4 2 6
2 1
2 1
0 1
0 0
2 1
2 0
1 0
1 1
3 4 3 2
1 1
2 2
2 1
1 0
0 0
2 4 2 4
2 1
2 1
0 1
1 0
0 0
1 1
4 3 4 2
1 1
2 2
1 1
2 1
1 0
0 0
4 2 1 6
1 3
0 1
0 0
2 1
2 0
1 0
1 1
4 2 4 1
1 3
1 1
1 1
2 1
0 0
3 2 2 2
2 1
1 2
1 0
0 0
3 4 5 1
2 3
2 1
1 1
1 1
2 1
0 0
3 3 4 1
2 1
1 2
1 1
2 1
0 0
4 3 4 2
2 2
1 1
2 1
1 1
1 0
0 0
2 4 4 1
2 1
2 1
1 1
2 1
0 0
4 3 5 1
1 3
1 2
2 2
1 1
2 1
0 0
3 4 5 1
1 2
2 3
2 1
1 1
2 1
0 0
4 1 2 2
1 3
1 1
1 0
0 0
3 4 4 2
2 1
1 2
2 2
2 1
1 0
0 0
3 4 4 2
2 3
2 2
2 1
1 2
1 0
0 0
3 4 3 2
2 2
2 1
1 2
1 0
0 0
1 4 1 3
2 3
0 1
0 0
0 2
4 3 4 2
1 3
1 2
2 1
2 1
1 0
0 0
4 3 5 1
1 1
1 2
2 1
2 1
1 1
0 0
3 4 5 1
2 3
2 2
1 1
1 1
2 1
0 0
3 4 5 1
1 1
2 3
2 1
2 1
1 1
0 0
3 4 3 3
2 3
1 1
1 1
0 1
0 0
0 2
32 32 8 18
1 19
1 12
2 21
1 10
2 18
2 16
2 11
2 1
7 3
6 9
1 3
5 1
4 6
7 1
9 2
9 5
9 9
8 9
6 2
9 4
0 4
8 6
1 7
4 1
5 8
3 5
3 4 4 2
1 1
2 1
2 1
2 1
1 0
0 0
4 3 5 1
2 1
1 3
1 1
2 1
1 1
0 0
2 3 2 2
2 1
1 1
0 1
0 0
4 3 5 1
2 2
1 3
1 2
2 1
1 1
0 0
2 3 2 2
1 1
2 1
0 1
0 0
3 4 3 4
2 3
1 1
2 2
0 1
1 0
0 0
1 1
3 4 4 2
2 1
1 1
2 2
2 1
1 0
0 0
3 4 5 1
2 1
2 1
1 2
2 1
1 1
0 0
4 3 5 1
1 3
2 2
1 1
1 1
2 1
0 0
4 3 4 2
1 3
2 2
2 1
1 2
1 0
0 0
3 4 4 2
1 2
2 3
2 1
2 1
1 0
0 0
4 3 5 1
1 1
2 2
1 2
2 1
1 1
0 0
4 3 4 2
2 1
1 3
1 1
2 1
1 0
0 0
4 3 4 2
1 1
1 2
2 1
1 1
0 1
0 0
4 3 3 2
2 1
1 2
2 1
1 0
0 0
3 4 4 2
1 1
2 1
2 2
2 1
1 0
0 0
3 4 4 2
2 1
1 2
2 1
2 1
1 0
0 0
4 3 3 3
1 3
1 2
1 1
0 1
0 0
0 2
32 32 2 10
1 16
1 8
0 21
6 6
5 6
6 11
6 2
1 6
2 15
0 30
1 30
1 1
3 4 3 4
2 3
2 2
1 2
0 1
1 0
0 0
1 1
2 4 4 1
2 3
2 2
1 1
2 1
0 0
4 3 4 2
1 3
2 2
1 2
1 1
0 1
0 0
4 3 5 1
1 3
1 1
1 1
2 2
2 1
0 0
3 3 3 2
1 1
2 1
1 1
0 1
0 0
2 4 3 2
2 1
2 1
1 1
0 1
0 0
3 3 2 4
1 2
2 1
0 1
1 0
0 0
1 1
2 4 3 2
2 3
2 1
2 1
1 0
0 0
4 3 3 3
2 2
2 1
1 1
2 0
1 0
0 0
2 4 3 2
2 1
2 2
2 1
1 0
0 0
3 3 2 3
1 1
1 1
0 1
0 0
0 2
4 3 3 2
1 2
2 1
1 1
0 1
0 0
4 2 2 2
1 2
2 1
1 0
0 0
4 3 5 1
2 2
1 3
1 2
1 1
2 1
0 0
3 4 4 2
2 3
1 2
1 1
2 1
0 1
0 0
4 3 5 1
1 1
1 2
2 2
2 1
1 1
0 0
3 3 3 2
2 2
1 1
2 1
1 0
0 0
4 3 4 2
2 1
1 1
2 1
1 2
1 0
0 0
4 3 4 1
2 2
2 1
1 2
1 1
0 0
4 3 5 1
1 1
2 1
1 1
1 1
2 1
0 0
1 4 3 1
2 1
2 2
2 1
0 0
2 4 2 3
1 1
2 1
0 1
0 0
0 2
2 4 4 1
1 1
2 3
2 1
2 1
0 0
3 4 4 2
1 2
1 1
2 1
2 1
0 1
0 0
3 3 4 1
2 2
1 2
1 1
2 1
0 0
3 3 3 2
1 1
1 1
2 1
0 1
0 0
4 3 4 2
1 3
2 2
1 1
2 1
1 0
0 0
4 2 1 4
2 1
3 0
2 0
1 0
0 0
32 32 4 10
2 16
2 8
2 4
2 2
18 0
9 0
7 0
9 1
26 1
7 1
6 1
23 1
22 0
18 1
3 3 4 1
1 2
2 1
2 1
1 1
0 0
3 4 3 4
2 1
2 1
1 2
0 1
1 0
0 0
1 1
4 3 3 2
1 2
2 1
2 1
1 0
0 0
32 32 5 9
1 16
1 8
1 4
1 2
1 1
0 26
0 15
0 20
0 19
0 24
0 18
0 17
0 11
0 30
4 3 4 2
2 1
2 1
1 3
1 2
1 0
0 0
4 3 4 1
1 2
1 1
2 2
2 1
0 0
3 4 4 2
1 2
2 1
2 1
2 1
1 0
0 0
3 3 2 4
2 2
1 2
0 1
1 0
0 0
1 1
4 3 4 2
1 1
2 1
2 1
1 1
1 0
0 0
3 4 3 2
2 2
1 2
1 1
0 1
0 0
3 4 5 1
1 2
2 1
2 1
2 1
1 1
0 0
4 3 4 2
2 2
1 1
2 1
1 2
1 0
0 0
32 32 2 9
2 16
2 8
28 5
0 0
7 1
16 4
16 2
21 5
5 1
2 5
11 6
4 3 5 1
1 3
1 2
1 1
2 2
2 1
0 0
4 3 2 4
2 1
2 1
3 0
2 0
1 0
0 0
3 4 4 2
1 2
2 3
1 1
2 2
0 1
0 0
1 4 2 2
2 3
2 2
0 1
0 0
4 3 3 4
2 1
1 1
1 1
0 1
1 0
0 0
1 1
1 3 1 2
2 2
0 1
0 0
3 3 3 2
2 1
1 2
1 1
0 1
0 0
2 4 3 2
2 1
1 1
2 2
0 1
0 0
4 3 4 2
1 1
2 2
2 1
1 2
1 0
0 0
3 4 3 3
1 1
2 3
1 1
0 1
0 0
0 2
4 3 4 2
2 1
2 1
1 3
1 1
1 0
0 0
3 4 4 1
1 1
1 1
2 2
2 1
0 0
4 3 5 1
2 2
1 3
1 1
2 1
1 1
0 0
3 4 4 2
2 1
2 2
2 1
1 1
1 0
0 0
3 4 3 3
2 3
1 2
1 1
0 1
0 0
0 2
3 4 4 2
2 3
2 1
1 2
1 1
0 1
0 0
4 3 4 2
1 1
1 1
2 1
2 1
1 0
0 0
4 2 4 1
2 1
1 3
1 2
1 1
0 0
3 3 3 2
1 1
2 2
1 1
0 1
0 0
3 4 5 1
1 1
2 3
1 1
2 1
2 1
0 0
4 3 4 2
1 3
1 1
2 1
2 1
1 0
0 0
4 3 4 2
1 3
2 1
1 2
1 1
0 1
0 0
3 3 3 2
1 1
2 2
2 1
1 0
0 0
3 4 4 1
2 2
1 1
2 1
1 1
0 0
4 2 4 1
1 3
2 1
1 1
1 1
0 0
2 4 2 4
2 3
2 2
0 1
1 0
0 0
1 1
4 3 5 1
1 1
1 1
1 1
2 1
2 1
0 0
4 3 4 2
1 3
2 2
1 1
1 1
0 1
0 0
3 4 4 2
2 1
2 1
1 2
1 1
0 1
0 0
3 4 4 2
2 1
2 1
1 1
1 1
0 1
0 0
1 3 2 1
2 2
2 1
0 0
3 3 2 4
2 1
1 2
0 1
1 0
0 0
1 1
3 4 5 1
1 2
2 3
2 1
2 1
1 1
0 0
3 4 4 2
1 2
1 1
2 3
2 1
0 1
0 0
4 3 3 3
1 1
2 2
2 1
2 0
1 0
0 0
4 3 5 1
1 3
1 2
2 2
2 1
1 1
0 0
3 4 2 6
1 1
2 1
0 1
1 2
0 0
1 1
1 0
0 2
3 4 2 6
1 2
2 1
0 1
1 2
0 0
1 1
1 0
0 2
4 1 2 2
1 1
1 2
1 0
0 0
3 2 3 1
1 2
2 1
1 1
0 0
4 3 1 9
1 3
0 1
1 2
0 0
2 1
2 0
1 1
2 2
1 0
0 2
2 3 1 3
1 1
0 1
0 0
0 2
4 3 5 1
1 1
1 1
1 1
2 2
2 1
0 0
1 4 1 3
2 1
0 1
0 0
0 2
3 4 5 1
1 1
2 3
2 2
1 1
2 1
0 0
2 4 4 1
1 1
2 1
2 2
2 1
0 0
3 4 4 2
1 1
1 1
2 1
2 2
0 1
0 0
2 4 3 1
2 2
2 1
1 1
0 0
1 3 2 1
2 1
2 1
0 0
4 2 3 2
1 1
2 1
1 2
1 0
0 0
3 4 4 2
1 2
2 1
2 1
1 1
0 1
0 0
3 3 2 3
2 1
2 1
2 0
1 0
0 0
3 3 4 1
1 2
2 2
2 1
1 1
0 0
32 32 10 13
2 6
2 21
1 4
2 11
1 15
1 2
2 4
2 3
1 2
1 9
0 1
7 3
8 3
0 0
8 2
3 0
8 1
6 1
6 0
5 1
0 3
1 1
4 0
3 4 2 4
2 2
1 1
0 1
1 0
0 0
1 1
3 4 5 1
1 1
2 3
2 1
1 1
2 1
0 0
1 4 2 2
2 1
2 1
0 1
0 0
4 3 4 1
2 2
1 2
2 1
1 1
0 0
4 2 3 2
2 1
1 3
1 1
1 0
0 0
4 3 4 2
2 1
1 3
2 1
1 2
1 0
0 0
3 3 2 3
1 2
1 1
0 1
0 0
0 2
3 4 4 2
1 1
2 3
2 1
1 1
0 1
0 0
3 4 4 2
1 1
1 1
2 3
2 1
0 1
0 0
3 4 3 4
2 1
1 1
2 1
0 1
1 0
0 0
1 1
3 4 5 1
1 1
2 3
2 2
2 1
1 1
0 0
4 2 4 1
1 1
1 2
2 1
1 1
0 0
3 4 5 1
2 3
1 2
1 1
2 1
2 1
0 0
4 3 5 1
1 3
2 2
2 1
1 1
1 1
0 0
3 4 2 4
2 2
1 2
0 1
1 0
0 0
1 1
3 4 2 3
2 2
2 1
2 0
1 0
0 0
3 3 3 2
2 1
1 1
1 1
0 1
0 0
3 4 4 2
1 2
1 1
2 3
2 2
0 1
0 0
4 2 3 1
2 1
1 2
1 1
0 0
4 3 3 4
1 1
1 2
2 1
0 1
1 0
0 0
1 1
4 3 3 4
1 3
2 1
1 2
0 1
1 0
0 0
1 1
4 3 4 2
1 1
1 1
1 1
2 1
0 1
0 0
4 3 5 1
1 3
2 2
1 2
1 1
2 1
0 0
4 3 5 1
2 2
2 1
1 1
1 1
1 1
0 0
4 3 4 2
1 1
1 2
1 1
2 1
0 1
0 0
4 3 4 2
1 1
1 2
2 1
2 1
1 0
0 0
4 2 3 2
2 1
1 3
1 2
1 0
0 0
4 2 3 2
1 1
1 2
2 1
1 0
0 0
3 2 2 2
1 1
2 1
1 0
0 0
4 2 2 4
1 1
1 2
0 1
1 0
0 0
1 1
3 4 1 6
2 2
0 1
0 0
2 1
2 0
1 0
1 1
4 3 3 3
2 1
2 1
1 3
2 0
1 0
0 0
3 4 3 4
2 3
1 2
2 1
0 1
1 0
0 0
1 1
3 4 4 1
1 2
1 1
2 2
2 1
0 0
3 3 3 2
2 2
2 1
1 2
1 0
0 0
4 2 3 2
1 1
1 2
1 1
0 1
0 0
4 2 4 1
2 1
1 1
1 2
1 1
0 0
2 1 1 1
1 1
0 0
3 4 3 4
2 1
1 1
2 2
0 1
1 0
0 0
1 1
3 4 4 2
2 1
1 1
2 1
1 1
0 1
0 0
3 4 5 1
2 3
1 2
2 1
1 1
2 1
0 0
3 4 5 1
2 3
1 1
2 2
1 1
2 1
0 0
3 4 4 2
1 2
2 3
2 2
2 1
1 0
0 0
3 3 4 1
1 2
1 1
2 1
2 1
0 0
2 4 4 1
1 1
2 1
2 1
2 1
0 0
1 4 2 2
2 1
2 2
0 1
0 0
4 3 5 1
2 2
1 1
1 2
1 1
2 1
0 0
3 2 1 4
1 2
0 1
1 0
0 0
1 1
1 4 1 2
2 2
0 1
0 0
3 4 5 1
2 1
1 1
2 1
2 1
1 1
0 0
1 4 3 1
2 3
2 1
2 1
0 0
4 3 3 4
2 2
1 3
1 2
0 1
1 0
0 0
1 1
3 4 3 3
2 1
1 1
1 1
0 1
0 0
0 2
3 4 3 3
1 1
1 1
2 3
0 1
0 0
0 2
4 3 4 1
1 2
2 2
2 1
1 1
0 0
3 4 3 2
1 1
1 1
2 2
0 1
0 0
3 4 4 2
2 1
1 2
2 2
1 1
0 1
0 0
3 2 2 2
1 2
1 1
0 1
0 0
4 3 3 4
1 1
1 2
2 2
0 1
1 0
0 0
1 1
4 2 3 2
1 3
1 1
2 1
1 0
0 0
4 3 4 2
1 3
1 2
2 2
2 1
1 0
0 0
4 3 4 2
2 2
1 3
2 1
1 1
1 0
0 0
4 3 2 4
1 2
2 1
0 1
1 0
0 0
1 1
4 3 4 2
2 2
2 1
1 3
1 1
1 0
0 0
3 4 5 1
2 1
1 1
1 1
2 1
2 1
0 0
2 4 4 1
2 1
1 1
2 2
2 1
0 0
3 3 4 1
2 2
2 1
1 2
1 1
0 0
4 3 5 1
1 3
1 2
2 1
2 1
1 1
0 0
3 3 3 2
1 2
2 2
2 1
1 0
0 0
4 1 3 1
1 3
1 2
1 1
0 0
4 3 4 1
1 2
2 1
1 1
2 1
0 0
3 4 3 4
2 3
1 2
2 2
0 1
1 0
0 0
1 1
3 3 2 4
2 2
1 1
0 1
1 0
0 0
1 1
3 3 4 1
2 1
2 1
1 2
1 1
0 0
4 3 3 3
2 1
2 1
1 1
2 0
1 0
0 0
3 4 2 6
1 2
2 3
0 1
1 2
0 0
1 1
1 0
0 2
3 3 3 2
1 2
2 2
1 1
0 1
0 0
3 3 1 6
1 2
0 1
1 2
0 0
1 1
1 0
0 2
3 4 4 2
1 2
2 1
2 2
2 1
1 0
0 0
3 4 4 2
2 3
2 1
2 1
1 1
1 0
0 0
4 3 5 1
1 3
2 2
1 1
2 1
1 1
0 0
4 3 1 8
2 2
0 1
0 0
3 0
3 1
2 1
2 0
1 0
1 1
4 3 5 1
1 1
2 1
2 1
1 2
1 1
0 0
3 4 2 6
2 3
1 2
0 1
1 2
0 0
1 1
1 0
0 2
3 4 5 1
2 3
1 2
2 2
2 1
1 1
0 0
4 3 5 1
1 3
2 2
1 2
2 1
1 1
0 0
3 4 4 2
1 1
2 1
1 1
2 1
0 1
0 0
4 2 4 1
2 1
1 1
1 1
1 1
0 0
3 4 5 1
2 3
2 2
1 2
1 1
2 1
0 0
3 4 5 1
2 1
2 1
2 1
1 2
1 1
0 0
3 2 2 2
1 2
2 1
1 0
0 0
3 4 5 1
2 1
2 1
1 2
1 1
2 1
0 0
4 3 3 3
2 1
1 1
2 1
2 0
1 0
0 0
2 3 3 1
2 1
2 1
1 1
0 0
3 4 4 2
2 1
2 2
1 2
1 1
0 1
0 0
3 4 5 1
1 1
2 1
2 1
2 1
1 1
0 0
3 3 4 1
1 2
2 1
1 1
2 1
0 0
3 4 3 3
2 1
1 2
1 1
0 1
0 0
0 2
4 3 4 2
1 3
1 2
1 1
2 1
0 1
0 0
3 4 4 2
1 1
2 3
2 2
2 1
1 0
0 0
2 4 3 2
1 1
2 1
2 1
0 1
0 0
3 2 3 1
1 1
1 1
2 1
0 0
3 4 2 6
2 1
1 1
0 1
1 2
0 0
1 1
1 0
0 2
3 4 3 3
2 3
2 2
2 1
2 0
1 0
0 0
3 4 4 2
2 3
2 2
2 1
1 1
1 0
0 0
32 32 1 10
2 16
29 7
15 2
16 4
30 2
29 0
15 6
11 1
25 1
13 8
30 6
4 2 4 1
1 1
1 2
1 1
2 1
0 0
4 3 4 1
1 2
1 1
2 1
2 1
0 0
3 4 3 4
2 3
2 1
1 2
0 1
1 0
0 0
1 1
4 3 2 4
2 1
1 2
0 1
1 0
0 0
1 1
3 4 4 2
2 3
2 1
1 1
2 1
1 0
0 0
32 32 13 14
2 25
2 4
1 20
1 13
2 18
2 17
1 1
2 1
1 2
1 4
2 5
2 3
1 4
3 2
0 0
3 0
0 2
3 1
0 6
2 0
0 5
2 3
2 2
2 5
3 4
2 4
3 5
4 3 5 1
2 2
1 3
2 1
1 1
1 1
0 0
3 4 5 1
1 1
1 1
2 3
2 1
2 1
0 0
4 3 3 4
1 1
2 2
1 2
0 1
1 0
0 0
1 1
3 4 5 1
2 3
2 2
2 1
1 2
1 1
0 0
3 4 3 3
2 1
2 1
2 1
2 0
1 0
0 0
4 3 2 6
1 1
2 2
0 1
0 0
2 1
2 0
1 0
1 1
4 1 2 2
1 1
1 1
1 0
0 0
3 4 4 1
2 2
2 1
1 2
1 1
0 0
4 3 3 3
2 2
2 1
1 3
2 0
1 0
0 0
4 2 2 4
1 3
1 2
0 1
1 0
0 0
1 1
4 3 5 1
1 1
2 2
2 1
1 1
1 1
0 0
4 2 4 1
2 1
1 3
1 1
1 1
0 0
4 3 3 3
2 2
1 1
2 1
2 0
1 0
0 0
4 3 5 1
1 1
1 2
1 1
2 2
2 1
0 0
4 3 3 4
1 3
2 2
1 1
0 1
1 0
0 0
1 1
3 3 3 2
1 2
2 1
2 1
1 0
0 0
3 2 2 2
2 1
1 1
1 0
0 0
4 3 5 1
2 1
1 3
1 2
1 1
2 1
0 0
1 4 2 2
2 3
2 1
0 1
0 0
4 3 5 1
2 1
1 3
1 2
2 1
1 1
0 0
4 3 2 6
1 3
1 1
0 1
1 2
0 0
1 1
1 0
0 2
4 3 3 4
1 1
1 1
2 1
0 1
1 0
0 0
1 1
4 3 3 4
1 1
2 1
1 1
0 1
1 0
0 0
1 1
2 2 1 2
1 1
0 1
0 0
4 3 4 2
1 1
1 2
2 2
1 1
0 1
0 0
3 4 4 2
2 1
1 2
1 1
2 1
0 1
0 0
4 3 5 1
1 1
1 1
2 1
1 1
2 1
0 0
4 3 5 1
2 2
1 1
2 1
1 1
1 1
0 0
4 3 4 1
1 2
2 2
1 1
2 1
0 0
4 3 4 2
2 1
2 1
1 1
1 1
1 0
0 0
3 4 4 2
1 1
2 3
1 1
2 1
0 1
0 0
4 3 3 3
2 2
1 3
2 1
2 0
1 0
0 0
4 3 4 2
1 1
2 2
1 1
1 1
0 1
0 0
3 4 4 2
2 3
2 1
2 1
1 2
1 0
0 0
4 3 3 4
1 1
2 2
1 1
0 1
1 0
0 0
1 1
3 4 4 2
1 2
2 3
2 1
1 1
0 1
0 0
4 3 5 1
1 3
2 2
2 1
1 2
1 1
0 0
3 4 4 2
1 2
2 1
1 1
2 1
0 1
0 0
3 4 4 2
2 3
1 2
1 1
2 2
0 1
0 0
4 2 1 6
1 1
0 1
0 0
2 1
2 0
1 0
1 1
32 32 3 10
2 16
2 8
2 4
27 0
13 3
17 0
20 0
28 2
23 3
6 2
25 1
31 0
27 3
3 2 3 1
1 1
2 1
1 1
0 0
3 3 3 2
2 1
2 1
1 2
1 0
0 0
4 3 3 4
1 1
2 1
1 2
0 1
1 0
0 0
1 1
2 4 3 1
1 1
2 2
2 1
0 0
1 3 1 2
2 1
0 1
0 0
3 4 4 2
2 3
2 2
1 2
1 1
0 1
0 0
2 4 3 2
2 1
2 1
2 1
1 0
0 0
4 3 5 1
1 3
2 1
1 1
2 1
1 1
0 0
2 4 4 1
2 3
1 1
2 2
2 1
0 0
4 3 3 2
1 2
1 1
2 1
0 1
0 0
4 3 5 1
1 3
2 1
1 2
2 1
1 1
0 0
3 3 2 4
2 1
1 1
0 1
1 0
0 0
1 1
4 3 4 2
1 3
1 2
1 1
2 2
0 1
0 0
3 4 4 2
2 1
2 2
1 1
2 1
1 0
0 0
3 4 5 1
2 1
2 1
2 1
1 1
1 1
0 0
2 4 1 6
2 3
0 1
1 2
0 0
1 1
1 0
0 2
4 3 2 6
1 3
2 1
0 1
0 0
2 1
2 0
1 0
1 1
2 4 3 2
1 1
2 3
2 1
0 1
0 0
3 3 4 1
1 1
2 1
1 1
2 1
0 0
3 4 4 2
2 3
1 2
2 1
1 1
0 1
0 0
4 3 3 4
1 3
2 1
1 1
0 1
1 0
0 0
1 1
4 3 4 2
1 3
2 2
2 1
1 1
1 0
0 0
4 3 4 1
2 1
1 2
2 1
1 1
0 0
3 4 5 1
2 1
1 2
2 1
2 1
1 1
0 0
4 3 5 1
1 1
2 1
1 2
2 1
1 1
0 0
3 2 2 2
1 1
1 1
0 1
0 0
2 3 3 1
2 2
1 1
2 1
0 0
1 3 2 1
2 1
2 1
0 0
4 3 4 2
1 1
2 2
1 2
2 1
1 0
0 0
3 3 4 1
2 1
1 1
2 1
1 1
0 0
3 4 4 2
2 1
2 2
1 1
1 1
0 1
0 0
4 3 4 2
2 1
1 3
1 2
1 1
0 1
0 0
4 2 2 3
1 1
2 1
2 0
1 0
0 0
4 2 3 2
1 1
1 1
2 1
1 0
0 0
3 4 3 4
2 1
1 2
2 2
0 1
1 0
0 0
1 1
3 4 3 3
2 3
2 1
2 1
2 0
1 0
0 0
2 2 2 1
2 1
1 1
0 0
4 2 2 2
2 1
1 2
1 0
0 0
3 4 4 1
2 2
1 1
1 1
2 1
0 0
4 2 3 2
1 3
1 2
2 1
1 0
0 0
4 3 4 2
1 1
2 1
1 2
2 1
1 0
0 0
3 4 4 2
2 1
1 1
2 1
2 1
1 0
0 0
3 4 5 1
2 1
2 2
1 2
2 1
1 1
0 0
4 1 3 1
1 1
1 2
1 1
0 0
4 3 4 2
1 3
2 2
1 2
2 1
1 0
0 0
3 3 2 3
2 2
2 1
2 0
1 0
0 0
3 3 4 1
2 2
1 1
1 1
2 1
0 0
2 4 2 4
2 3
2 1
0 1
1 0
0 0
1 1
3 4 4 2
2 1
2 1
1 1
2 1
1 0
0 0
3 4 5 1
1 2
2 3
1 1
2 1
2 1
0 0
4 3 4 2
1 3
2 1
1 2
2 1
1 0
0 0
3 4 5 1
2 3
2 2
1 1
2 1
1 1
0 0
2 4 2 3
2 3
1 1
0 1
0 0
0 2
4 3 5 1
1 1
1 2
2 1
1 1
2 1
0 0
4 1 1 3
1 3
2 0
1 0
0 0
4 3 4 2
2 1
1 1
1 2
2 1
1 0
0 0
3 4 1 9
2 3
0 1
1 2
0 0
2 1
2 0
1 1
2 2
1 0
0 2
3 3 4 1
1 1
2 2
1 1
2 1
0 0
4 3 5 1
1 3
1 2
2 1
1 1
2 1
0 0
4 3 2 6
1 1
2 1
0 1
0 0
2 1
2 0
1 0
1 1
3 4 5 1
2 3
2 1
2 1
1 1
1 1
0 0
3 4 1 8
1 2
0 1
1 2
0 0
1 3
1 1
1 0
0 2
0 3
3 4 4 2
1 1
2 3
2 2
1 1
0 1
0 0
4 3 4 2
1 3
1 1
1 1
2 1
0 1
0 0
4 3 2 3
1 2
1 1
0 1
0 0
0 2
4 3 5 1
2 1
2 1
1 3
1 2
1 1
0 0
3 4 3 2
2 2
1 1
2 1
1 0
0 0
4 3 4 2
2 1
1 3
2 1
1 1
1 0
0 0
4 1 2 2
1 3
1 2
1 0
0 0
3 4 5 1
1 1
2 1
2 1
1 1
2 1
0 0
4 3 5 1
2 1
1 3
1 1
1 1
2 1
0 0
3 4 5 1
1 1
2 1
1 1
2 2
2 1
0 0
3 4 5 1
2 3
2 1
2 1
1 2
1 1
0 0
3 4 2 4
1 2
1 1
0 1
0 3
0 0
0 2
4 3 4 2
1 1
1 2
2 2
2 1
1 0
0 0
3 4 5 1
1 2
1 1
2 3
2 1
2 1
0 0
3 4 5 1
2 1
1 2
2 2
1 1
2 1
0 0
4 3 3 2
1 2
1 1
2 2
0 1
0 0
3 3 2 4
1 1
2 2
0 1
1 0
0 0
1 1
4 1 1 2
1 2
1 0
0 0
3 4 2 6
2 3
2 2
0 1
0 0
2 1
2 0
1 0
1 1
4 3 5 1
2 1
2 1
1 1
1 2
1 1
0 0
2 4 4 1
2 1
2 1
2 1
1 1
0 0
3 4 5 1
2 1
1 1
1 1
2 2
2 1
0 0
3 4 4 1
2 2
1 2
2 1
1 1
0 0
3 4 5 1
2 3
2 1
1 2
1 1
2 1
0 0
2 3 3 1
1 1
2 1
2 1
0 0
3 4 5 1
1 1
1 1
2 1
2 2
2 1
0 0
4 3 2 6
1 3
2 2
0 1
0 0
2 1
2 0
1 0
1 1
3 4 5 1
1 2
2 3
2 2
2 1
1 1
0 0
4 3 2 6
1 3
1 2
0 1
1 2
0 0
1 1
1 0
0 2
4 3 5 1
1 3
1 2
1 1
2 1
2 1
0 0
3 4 4 2
2 1
2 1
2 1
1 2
1 0
0 0
4 3 3 2
1 2
2 2
1 1
0 1
0 0
3 4 2 6
2 1
1 2
0 1
1 2
0 0
1 1
1 0
0 2
2 4 3 2
1 1
2 3
2 2
0 1
0 0
4 3 2 4
1 2
2 2
0 1
1 0
0 0
1 1
4 3 5 1
1 1
2 1
1 1
2 1
1 1
0 0
4 3 4 2
2 2
2 1
1 3
1 2
1 0
0 0
4 3 4 2
2 2
1 3
1 2
1 1
0 1
0 0
4 3 5 1
1 3
2 1
2 1
1 1
1 1
0 0
3 1 2 1
1 2
1 1
0 0
2 3 2 2
2 2
2 1
1 0
0 0
3 2 3 1
2 1
1 2
1 1
0 0
1 2 1 1
2 1
0 0
3 1 1 2
1 1
1 0
0 0
4 2 2 3
2 1
1 3
2 0
1 0
0 0
2 4 3 2
1 1
2 1
2 2
0 1
0 0
3 2 1 4
1 1
0 1
1 0
0 0
1 1
3 4 4 2
2 1
1 1
1 1
2 1
0 1
0 0
3 4 5 1
1 2
2 1
2 2
1 1
2 1
0 0
3 4 5 1
1 2
2 3
1 1
2 2
2 1
0 0
4 3 5 1
2 2
2 1
1 1
1 2
1 1
0 0
3 4 4 2
1 1
1 1
2 1
2 1
0 1
0 0
3 4 4 2
1 2
2 3
1 1
2 1
0 1
0 0
4 3 4 2
2 1
1 1
1 1
2 1
1 0
0 0
3 4 4 2
2 3
2 1
1 1
1 1
0 1
0 0
4 2 4 1
1 1
1 1
2 1
1 1
0 0
3 4 4 2
1 1
2 1
1 1
2 2
0 1
0 0
3 4 4 2
2 3
1 1
2 1
1 1
0 1
0 0
2 4 2 4
2 1
2 2
0 1
1 0
0 0
1 1
3 3 3 2
1 2
1 1
2 1
0 1
0 0
3 4 5 1
1 2
2 1
2 2
2 1
1 1
0 0
3 3 2 4
1 1
2 1
0 1
1 0
0 0
1 1
3 4 4 2
2 1
2 1
2 1
1 1
1 0
0 0
3 3 4 1
2 1
1 2
2 1
1 1
0 0
4 3 5 1
2 2
2 1
1 3
1 2
1 1
0 0
4 3 1 9
1 1
0 1
1 2
0 0
2 1
2 0
1 1
2 2
1 0
0 2
3 4 5 1
2 1
1 2
1 1
2 1
2 1
0 0
3 2 1 3
2 1
2 0
1 0
0 0
3 4 3 4
2 1
2 1
1 1
0 1
1 0
0 0
1 1
3 4 3 4
2 3
1 1
2 1
0 1
1 0
0 0
1 1
2 3 1 4
2 1
0 1
1 0
0 0
1 1
4 3 2 6
2 1
1 1
0 1
0 0
2 1
2 0
1 0
1 1
3 4 5 1
2 1
1 1
2 2
2 1
1 1
0 0
2 4 1 4
1 1
0 1
0 3
0 0
0 2
4 3 4 2
1 1
1 1
2 1
1 1
0 1
0 0
3 4 3 4
2 1
2 2
1 1
0 1
1 0
0 0
1 1
2 4 2 3
2 1
1 1
0 1
0 0
0 2
2 3 2 2
2 1
2 1
1 0
0 0
4 3 5 1
2 1
1 1
2 1
1 1
1 1
0 0
3 4 4 2
2 1
1 1
2 2
1 1
0 1
0 0
4 3 4 2
2 2
2 1
1 1
1 2
1 0
0 0
3 4 5 1
2 1
2 2
1 1
2 1
1 1
0 0
4 3 4 2
2 2
1 3
1 2
2 1
1 0
0 0
2 4 3 2
2 3
1 1
2 1
0 1
0 0
3 4 2 6
2 3
2 1
0 1
0 0
2 1
2 0
1 0
1 1
4 3 2 4
2 2
2 1
3 0
2 0
1 0
0 0
4 2 3 2
1 3
2 1
1 1
1 0
0 0
4 3 4 2
1 1
2 1
1 1
1 1
0 1
0 0
3 3 1 6
2 1
0 1
0 0
2 1
2 0
1 0
1 1
3 3 3 2
2 2
2 1
1 1
1 0
0 0
2 3 2 2
1 1
2 2
0 1
0 0
3 3 4 1
2 1
2 1
1 1
1 1
0 0
4 3 3 3
1 3
2 2
2 1
2 0
1 0
0 0
3 4 5 1
2 1
2 2
2 1
1 2
1 1
0 0
4 3 4 2
1 1
1 1
2 2
2 1
1 0
0 0
32 32 1 10
1 16
4 1
0 15
7 27
14 7
13 29
8 7
10 26
10 23
6 17
2 27
2 2 1 2
2 1
1 0
0 0
4 3 4 2
2 2
1 1
1 1
1 1
0 1
0 0
3 3 4 1
2 2
1 2
2 1
1 1
0 0
3 4 3 3
1 2
1 1
2 1
0 1
0 0
0 2
4 3 3 2
2 2
2 1
1 2
1 0
0 0
4 3 5 1
2 2
1 3
1 1
1 1
2 1
0 0
3 3 3 2
2 1
1 1
2 1
1 0
0 0
4 3 5 1
2 1
2 1
1 1
1 1
1 1
0 0
3 4 4 2
1 2
2 1
2 2
1 1
0 1
0 0
3 4 3 2
1 1
2 2
1 1
0 1
0 0
4 3 5 1
2 2
1 1
2 1
1 2
1 1
0 0
3 4 3 4
2 3
2 1
1 1
0 1
1 0
0 0
1 1
4 3 5 1
1 1
1 1
2 2
2 1
1 1
0 0
4 3 4 2
1 1
2 1
1 1
2 1
1 0
0 0
3 4 5 1
1 1
2 1
2 2
2 1
1 1
0 0
4 3 5 1
1 1
2 1
2 1
1 1
1 1
0 0
4 2 3 2
1 1
1 1
1 1
0 1
0 0
3 4 5 1
2 3
1 1
1 1
2 2
2 1
0 0
3 4 5 1
2 3
1 2
2 2
1 1
2 1
0 0
3 4 4 2
1 2
2 1
1 1
2 2
0 1
0 0
2 3 3 1
2 1
1 1
2 1
0 0
4 2 3 2
2 1
1 1
1 1
1 0
0 0
3 4 2 4
1 1
2 2
0 1
1 0
0 0
1 1
4 2 3 2
1 3
1 2
1 1
0 1
0 0
3 4 5 1
2 1
2 2
1 1
1 1
2 1
0 0
4 2 4 1
1 3
1 2
2 1
1 1
0 0
4 2 4 1
1 1
1 1
1 1
2 1
0 0
2 2 2 1
1 1
2 1
0 0
3 4 4 1
2 2
1 2
1 1
2 1
0 0
4 3 2 4
2 2
1 2
0 1
1 0
0 0
1 1
3 4 3 4
1 1
2 3
2 1
0 1
1 0
0 0
1 1
4 1 3 1
1 1
1 1
1 1
0 0
4 3 3 3
2 1
1 3
2 1
2 0
1 0
0 0
2 4 3 2
2 1
1 1
2 1
0 1
0 0
4 3 1 6
1 2
0 1
1 2
0 0
1 1
1 0
0 2
4 3 5 1
2 1
1 3
2 1
1 2
1 1
0 0
32 32 5 7
2 16
2 8
2 4
2 2
2 1
30 0
3 0
17 0
6 0
11 0
2 0
25 0
3 3 4 1
2 2
1 1
2 1
1 1
0 0
3 4 3 3
1 2
2 1
1 1
0 1
0 0
0 2
4 3 5 1
2 2
1 1
1 1
1 1
2 1
0 0
3 4 5 1
2 1
2 1
1 1
2 1
1 1
0 0
2 4 1 6
2 1
0 1
1 2
0 0
1 1
1 0
0 2
3 3 1 6
2 2
0 1
0 0
2 1
2 0
1 0
1 1
4 3 5 1
2 1
1 1
1 1
2 1
1 1
0 0
4 3 2 6
1 1
1 1
0 1
1 2
0 0
1 1
1 0
0 2
3 4 3 4
2 3
2 2
1 1
0 1
1 0
0 0
1 1
4 2 2 3
2 1
1 1
2 0
1 0
0 0
3 4 3 2
1 2
2 2
2 1
1 0
0 0
2 4 3 2
2 3
2 1
1 1
0 1
0 0
3 4 3 3
1 1
1 1
2 1
0 1
0 0
0 2
3 4 5 1
1 2
2 1
1 1
2 2
2 1
0 0
2 4 4 1
2 3
2 2
2 1
1 1
0 0
2 3 3 1
1 1
2 2
2 1
0 0
4 3 5 1
2 2
2 1
1 3
1 1
1 1
0 0
2 4 4 1
2 3
2 1
1 1
2 1
0 0
3 3 3 2
2 2
1 2
1 1
0 1
0 0
3 4 5 1
1 2
2 1
1 1
2 1
2 1
0 0
3 4 4 2
2 1
2 1
1 2
2 1
1 0
0 0
3 4 4 2
2 1
2 2
1 2
2 1
1 0
0 0
3 4 5 1
1 2
2 3
2 2
1 1
2 1
0 0
1 4 3 1
2 1
2 1
2 1
0 0
4 3 3 2
2 1
1 2
1 1
0 1
0 0
4 3 3 3
1 3
1 1
1 1
0 1
0 0
0 2
2 4 4 1
2 3
1 1
2 1
2 1
0 0
4 3 3 3
1 3
2 1
2 1
2 0
1 0
0 0
4 3 5 1
2 2
1 1
1 2
2 1
1 1
0 0
4 3 4 2
2 1
1 3
1 2
2 1
1 0
0 0
3 4 5 1
1 1
2 1
1 1
2 1
2 1
0 0
2 3 1 4
2 2
0 1
1 0
0 0
1 1
2 4 2 2
2 2
2 1
1 0
0 0
4 3 4 1
2 1
1 2
1 1
2 1
0 0
3 1 1 2
1 2
1 0
0 0
4 2 4 1
1 1
2 1
1 1
1 1
0 0
3 3 3 2
2 2
1 2
2 1
1 0
0 0
3 3 4 1
1 1
1 1
2 1
2 1
0 0
4 3 5 1
1 3
2 1
2 1
1 2
1 1
0 0
3 4 4 2
2 3
1 2
2 2
2 1
1 0
0 0
4 3 4 2
1 3
2 1
1 1
1 1
0 1
0 0
3 3 2 4
1 2
2 2
0 1
1 0
0 0
1 1
4 2 3 1
1 2
1 1
2 1
0 0
4 3 5 1
1 3
1 1
2 1
1 1
2 1
0 0
4 3 3 4
1 3
1 1
2 1
0 1
1 0
0 0
1 1
2 3 3 1
2 2
2 1
1 1
0 0
3 4 3 3
1 1
2 1
1 1
0 1
0 0
0 2
4 3 3 4
2 2
1 1
1 2
0 1
1 0
0 0
1 1
32 32 4 10
1 16
1 8
1 4
1 2
1 12
0 25
1 15
1 5
0 10
0 31
1 28
1 10
0 8
1 30
3 4 3 2
1 2
2 2
1 1
0 1
0 0
4 2 4 1
1 3
2 1
1 2
1 1
0 0
4 3 4 2
2 1
1 1
1 2
1 1
0 1
0 0
4 3 3 3
1 1
2 1
2 1
2 0
1 0
0 0
3 4 1 9
2 1
0 1
1 2
0 0
2 1
2 0
1 1
2 2
1 0
0 2
4 3 2 6
2 1
1 3
0 1
0 0
2 1
2 0
1 0
1 1
3 4 3 4
2 1
1 2
2 1
0 1
1 0
0 0
1 1
4 3 5 1
1 1
1 2
2 2
1 1
2 1
0 0
3 3 1 6
1 1
0 1
1 2
0 0
1 1
1 0
0 2
3 3 3 2
1 2
2 1
1 1
0 1
0 0
4 3 4 2
2 1
2 1
1 1
1 2
1 0
0 0
3 4 2 6
2 1
2 2
0 1
0 0
2 1
2 0
1 0
1 1
4 3 4 2
2 2
1 3
1 1
1 1
0 1
0 0
4 3 5 1
2 1
2 1
1 3
1 1
1 1
0 0
4 3 2 6
1 1
1 2
0 1
1 2
0 0
1 1
1 0
0 2
4 3 5 1
1 1
1 1
2 2
1 1
2 1
0 0
3 4 4 2
2 3
2 1
1 2
2 1
1 0
0 0
4 3 5 1
2 2
1 3
2 1
1 2
1 1
0 0
4 3 3 2
2 2
1 2
2 1
1 0
0 0
4 3 3 4
1 3
1 2
2 1
0 1
1 0
0 0
1 1
4 3 4 1
2 1
2 1
1 2
1 1
0 0
3 4 4 2
2 1
1 2
1 1
2 2
0 1
0 0
4 3 4 2
1 1
1 1
2 2
1 1
0 1
0 0
4 3 4 2
1 3
1 1
1 1
2 2
0 1
0 0
3 4 4 2
2 1
1 1
1 1
2 2
0 1
0 0
3 4 5 1
2 3
2 1
1 2
2 1
1 1
0 0
3 4 5 1
2 1
2 1
1 1
1 1
2 1
0 0
4 2 3 1
1 2
2 1
1 1
0 0
2 3 2 2
2 2
1 1
0 1
0 0
3 4 4 2
2 3
2 2
1 2
2 1
1 0
0 0
3 4 5 1
2 3
1 2
2 1
2 1
1 1
0 0
3 4 4 2
1 2
2 3
2 2
1 1
0 1
0 0
3 4 3 4
1 2
2 1
2 2
0 1
1 0
0 0
1 1
3 4 2 6
1 1
2 3
0 1
1 2
0 0
1 1
1 0
0 2
4 3 4 2
1 3
2 1
2 1
1 1
1 0
0 0
3 4 1 8
1 1
0 1
1 2
0 0
1 3
1 1
1 0
0 2
0 3
4 3 3 2
2 2
1 2
1 1
0 1
0 0
4 3 3 2
2 1
2 1
1 2
1 0
0 0
3 4 3 2
1 2
1 1
2 2
0 1
0 0
3 4 5 1
2 1
1 1
2 1
1 1
2 1
0 0
3 3 4 1
1 2
1 1
2 2
2 1
0 0
4 3 4 2
2 2
1 1
1 2
2 1
1 0
0 0
4 3 4 2
1 1
2 2
2 1
1 1
1 0
0 0
3 3 3 2
1 1
1 1
2 2
0 1
0 0
3 4 5 1
2 1
1 2
2 2
2 1
1 1
0 0
4 3 5 1
1 1
1 1
2 1
2 1
1 1
0 0
4 1 2 1
1 2
1 1
0 0
4 3 4 2
1 3
2 1
1 1
2 1
1 0
0 0
0 0 0 0
