1 4 2 2
2 3
2 2
0 1
0 0
3 4 4 1
1 2
2 2
2 1
1 1
0 0
3 4 5 1
2 3
2 1
1 1
2 1
1 1
0 0
3 2 3 1
1 2
1 1
2 1
0 0
3 4 5 1
2 1
2 2
1 1
2 1
1 1
0 0
3 3 3 2
1 1
1 1
2 1
0 1
0 0
2 4 4 1
1 1
2 3
2 2
2 1
0 0
2 4 4 1
1 1
2 1
2 2
2 1
0 0
1 4 2 2
2 1
2 1
0 1
0 0
3 4 3 3
2 1
1 2
1 1
0 1
0 0
0 2
3 4 4 2
2 3
2 1
1 1
2 1
1 0
0 0
2 3 3 1
2 2
1 1
2 1
0 0
3 4 4 2
1 2
1 1
2 1
2 2
0 1
0 0
3 3 3 2
1 1
2 2
1 1
0 1
0 0
3 4 4 1
1 1
1 1
2 2
2 1
0 0
4 3 5 1
2 2
1 1
1 1
1 1
2 1
0 0
4 3 3 4
1 3
1 1
2 1
0 1
1 0
0 0
1 1
4 3 5 1
1 3
1 2
2 2
2 1
1 1
0 0
4 3 5 1
1 3
2 1
2 1
1 2
1 1
0 0
4 2 3 2
2 1
1 1
1 1
1 0
0 0
2 4 3 2
1 1
2 1
2 1
0 1
0 0
4 1 3 1
1 1
1 2
1 1
0 0
3 4 5 1
2 1
1 2
1 1
2 1
2 1
0 0
4 3 3 3
2 1
2 1
1 1
2 0
1 0
0 0
1 4 2 2
2 1
2 2
0 1
0 0
4 3 3 2
1 2
2 2
1 1
0 1
0 0
3 4 3 2
2 2
1 2
1 1
0 1
0 0
32 32 4 9
2 16
2 8
2 4
2 2
18 0
27 1
26 1
11 0
2 0
24 1
22 1
4 1
1 1
3 4 5 1
2 1
2 1
1 1
2 1
1 1
0 0
4 3 4 2
1 3
2 1
1 1
2 1
1 0
0 0
3 4 3 2
1 1
2 2
2 1
1 0
0 0
4 3 5 1
2 1
2 1
1 1
1 1
1 1
0 0
3 4 4 2
1 1
2 1
2 1
2 1
1 0
0 0
4 3 4 2
1 3
2 2
2 1
1 2
1 0
0 0
3 4 4 1
2 2
2 1
1 2
1 1
0 0
4 3 3 4
1 3
1 1
2 2
0 1
1 0
0 0
1 1
4 3 5 1
1 1
2 1
2 1
1 1
1 1
0 0
3 4 3 3
2 3
2 2
2 1
2 0
1 0
0 0
4 3 4 2
1 3
1 2
2 2
1 1
0 1
0 0
4 3 2 6
1 1
1 2
0 1
1 2
0 0
1 1
1 0
0 2
3 4 5 1
2 1
1 2
1 1
2 2
2 1
0 0
3 2 3 1
1 2
2 1
1 1
0 0
4 3 5 1
1 1
1 1
1 1
2 1
2 1
0 0
4 2 1 6
1 3
0 1
0 0
2 1
2 0
1 0
1 1
1 4 2 2
2 3
2 1
0 1
0 0
3 4 5 1
1 2
2 3
2 2
2 1
1 1
0 0
4 3 4 2
1 1
1 1
1 1
2 2
0 1
0 0
3 3 1 6
2 2
0 1
0 0
2 1
2 0
1 0
1 1
4 3 4 2
2 1
1 1
1 1
1 1
0 1
0 0
4 3 5 1
1 1
1 2
2 2
2 1
1 1
0 0
4 3 4 2
2 2
2 1
1 1
1 1
1 0
0 0
4 3 4 2
1 1
1 2
2 2
2 1
1 0
0 0
2 4 3 1
1 1
2 2
2 1
0 0
4 3 5 1
2 1
1 1
1 1
2 1
1 1
0 0
3 4 4 2
2 3
2 1
2 1
1 1
1 0
0 0
4 3 2 6
1 3
1 2
0 1
1 2
0 0
1 1
1 0
0 2
3 4 4 2
2 3
1 2
2 1
1 1
0 1
0 0
3 4 3 4
1 1
2 3
2 2
0 1
1 0
0 0
1 1
3 2 1 3
2 1
2 0
1 0
0 0
3 3 4 1
1 2
2 2
1 1
2 1
0 0
4 3 3 3
2 2
1 1
2 1
2 0
1 0
0 0
3 3 3 2
2 1
2 1
1 2
1 0
0 0
4 3 3 3
1 3
2 2
2 1
2 0
1 0
0 0
3 4 4 2
2 1
1 1
2 1
1 1
0 1
0 0
3 4 5 1
2 1
2 2
1 2
2 1
1 1
0 0
4 3 5 1
1 1
1 2
2 1
2 1
1 1
0 0
3 4 5 1
2 1
2 2
1 1
1 1
2 1
0 0
4 3 4 2
2 1
1 3
2 1
1 2
1 0
0 0
4 3 3 4
1 1
2 2
1 2
0 1
1 0
0 0
1 1
3 3 4 1
1 2
1 1
2 1
2 1
0 0
3 4 4 2
2 1
1 1
1 1
2 1
0 1
0 0
4 3 5 1
1 1
2 1
1 1
1 1
2 1
0 0
4 3 2 6
1 1
2 2
0 1
0 0
2 1
2 0
1 0
1 1
3 4 4 2
1 2
2 3
1 1
2 1
0 1
0 0
2 4 4 1
2 1
2 1
1 1
2 1
0 0
3 2 3 1
2 1
1 1
1 1
0 0
4 3 4 2
1 3
1 2
1 1
2 1
0 1
0 0
4 3 4 2
1 3
1 1
2 2
1 1
0 1
0 0
3 4 5 1
2 3
1 1
2 1
1 1
2 1
0 0
3 4 5 1
2 1
2 1
2 1
1 2
1 1
0 0
3 4 4 2
2 1
1 1
2 1
2 1
1 0
0 0
3 4 5 1
2 1
2 1
1 2
2 1
1 1
0 0
3 4 4 2
2 3
2 1
2 1
1 2
1 0
0 0
3 4 5 1
2 3
1 2
2 2
1 1
2 1
0 0
3 4 3 4
2 1
1 2
2 2
0 1
1 0
0 0
1 1
3 4 4 1
1 2
1 1
2 2
2 1
0 0
4 3 4 2
1 3
2 1
1 2
1 1
0 1
0 0
3 4 3 2
1 1
1 1
2 2
0 1
0 0
4 3 5 1
2 2
2 1
1 3
1 2
1 1
0 0
4 3 4 2
1 3
1 1
2 2
2 1
1 0
0 0
3 3 4 1
1 1
2 2
1 1
2 1
0 0
4 3 3 2
2 2
1 2
2 1
1 0
0 0
3 4 5 1
1 2
2 1
1 1
2 2
2 1
0 0
4 3 5 1
2 1
1 1
1 2
2 1
1 1
0 0
3 4 3 2
2 2
1 2
2 1
1 0
0 0
4 2 4 1
1 3
1 1
1 1
2 1
0 0
2 4 3 2
2 1
2 2
1 1
0 1
0 0
4 3 4 2
2 1
2 1
1 1
1 2
1 0
0 0
4 2 3 2
1 1
2 1
1 1
1 0
0 0
3 3 3 2
1 2
1 1
2 1
0 1
0 0
4 3 5 1
2 2
1 3
2 1
1 2
1 1
0 0
32 32 1 10
2 16
9 2
0 7
30 11
14 0
1 9
30 5
21 5
28 12
10 3
12 3
3 4 5 1
2 3
2 1
2 1
1 2
1 1
0 0
3 4 4 2
2 3
1 1
2 2
1 1
0 1
0 0
4 2 4 1
1 3
2 1
1 2
1 1
0 0
3 4 4 2
1 2
2 3
2 1
1 1
0 1
0 0
4 2 2 2
1 2
2 1
1 0
0 0
2 3 3 1
1 1
2 2
2 1
0 0
3 4 5 1
1 2
2 1
2 1
1 1
2 1
0 0
4 3 5 1
2 2
1 1
1 2
2 1
1 1
0 0
4 3 4 2
1 1
1 2
2 2
1 1
0 1
0 0
4 3 5 1
1 3
1 1
2 2
2 1
1 1
0 0
4 2 4 1
1 3
1 1
2 1
1 1
0 0
3 4 4 1
1 1
2 2
1 1
2 1
0 0
3 4 2 6
2 1
1 1
0 1
1 2
0 0
1 1
1 0
0 2
3 3 4 1
1 1
2 1
1 1
2 1
0 0
3 4 3 3
2 1
2 1
2 1
2 0
1 0
0 0
3 4 5 1
2 1
1 1
2 1
1 1
2 1
0 0
2 3 2 2
2 2
2 1
1 0
0 0
3 4 5 1
2 1
2 1
1 1
1 1
2 1
0 0
4 3 4 2
2 1
1 3
1 1
2 1
1 0
0 0
32 32 3 9
1 16
1 8
1 4
3 16
3 22
2 8
2 30
1 4
0 10
0 9
2 5
1 30
1 3 1 2
2 2
0 1
0 0
4 3 2 3
1 2
1 1
0 1
0 0
0 2
2 4 3 2
2 3
1 1
2 1
0 1
0 0
3 4 4 2
1 1
2 3
2 2
2 1
1 0
0 0
2 4 4 1
2 1
2 2
1 1
2 1
0 0
4 2 3 2
1 1
1 2
1 1
0 1
0 0
3 2 2 2
1 2
2 1
1 0
0 0
4 3 3 4
1 3
2 1
1 2
0 1
1 0
0 0
1 1
4 1 1 3
1 1
2 0
1 0
0 0
2 4 4 1
1 1
2 1
2 1
2 1
0 0
3 4 5 1
2 1
2 2
2 1
1 2
1 1
0 0
4 3 1 8
2 1
0 1
0 0
3 0
3 1
2 1
2 0
1 0
1 1
4 2 3 1
1 2
1 1
2 1
0 0
4 3 5 1
1 1
1 1
2 2
1 1
2 1
0 0
4 3 3 2
1 2
2 1
2 1
1 0
0 0
4 3 5 1
1 3
2 2
2 1
1 2
1 1
0 0
3 4 4 2
2 3
1 1
2 1
1 1
0 1
0 0
3 4 5 1
1 1
2 3
2 1
1 1
2 1
0 0
4 3 4 2
2 1
2 1
1 3
1 1
1 0
0 0
3 4 5 1
2 1
2 1
2 1
1 1
1 1
0 0
3 4 5 1
2 1
1 2
2 2
2 1
1 1
0 0
4 3 3 3
2 2
2 1
1 3
2 0
1 0
0 0
3 4 5 1
2 1
1 1
1 1
2 2
2 1
0 0
4 3 4 2
1 1
1 2
1 1
2 1
0 1
0 0
3 4 5 1
1 1
1 1
2 3
2 1
2 1
0 0
1 4 3 1
2 1
2 1
2 1
0 0
3 4 4 2
2 3
1 1
2 2
2 1
1 0
0 0
3 3 4 1
1 2
2 1
2 1
1 1
0 0
3 4 4 2
2 3
2 2
1 1
1 1
0 1
0 0
3 4 3 4
2 1
1 1
2 2
0 1
1 0
0 0
1 1
4 3 4 1
2 2
1 2
2 1
1 1
0 0
4 3 5 1
1 3
1 1
2 1
2 1
1 1
0 0
4 2 4 1
1 1
1 2
1 1
2 1
0 0
3 4 3 3
1 1
1 1
2 1
0 1
0 0
0 2
3 4 5 1
2 1
1 2
2 2
1 1
2 1
0 0
4 3 5 1
2 2
2 1
1 1
1 1
1 1
0 0
4 3 4 2
1 3
1 2
2 1
1 1
0 1
0 0
3 4 5 1
1 1
2 3
1 1
2 1
2 1
0 0
4 3 2 6
2 2
1 1
0 1
0 0
2 1
2 0
1 0
1 1
4 3 2 6
2 2
1 3
0 1
0 0
2 1
2 0
1 0
1 1
4 3 4 2
1 1
1 2
2 1
2 1
1 0
0 0
2 4 2 4
2 1
2 2
0 1
1 0
0 0
1 1
1 4 1 3
2 3
0 1
0 0
0 2
4 3 5 1
2 2
1 1
1 1
2 1
1 1
0 0
3 4 4 2
1 2
2 3
1 1
2 2
0 1
0 0
4 3 5 1
1 1
1 2
1 1
2 2
2 1
0 0
4 3 4 1
2 1
2 1
1 2
1 1
0 0
3 4 4 1
1 1
2 2
2 1
1 1
0 0
3 4 5 1
2 3
2 2
1 1
1 1
2 1
0 0
3 4 4 2
1 2
2 3
2 2
2 1
1 0
0 0
4 2 2 4
1 3
1 1
0 1
1 0
0 0
1 1
4 2 4 1
1 3
1 2
2 1
1 1
0 0
4 3 5 1
2 1
1 1
1 1
1 1
2 1
0 0
4 3 3 4
1 3
1 2
2 2
0 1
1 0
0 0
1 1
3 1 2 1
1 2
1 1
0 0
4 3 5 1
1 1
2 1
1 2
2 1
1 1
0 0
4 3 3 3
1 3
2 1
2 1
2 0
1 0
0 0
4 2 2 3
1 3
2 1
2 0
1 0
0 0
3 4 2 4
1 1
1 1
0 1
0 3
0 0
0 2
4 3 5 1
1 3
2 2
1 2
2 1
1 1
0 0
3 4 5 1
2 3
2 2
1 2
2 1
1 1
0 0
3 2 2 2
2 1
1 1
1 0
0 0
4 3 2 4
2 2
1 2
0 1
1 0
0 0
1 1
3 4 5 1
2 1
1 1
2 2
1 1
2 1
0 0
3 4 4 2
1 1
2 3
2 2
1 1
0 1
0 0
3 4 3 4
2 3
1 1
2 2
0 1
1 0
0 0
1 1
32 32 8 20
1 10
1 13
2 5
1 2
2 26
2 9
2 7
1 10
6 9
8 3
4 9
4 6
5 1
4 8
5 6
9 5
7 4
8 8
7 5
2 3
3 6
1 6
4 2
3 7
1 0
3 4
7 2
4 0
3 4 4 2
1 1
2 1
1 1
2 2
0 1
0 0
2 4 3 2
2 1
2 2
2 1
1 0
0 0
3 4 3 2
2 2
1 1
2 1
1 0
0 0
4 3 4 2
2 2
1 3
2 1
1 2
1 0
0 0
4 3 3 4
1 3
2 2
1 2
0 1
1 0
0 0
1 1
2 2 2 1
2 1
1 1
0 0
3 4 4 2
2 3
2 2
1 2
1 1
0 1
0 0
4 3 5 1
1 3
1 1
1 1
2 1
2 1
0 0
3 3 3 2
1 2
2 1
1 1
0 1
0 0
4 3 4 2
2 1
1 1
1 2
2 1
1 0
0 0
3 4 5 1
2 3
2 1
2 1
1 1
1 1
0 0
3 4 5 1
1 2
2 3
1 1
2 2
2 1
0 0
4 3 3 4
2 1
1 3
1 1
0 1
1 0
0 0
1 1
4 3 3 2
1 2
2 1
1 1
0 1
0 0
4 3 4 2
1 3
2 2
2 1
1 1
1 0
0 0
3 4 4 2
2 3
2 1
1 2
1 1
0 1
0 0
3 4 5 1
1 1
2 1
2 2
1 1
2 1
0 0
32 32 4 9
1 16
1 8
1 4
1 2
0 15
0 18
0 17
0 6
1 5
1 8
0 9
0 2
0 23
4 3 4 2
1 1
2 2
1 2
2 1
1 0
0 0
3 4 4 2
2 1
1 2
2 2
2 1
1 0
0 0
3 4 5 1
2 1
2 2
1 2
1 1
2 1
0 0
32 32 19 1
1 3
2 13
1 26
2 13
1 25
2 7
1 3
1 20
2 5
2 4
2 1
1 10
2 2
1 9
1 6
1 2
1 2
2 1
1 1
0 0
4 3 4 2
1 3
1 1
2 1
1 1
0 1
0 0
4 3 5 1
1 3
2 2
1 2
1 1
2 1
0 0
3 3 4 1
2 1
1 1
1 1
2 1
0 0
4 3 4 2
2 2
2 1
1 3
1 2
1 0
0 0
3 4 5 1
2 3
2 1
1 1
1 1
2 1
0 0
4 1 3 1
1 1
1 1
1 1
0 0
2 4 1 6
2 3
0 1
1 2
0 0
1 1
1 0
0 2
4 3 4 2
1 1
1 1
1 1
2 1
0 1
0 0
4 3 5 1
1 1
2 1
2 1
1 2
1 1
0 0
3 3 3 2
1 1
1 1
2 2
0 1
0 0
2 4 1 4
1 1
0 1
0 3
0 0
0 2
4 3 5 1
1 3
1 1
2 1
1 1
2 1
0 0
3 4 4 2
1 1
2 1
1 1
2 1
0 1
0 0
4 1 2 2
1 3
1 2
1 0
0 0
4 2 3 2
2 1
1 1
1 2
1 0
0 0
4 3 4 1
1 2
2 1
2 1
1 1
0 0
3 4 2 6
1 2
2 3
0 1
1 2
0 0
1 1
1 0
0 2
3 4 4 2
2 3
2 2
2 1
1 1
1 0
0 0
2 4 4 1
2 1
1 1
2 1
2 1
0 0
4 3 5 1
2 1
2 1
1 3
1 1
1 1
0 0
4 3 4 2
1 3
1 1
1 1
2 2
0 1
0 0
3 2 2 2
2 1
1 2
1 0
0 0
2 4 3 2
2 1
1 1
2 2
0 1
0 0
3 4 4 2
2 1
1 2
1 1
2 2
0 1
0 0
4 3 5 1
1 1
1 2
1 1
2 1
2 1
0 0
3 4 5 1
1 1
1 1
2 3
2 2
2 1
0 0
3 4 5 1
2 1
1 1
2 2
2 1
1 1
0 0
3 3 4 1
2 2
1 1
1 1
2 1
0 0
4 3 4 2
2 1
1 1
2 1
1 1
1 0
0 0
4 3 5 1
1 1
2 2
1 2
1 1
2 1
0 0
3 3 1 6
1 1
0 1
1 2
0 0
1 1
1 0
0 2
3 3 3 2
2 1
1 2
2 1
1 0
0 0
3 4 4 2
2 3
2 2
1 2
2 1
1 0
0 0
3 1 2 1
1 1
1 1
0 0
4 3 4 1
1 2
2 2
1 1
2 1
0 0
3 4 3 4
1 1
2 1
2 1
0 1
1 0
0 0
1 1
4 3 5 1
1 1
1 1
1 1
2 2
2 1
0 0
3 3 3 2
1 1
2 2
2 1
1 0
0 0
4 3 4 2
2 1
1 3
2 1
1 1
1 0
0 0
4 1 1 2
1 2
1 0
0 0
4 3 3 2
2 1
1 2
2 1
1 0
0 0
3 4 5 1
2 3
1 1
2 2
2 1
1 1
0 0
4 3 5 1
1 3
2 1
2 1
1 1
1 1
0 0
3 4 4 2
1 2
2 1
1 1
2 1
0 1
0 0
1 4 3 1
2 3
2 1
2 1
0 0
4 3 4 2
1 3
2 2
1 1
2 1
1 0
0 0
2 4 4 1
2 1
2 2
2 1
1 1
0 0
4 3 5 1
1 3
1 2
2 2
1 1
2 1
0 0
3 4 5 1
2 3
2 2
2 1
1 1
1 1
0 0
3 4 5 1
2 3
1 2
2 1
2 1
1 1
0 0
3 4 3 4
2 3
2 1
1 2
0 1
1 0
0 0
1 1
4 3 4 2
1 1
2 2
2 1
1 1
1 0
0 0
4 3 4 2
2 1
1 3
1 1
1 1
0 1
0 0
3 4 4 2
1 1
1 1
2 1
2 2
0 1
0 0
4 3 5 1
1 3
2 1
1 2
1 1
2 1
0 0
3 4 5 1
2 1
2 2
2 1
1 1
1 1
0 0
3 4 4 2
2 1
2 1
1 1
1 1
0 1
0 0
2 3 1 3
1 1
0 1
0 0
0 2
3 3 3 2
1 2
2 2
1 1
0 1
0 0
3 2 3 1
1 1
1 1
2 1
0 0
32 32 2 9
2 16
2 8
2 7
19 6
16 4
20 1
2 3
30 5
2 5
5 2
5 3
3 4 2 6
2 1
2 1
0 1
0 0
2 1
2 0
1 0
1 1
4 3 2 6
1 1
1 1
0 1
1 2
0 0
1 1
1 0
0 2
4 3 4 2
2 2
1 3
1 1
2 1
1 0
0 0
2 3 2 2
1 1
2 1
0 1
0 0
4 1 3 1
1 3
1 1
1 1
0 0
4 1 1 3
1 3
2 0
1 0
0 0
3 3 3 2
1 2
2 2
2 1
1 0
0 0
2 4 3 2
2 3
1 1
2 2
0 1
0 0
3 4 1 8
1 2
0 1
1 2
0 0
1 3
1 1
1 0
0 2
0 3
3 4 4 2
2 1
1 2
2 2
1 1
0 1
0 0
3 4 3 4
1 2
2 1
2 1
0 1
1 0
0 0
1 1
4 3 5 1
2 2
1 1
2 1
1 1
1 1
0 0
3 4 4 2
2 1
2 2
2 1
1 1
1 0
0 0
3 4 4 1
2 2
1 2
2 1
1 1
0 0
4 3 3 4
1 3
2 2
1 1
0 1
1 0
0 0
1 1
3 4 4 2
1 2
2 3
2 2
1 1
0 1
0 0
1 3 2 1
2 1
2 1
0 0
3 3 1 6
2 1
0 1
0 0
2 1
2 0
1 0
1 1
3 2 2 2
1 2
1 1
0 1
0 0
3 4 4 2
1 2
2 1
1 1
2 2
0 1
0 0
4 3 1 9
1 1
0 1
1 2
0 0
2 1
2 0
1 1
2 2
1 0
0 2
4 3 5 1
1 3
2 2
2 1
1 1
1 1
0 0
4 3 5 1
2 2
2 1
1 1
1 2
1 1
0 0
2 4 4 1
2 1
2 1
2 1
1 1
0 0
3 4 5 1
2 3
1 1
1 1
2 2
2 1
0 0
4 3 3 2
2 2
1 2
1 1
0 1
0 0
3 4 4 2
2 3
2 1
1 2
2 1
1 0
0 0
3 4 4 2
2 1
1 1
2 2
1 1
0 1
0 0
3 4 3 4
2 1
1 1
2 1
0 1
1 0
0 0
1 1
3 3 2 4
1 2
2 1
0 1
1 0
0 0
1 1
3 3 2 3
2 1
2 1
2 0
1 0
0 0
2 4 3 2
1 1
2 3
2 1
0 1
0 0
3 4 5 1
1 1
1 1
2 1
2 1
2 1
0 0
19 32 20 3
2 31
2 30
2 29
2 28
2 27
2 26
2 25
2 24
2 23
2 22
2 21
2 20
2 19
2 18
2 17
2 16
2 15
2 14
2 13
2 12
4 2
18 0
5 11
4 3 5 1
2 1
1 3
1 2
1 1
2 1
0 0
4 2 3 2
1 3
1 1
1 1
0 1
0 0
3 3 3 2
2 2
1 1
2 1
1 0
0 0
4 3 5 1
1 3
2 2
1 1
2 1
1 1
0 0
3 4 5 1
2 3
1 1
2 2
1 1
2 1
0 0
3 4 3 3
2 3
2 1
2 1
2 0
1 0
0 0
4 3 5 1
1 3
2 1
1 1
2 1
1 1
0 0
4 3 3 2
1 2
1 1
2 2
0 1
0 0
2 4 4 1
2 3
1 1
2 1
2 1
0 0
4 3 5 1
1 1
2 1
1 1
2 1
1 1
0 0
4 3 2 6
1 3
2 1
0 1
0 0
2 1
2 0
1 0
1 1
4 2 4 1
1 1
1 1
1 1
2 1
0 0
4 2 4 1
1 1
2 1
1 2
1 1
0 0
4 3 3 3
2 1
1 1
2 1
2 0
1 0
0 0
4 3 3 4
2 2
1 3
1 1
0 1
1 0
0 0
1 1
4 3 4 2
2 2
2 1
1 1
1 2
1 0
0 0
3 4 3 2
2 2
2 1
1 2
1 0
0 0
1 4 1 2
2 2
0 1
0 0
4 3 1 6
1 2
0 1
1 2
0 0
1 1
1 0
0 2
3 4 4 2
1 1
2 3
1 1
2 1
0 1
0 0
4 3 4 2
1 3
1 2
2 2
2 1
1 0
0 0
3 4 4 2
2 1
2 2
2 1
1 2
1 0
0 0
4 3 5 1
1 1
1 2
2 1
1 1
2 1
0 0
3 3 3 2
1 2
2 1
2 1
1 0
0 0
3 4 5 1
2 3
2 2
1 2
1 1
2 1
0 0
4 2 4 1
2 1
1 3
1 1
1 1
0 0
3 4 5 1
2 3
2 2
2 1
1 2
1 1
0 0
4 3 4 2
2 2
1 1
2 1
1 2
1 0
0 0
4 3 5 1
2 1
1 3
1 1
1 1
2 1
0 0
3 4 3 4
2 1
2 2
1 1
0 1
1 0
0 0
1 1
4 2 3 1
2 1
1 2
1 1
0 0
4 1 2 2
1 3
1 1
1 0
0 0
2 4 3 2
2 1
1 1
2 1
0 1
0 0
3 4 4 2
2 3
2 1
1 1
1 1
0 1
0 0
4 3 2 4
2 2
2 1
3 0
2 0
1 0
0 0
4 3 5 1
1 3
1 1
1 1
2 2
2 1
0 0
3 4 4 2
2 3
1 2
1 1
2 1
0 1
0 0
3 4 4 2
1 1
2 3
2 1
1 1
0 1
0 0
3 3 3 2
1 1
2 1
1 1
0 1
0 0
2 4 4 1
2 3
1 1
2 2
2 1
0 0
3 4 2 4
1 1
2 2
0 1
1 0
0 0
1 1
3 3 4 1
2 1
1 1
2 1
1 1
0 0
4 3 3 3
1 1
2 2
2 1
2 0
1 0
0 0
3 2 2 2
1 1
2 1
1 0
0 0
4 3 4 2
1 3
2 1
2 1
1 1
1 0
0 0
3 4 3 3
2 1
1 1
1 1
0 1
0 0
0 2
3 4 2 6
1 1
2 3
0 1
1 2
0 0
1 1
1 0
0 2
32 32 11 17
1 23
1 9
1 2
2 30
1 5
2 1
1 3
2 1
2 10
2 5
2 10
0 1
0 0
2 6
1 3
3 3
3 0
0 2
0 7
1 5
3 9
1 6
1 9
3 6
2 4
0 8
1 1
1 7
1 3 2 1
2 2
2 1
0 0
4 3 5 1
1 1
2 2
2 1
1 2
1 1
0 0
3 4 5 1
2 3
1 2
2 2
2 1
1 1
0 0
3 4 5 1
1 2
1 1
2 3
2 2
2 1
0 0
3 4 4 2
1 1
1 1
2 1
2 1
0 1
0 0
3 4 3 4
1 1
2 3
2 1
0 1
1 0
0 0
1 1
32 32 2 10
1 16
1 8
2 29
7 26
6 1
5 18
5 14
5 25
6 25
0 16
3 19
5 28
4 3 5 1
1 3
1 1
2 2
1 1
2 1
0 0
3 4 2 6
1 2
2 1
0 1
1 2
0 0
1 1
1 0
0 2
3 4 4 2
1 2
2 1
2 2
2 1
1 0
0 0
3 3 2 4
1 1
2 1
0 1
1 0
0 0
1 1
3 4 3 3
2 1
2 2
2 1
2 0
1 0
0 0
4 2 3 2
1 3
1 1
2 1
1 0
0 0
3 4 4 1
2 2
1 1
2 1
1 1
0 0
4 3 3 4
1 1
2 1
1 2
0 1
1 0
0 0
1 1
4 2 2 3
1 1
2 1
2 0
1 0
0 0
3 4 5 1
1 2
1 1
2 1
2 1
2 1
0 0
3 4 4 2
2 1
1 2
2 1
2 1
1 0
0 0
4 2 4 1
2 1
1 3
1 2
1 1
0 0
1 4 3 1
2 1
2 2
2 1
0 0
4 3 2 6
2 1
1 3
0 1
0 0
2 1
2 0
1 0
1 1
3 3 4 1
2 1
2 1
1 2
1 1
0 0
4 3 3 2
2 2
2 1
1 2
1 0
0 0
3 3 3 2
2 1
1 1
1 1
0 1
0 0
3 4 3 3
2 3
1 2
1 1
0 1
0 0
0 2
4 3 3 4
2 2
1 1
1 1
0 1
1 0
0 0
1 1
3 4 4 2
2 1
1 2
1 1
2 1
0 1
0 0
4 3 4 2
1 3
2 1
2 1
1 2
1 0
0 0
3 3 2 3
1 1
1 1
0 1
0 0
0 2
4 3 2 6
1 1
2 1
0 1
0 0
2 1
2 0
1 0
1 1
4 3 3 4
1 1
1 2
2 2
0 1
1 0
0 0
1 1
4 3 4 2
2 2
2 1
1 3
1 1
1 0
0 0
3 4 4 2
1 2
1 1
2 3
2 2
0 1
0 0
3 4 5 1
1 1
2 3
2 2
1 1
2 1
0 0
2 3 3 1
2 1
2 1
1 1
0 0
4 2 2 4
1 3
1 2
0 1
1 0
0 0
1 1
3 4 2 3
2 2
2 1
2 0
1 0
0 0
4 3 3 2
1 2
1 1
2 1
0 1
0 0
4 3 4 2
1 1
1 1
2 1
2 1
1 0
0 0
32 32 5 8
2 16
2 8
2 4
2 2
2 1
21 0
26 0
17 0
8 0
16 0
5 0
1 0
13 0
3 4 3 4
1 2
2 3
2 1
0 1
1 0
0 0
1 1
4 2 4 1
2 1
1 1
1 2
1 1
0 0
3 4 5 1
1 2
1 1
2 3
2 1
2 1
0 0
4 3 4 2
1 3
2 2
1 1
1 1
0 1
0 0
4 3 4 2
1 1
2 2
1 1
2 1
1 0
0 0
4 2 3 2
1 3
1 2
2 1
1 0
0 0
4 1 3 1
1 3
1 2
1 1
0 0
4 2 1 4
2 1
3 0
2 0
1 0
0 0
4 2 4 1
1 1
1 1
2 1
1 1
0 0
4 3 5 1
2 2
1 3
1 1
2 1
1 1
0 0
3 4 3 2
2 2
1 1
1 1
0 1
0 0
2 4 3 2
2 3
2 1
2 1
1 0
0 0
2 4 3 2
2 3
2 1
1 1
0 1
0 0
2 4 2 2
2 2
2 1
1 0
0 0
4 3 4 2
1 1
2 2
1 1
1 1
0 1
0 0
2 4 2 3
2 3
1 1
0 1
0 0
0 2
1 4 2 1
2 2
2 1
0 0
4 3 5 1
1 3
2 1
1 2
2 1
1 1
0 0
4 3 2 4
2 1
1 2
0 1
1 0
0 0
1 1
4 3 5 1
2 1
1 1
2 1
1 2
1 1
0 0
4 3 3 4
1 3
2 1
1 1
0 1
1 0
0 0
1 1
4 3 5 1
2 1
1 1
2 1
1 1
1 1
0 0
4 3 4 2
2 1
1 1
2 1
1 2
1 0
0 0
4 3 5 1
1 3
1 2
1 1
2 1
2 1
0 0
4 3 4 1
2 1
1 2
1 1
2 1
0 0
4 3 4 2
1 3
2 1
1 1
1 1
0 1
0 0
4 2 3 2
1 1
2 1
1 2
1 0
0 0
4 3 3 3
1 1
2 1
2 1
2 0
1 0
0 0
4 3 2 6
1 3
1 1
0 1
1 2
0 0
1 1
1 0
0 2
4 3 4 2
1 1
1 2
1 1
2 2
0 1
0 0
4 3 4 2
1 1
1 2
2 1
1 1
0 1
0 0
3 4 4 2
1 2
1 1
2 3
2 1
0 1
0 0
3 3 1 6
1 2
0 1
1 2
0 0
1 1
1 0
0 2
3 4 4 2
2 3
1 1
1 1
2 2
0 1
0 0
3 4 2 6
2 1
1 2
0 1
1 2
0 0
1 1
1 0
0 2
3 4 5 1
2 3
2 2
1 1
2 1
1 1
0 0
4 2 3 2
1 3
2 1
1 2
1 0
0 0
3 4 2 6
2 3
1 2
0 1
1 2
0 0
1 1
1 0
0 2
3 4 1 9
2 1
0 1
1 2
0 0
2 1
2 0
1 1
2 2
1 0
0 2
1 3 2 1
2 1
2 1
0 0
2 4 3 1
2 2
2 1
1 1
0 0
3 4 5 1
1 2
2 3
2 1
1 1
2 1
0 0
3 4 2 4
1 2
1 1
0 1
0 3
0 0
0 2
3 4 4 1
1 2
2 2
1 1
2 1
0 0
4 2 3 1
1 2
2 1
1 1
0 0
3 4 2 4
2 2
1 1
0 1
1 0
0 0
1 1
3 3 2 3
1 2
1 1
0 1
0 0
0 2
3 4 4 2
1 1
2 1
2 1
1 1
0 1
0 0
4 2 3 2
1 3
2 1
1 1
1 0
0 0
3 4 5 1
2 3
1 2
2 1
1 1
2 1
0 0
4 2 4 1
1 3
2 1
1 1
1 1
0 0
3 4 3 3
2 3
1 1
1 1
0 1
0 0
0 2
2 4 4 1
2 3
2 1
2 1
1 1
0 0
4 3 4 2
1 3
1 1
1 1
2 1
0 1
0 0
4 2 4 1
1 1
2 1
1 1
1 1
0 0
3 4 3 3
1 1
1 1
2 3
0 1
0 0
0 2
2 3 2 2
1 1
2 2
0 1
0 0
4 3 4 2
2 2
1 1
2 1
1 1
1 0
0 0
4 3 4 2
1 1
2 1
1 2
2 1
1 0
0 0
2 2 1 2
2 1
1 0
0 0
3 4 5 1
2 1
1 1
1 1
2 1
2 1
0 0
32 32 11 16
1 2
2 9
1 17
1 8
2 9
1 8
2 2
2 4
2 6
2 5
2 4
0 1
7 3
1 3
7 0
3 0
6 1
3 1
6 3
2 0
2 3
5 3
4 2
1 0
4 1
0 2
4 0
2 4 2 2
1 1
2 2
0 1
0 0
3 4 4 2
1 2
2 3
2 1
2 1
1 0
0 0
3 3 3 2
2 1
2 1
1 1
1 0
0 0
3 4 3 4
2 3
1 2
2 1
0 1
1 0
0 0
1 1
4 3 4 2
1 1
2 1
2 1
1 1
1 0
0 0
3 4 3 4
2 3
2 2
1 1
0 1
1 0
0 0
1 1
3 4 4 2
2 1
1 1
1 1
2 2
0 1
0 0
3 3 2 4
2 1
1 1
0 1
1 0
0 0
1 1
3 4 3 3
1 2
1 1
2 3
0 1
0 0
0 2
4 3 4 2
1 1
2 1
1 1
2 1
1 0
0 0
3 4 4 2
2 1
2 2
1 2
2 1
1 0
0 0
3 4 2 4
2 2
1 2
0 1
1 0
0 0
1 1
3 3 3 2
1 2
1 1
2 2
0 1
0 0
4 3 5 1
1 1
2 2
1 1
2 1
1 1
0 0
3 1 1 2
1 1
1 0
0 0
3 4 4 2
1 1
2 1
2 2
2 1
1 0
0 0
3 4 5 1
1 2
2 3
2 1
2 1
1 1
0 0
3 4 4 2
2 1
2 1
1 2
1 1
0 1
0 0
4 2 3 2
1 3
1 2
1 1
0 1
0 0
10 8 3 2
2 2
1 3
1 1
0 1
4 4
4 3 4 2
1 3
2 2
1 2
2 1
1 0
0 0
4 3 4 2
2 1
1 1
1 2
1 1
0 1
0 0
4 3 4 2
1 3
2 1
1 2
2 1
1 0
0 0
3 4 4 2
1 2
2 1
2 1
1 1
0 1
0 0
1 4 3 1
2 3
2 2
2 1
0 0
3 3 4 1
1 1
2 2
2 1
1 1
0 0
4 3 5 1
1 3
1 2
1 1
2 2
2 1
0 0
3 4 3 4
2 3
2 2
1 2
0 1
1 0
0 0
1 1
3 1 1 2
1 2
1 0
0 0
3 2 2 2
1 1
1 1
0 1
0 0
4 1 2 2
1 1
1 2
1 0
0 0
3 4 4 2
2 1
1 1
2 2
2 1
1 0
0 0
3 3 4 1
2 1
1 2
2 1
1 1
0 0
4 2 3 2
1 1
1 1
2 1
1 0
0 0
3 4 5 1
2 1
1 1
2 1
2 1
1 1
0 0
3 3 2 4
2 2
1 2
0 1
1 0
0 0
1 1
4 2 2 4
1 1
1 2
0 1
1 0
0 0
1 1
2 4 2 4
2 3
2 1
0 1
1 0
0 0
1 1
4 3 4 2
1 1
2 1
1 1
1 1
0 1
0 0
2 4 4 1
2 1
1 1
2 2
2 1
0 0
3 4 4 2
2 1
2 1
2 1
1 2
1 0
0 0
4 3 5 1
2 2
1 1
2 1
1 2
1 1
0 0
3 4 2 6
2 3
2 2
0 1
0 0
2 1
2 0
1 0
1 1
4 3 4 2
2 1
1 3
1 2
2 1
1 0
0 0
3 3 4 1
1 2
1 1
2 2
2 1
0 0
3 4 4 1
2 2
2 1
1 1
1 1
0 0
3 4 3 4
2 1
2 1
1 1
0 1
1 0
0 0
1 1
3 4 4 2
1 1
2 3
1 1
2 2
0 1
0 0
3 2 3 1
2 1
1 2
1 1
0 0
3 4 5 1
1 1
2 3
1 1
2 2
2 1
0 0
4 3 3 3
1 3
1 1
1 1
0 1
0 0
0 2
4 3 3 3
1 1
1 1
1 1
0 1
0 0
0 2
3 3 4 1
1 2
2 1
1 1
2 1
0 0
4 3 5 1
2 1
1 3
1 2
2 1
1 1
0 0
3 3 4 1
2 2
1 2
1 1
2 1
0 0
4 3 5 1
2 1
2 1
1 1
1 2
1 1
0 0
4 3 3 4
1 1
1 2
2 1
0 1
1 0
0 0
1 1
4 3 4 2
2 1
2 1
1 1
1 1
1 0
0 0
4 3 4 2
2 1
1 1
1 1
2 1
1 0
0 0
4 2 3 2
2 1
1 3
1 2
1 0
0 0
3 4 4 2
1 2
2 1
2 1
2 1
1 0
0 0
3 4 3 2
1 2
1 1
2 2
0 1
0 0
2 3 1 4
2 2
0 1
1 0
0 0
1 1
4 3 2 4
1 2
2 1
0 1
1 0
0 0
1 1
4 3 4 2
2 2
1 1
1 1
2 1
1 0
0 0
4 2 3 2
2 1
1 3
1 1
1 0
0 0
3 4 4 2
1 2
1 1
2 1
2 1
0 1
0 0
4 2 4 1
1 3
1 2
1 1
2 1
0 0
3 4 5 1
1 1
2 1
2 1
1 1
2 1
0 0
4 3 5 1
2 2
1 3
2 1
1 1
1 1
0 0
3 4 5 1
1 1
2 1
1 1
2 2
2 1
0 0
3 4 4 1
2 2
1 2
1 1
2 1
0 0
4 2 1 6
1 1
0 1
0 0
2 1
2 0
1 0
1 1
3 4 4 2
1 1
2 3
2 1
2 1
1 0
0 0
2 4 2 3
1 1
2 3
0 1
0 0
0 2
3 3 4 1
1 1
2 1
2 1
1 1
0 0
4 3 5 1
1 3
2 2
1 1
1 1
2 1
0 0
2 4 3 2
2 1
2 1
1 1
0 1
0 0
3 3 2 3
2 2
2 1
2 0
1 0
0 0
3 3 3 2
1 1
2 1
2 1
1 0
0 0
3 4 4 2
1 1
2 1
2 2
1 1
0 1
0 0
3 4 5 1
1 2
2 3
2 2
1 1
2 1
0 0
4 3 3 3
1 1
1 2
1 1
0 1
0 0
0 2
32 32 5 9
1 16
1 8
1 4
1 2
1 1
0 27
0 21
0 19
0 24
0 17
0 16
0 10
0 4
0 9
4 3 3 4
1 1
1 1
2 2
0 1
1 0
0 0
1 1
4 3 5 1
2 1
1 3
2 1
1 1
1 1
0 0
3 3 3 2
2 2
1 2
2 1
1 0
0 0
4 2 2 2
2 1
1 2
1 0
0 0
4 3 5 1
1 3
2 1
1 1
1 1
2 1
0 0
4 3 5 1
1 1
1 2
2 2
1 1
2 1
0 0
4 3 5 1
1 1
1 1
2 1
1 1
2 1
0 0
4 3 4 1
1 2
1 1
2 2
2 1
0 0
4 3 3 2
1 2
2 2
2 1
1 0
0 0
4 3 5 1
2 1
1 3
2 1
1 2
1 1
0 0
3 3 4 1
2 1
2 1
1 1
1 1
0 0
3 4 5 1
1 2
2 3
1 1
2 1
2 1
0 0
4 3 3 4
1 1
2 1
1 1
0 1
1 0
0 0
1 1
3 2 1 4
1 2
0 1
1 0
0 0
1 1
2 4 3 1
2 2
1 1
2 1
0 0
4 3 4 2
1 3
1 1
2 1
2 1
1 0
0 0
4 3 3 4
2 2
1 3
1 2
0 1
1 0
0 0
1 1
4 3 3 4
1 1
1 1
2 1
0 1
1 0
0 0
1 1
4 3 3 4
1 1
2 2
1 1
0 1
1 0
0 0
1 1
3 4 4 2
2 3
1 1
2 1
2 1
1 0
0 0
1 2 1 1
2 1
0 0
1 4 1 3
2 1
0 1
0 0
0 2
3 2 1 4
1 1
0 1
1 0
0 0
1 1
4 3 4 2
1 1
1 1
2 2
1 1
0 1
0 0
3 4 3 4
1 2
2 1
2 2
0 1
1 0
0 0
1 1
3 4 1 6
2 2
0 1
0 0
2 1
2 0
1 0
1 1
4 3 4 2
1 1
2 2
2 1
1 2
1 0
0 0
3 4 3 2
1 2
2 2
1 1
0 1
0 0
3 4 4 2
2 3
1 2
2 2
2 1
1 0
0 0
2 3 2 2
2 1
2 1
1 0
0 0
4 2 1 4
1 2
0 1
1 0
0 0
1 1
2 4 4 1
2 3
2 2
2 1
1 1
0 0
4 2 2 4
1 1
1 1
0 1
1 0
0 0
1 1
3 4 3 3
1 2
2 1
1 1
0 1
0 0
0 2
2 4 3 2
2 1
2 1
2 1
1 0
0 0
3 4 5 1
1 1
2 1
1 1
2 1
2 1
0 0
4 3 4 2
2 2
1 3
2 1
1 1
1 0
0 0
4 3 4 2
1 1
1 1
2 2
2 1
1 0
0 0
3 3 3 2
1 2
2 1
1 1
0 1
0 0
2 4 2 3
1 1
2 1
0 1
0 0
0 2
4 1 2 1
1 2
1 1
0 0
3 4 4 2
2 3
1 1
1 1
2 1
0 1
0 0
4 3 4 2
1 1
2 2
1 2
1 1
0 1
0 0
2 4 3 2
2 3
2 2
2 1
1 0
0 0
4 3 3 4
2 2
1 1
1 2
0 1
1 0
0 0
1 1
3 4 4 2
2 3
1 2
2 2
1 1
0 1
0 0
4 3 1 9
1 3
0 1
1 2
0 0
2 1
2 0
1 1
2 2
1 0
0 2
3 4 3 2
1 1
2 2
1 1
0 1
0 0
3 4 4 2
2 3
1 2
1 1
2 2
0 1
0 0
4 3 1 8
2 2
0 1
0 0
3 0
3 1
2 1
2 0
1 0
1 1
4 3 5 1
1 3
1 2
2 1
2 1
1 1
0 0
4 3 5 1
2 1
2 1
1 3
1 2
1 1
0 0
32 32 3 10
2 16
2 8
2 4
0 0
9 1
12 0
21 1
15 0
23 1
19 0
1 0
14 2
0 3
3 4 2 4
1 2
2 2
0 1
1 0
0 0
1 1
4 3 3 3
2 1
2 1
1 3
2 0
1 0
0 0
3 3 4 1
1 2
2 2
2 1
1 1
0 0
2 4 2 4
2 3
2 2
0 1
1 0
0 0
1 1
2 4 4 1
2 3
2 1
1 1
2 1
0 0
3 4 5 1
1 2
2 1
2 2
2 1
1 1
0 0
4 3 3 2
2 1
1 2
1 1
0 1
0 0
2 4 2 3
2 1
1 1
0 1
0 0
0 2
3 3 3 2
2 1
1 2
1 1
0 1
0 0
4 3 4 2
1 3
1 2
2 1
2 1
1 0
0 0
3 3 3 2
2 1
1 1
2 1
1 0
0 0
3 3 4 1
2 2
1 2
2 1
1 1
0 0
3 4 3 3
1 2
2 3
1 1
0 1
0 0
0 2
2 4 4 1
1 1
2 3
2 1
2 1
0 0
3 3 2 4
2 1
1 2
0 1
1 0
0 0
1 1
4 2 4 1
2 1
1 1
1 1
1 1
0 0
4 3 2 4
2 1
2 1
3 0
2 0
1 0
0 0
3 4 3 4
1 2
2 3
2 2
0 1
1 0
0 0
1 1
4 3 4 1
1 2
1 1
2 1
2 1
0 0
3 4 5 1
2 3
1 2
1 1
2 1
2 1
0 0
3 3 4 1
1 1
1 1
2 2
2 1
0 0
4 3 4 2
2 2
1 1
1 2
2 1
1 0
0 0
2 3 2 2
2 1
1 1
0 1
0 0
4 3 3 3
2 1
1 3
2 1
2 0
1 0
0 0
3 4 5 1
1 2
1 1
2 1
2 2
2 1
0 0
4 3 5 1
1 3
1 2
2 1
1 1
2 1
0 0
3 4 4 2
1 2
2 1
2 2
1 1
0 1
0 0
4 3 4 2
2 2
1 1
1 1
1 1
0 1
0 0
4 3 4 1
1 2
2 2
2 1
1 1
0 0
4 3 3 2
2 1
2 1
1 2
1 0
0 0
3 4 5 1
1 2
2 1
2 2
1 1
2 1
0 0
3 4 1 8
1 1
0 1
1 2
0 0
1 3
1 1
1 0
0 2
0 3
3 4 5 1
2 3
1 1
1 1
2 1
2 1
0 0
4 3 5 1
2 2
2 1
1 3
1 1
1 1
0 0
3 4 4 2
2 1
1 2
2 1
1 1
0 1
0 0
4 2 2 3
2 1
1 3
2 0
1 0
0 0
3 4 3 4
2 1
1 2
2 1
0 1
1 0
0 0
1 1
3 4 4 2
2 3
1 2
2 1
2 1
1 0
0 0
4 3 4 1
2 2
1 2
1 1
2 1
0 0
3 4 2 6
2 3
1 1
0 1
1 2
0 0
1 1
1 0
0 2
3 3 3 2
2 2
1 2
1 1
0 1
0 0
2 4 1 6
2 1
0 1
1 2
0 0
1 1
1 0
0 2
4 3 5 1
2 1
1 3
1 1
2 1
1 1
0 0
4 3 4 2
1 1
1 1
2 1
1 1
0 1
0 0
3 4 3 2
2 2
2 1
1 1
1 0
0 0
4 2 2 3
2 1
1 1
2 0
1 0
0 0
3 4 5 1
2 3
2 1
1 2
1 1
2 1
0 0
2 2 2 1
1 1
2 1
0 0
2 1 1 1
1 1
0 0
4 3 4 2
2 2
1 3
1 2
1 1
0 1
0 0
3 4 4 2
2 1
2 1
2 1
1 1
1 0
0 0
4 3 4 2
2 2
1 3
1 2
2 1
1 0
0 0
3 4 3 4
2 1
2 1
1 2
0 1
1 0
0 0
1 1
4 3 4 1
2 2
2 1
1 2
1 1
0 0
4 3 5 1
2 2
1 1
1 2
1 1
2 1
0 0
2 4 3 2
2 3
2 2
1 1
0 1
0 0
4 3 3 3
2 2
1 3
2 1
2 0
1 0
0 0
3 3 4 1
2 2
2 1
1 2
1 1
0 0
4 3 2 4
1 2
2 2
0 1
1 0
0 0
1 1
2 4 4 1
2 3
2 2
1 1
2 1
0 0
2 4 3 2
1 1
2 3
2 2
0 1
0 0
4 3 4 2
1 3
2 2
1 2
1 1
0 1
0 0
4 3 4 2
1 1
2 1
2 1
1 2
1 0
0 0
3 4 4 2
2 3
2 2
1 1
2 1
1 0
0 0
3 4 4 2
2 1
2 1
1 1
2 1
1 0
0 0
3 3 2 4
1 1
2 2
0 1
1 0
0 0
1 1
3 4 3 3
1 1
2 1
1 1
0 1
0 0
0 2
4 1 2 2
1 1
1 1
1 0
0 0
2 3 2 2
2 2
1 1
0 1
0 0
4 2 3 2
1 1
1 1
1 1
0 1
0 0
3 3 3 2
2 2
1 1
1 1
0 1
0 0
4 2 3 2
1 1
1 2
2 1
1 0
0 0
1 3 1 2
2 1
0 1
0 0
3 4 5 1
1 1
2 3
2 2
2 1
1 1
0 0
3 4 5 1
1 1
1 1
2 1
2 2
2 1
0 0
4 2 4 1
1 1
1 2
2 1
1 1
0 0
4 3 4 2
2 1
1 3
1 2
1 1
0 1
0 0
3 4 5 1
2 3
1 1
2 1
2 1
1 1
0 0
3 3 3 2
2 2
2 1
1 1
1 0
0 0
3 3 4 1
2 1
1 2
1 1
2 1
0 0
3 4 5 1
2 1
1 2
2 1
2 1
1 1
0 0
3 4 4 1
2 2
1 1
1 1
2 1
0 0
2 4 1 4
2 2
0 1
1 0
0 0
1 1
4 3 3 4
1 3
1 2
2 1
0 1
1 0
0 0
1 1
4 3 3 4
2 1
1 1
1 1
0 1
1 0
0 0
1 1
3 4 4 2
2 1
2 2
1 2
1 1
0 1
0 0
4 3 5 1
2 2
1 3
1 1
1 1
2 1
0 0
4 3 5 1
1 1
2 2
1 2
2 1
1 1
0 0
3 3 2 4
2 2
1 1
0 1
1 0
0 0
1 1
32 18 20 3
1 31
1 30
1 29
1 28
1 27
1 26
1 25
1 24
1 23
1 22
1 21
1 20
1 19
1 18
1 17
1 16
1 15
1 14
1 13
1 12
0 3
11 9
2 10
2 2 1 2
1 1
0 1
0 0
3 4 3 4
1 1
2 1
2 2
0 1
1 0
0 0
1 1
4 3 3 3
2 2
2 1
1 1
2 0
1 0
0 0
3 4 2 6
2 3
2 1
0 1
0 0
2 1
2 0
1 0
1 1
3 4 5 1
1 2
2 1
2 1
2 1
1 1
0 0
3 4 2 6
2 1
2 2
0 1
0 0
2 1
2 0
1 0
1 1
3 4 3 4
2 3
2 1
1 1
0 1
1 0
0 0
1 1
3 3 2 4
1 2
2 2
0 1
1 0
0 0
1 1
4 3 3 4
2 1
1 3
1 2
0 1
1 0
0 0
1 1
4 3 5 1
2 2
1 3
1 2
1 1
2 1
0 0
3 4 5 1
2 3
2 1
1 2
2 1
1 1
0 0
3 4 5 1
1 2
2 1
1 1
2 1
2 1
0 0
4 3 5 1
1 1
2 1
1 2
1 1
2 1
0 0
4 3 4 1
2 1
1 2
2 1
1 1
0 0
3 4 3 3
1 2
1 1
2 1
0 1
0 0
0 2
4 3 4 1
1 2
2 1
1 1
2 1
0 0
3 4 5 1
1 1
2 1
2 1
2 1
1 1
0 0
3 4 3 4
2 1
2 2
1 2
0 1
1 0
0 0
1 1
3 4 4 2
2 3
2 2
2 1
1 2
1 0
0 0
3 4 3 4
2 3
1 1
2 1
0 1
1 0
0 0
1 1
3 4 5 1
1 1
2 3
2 1
2 1
1 1
0 0
3 3 4 1
1 1
1 1
2 1
2 1
0 0
32 32 9 1
2 16
1 16
2 8
2 4
2 2
1 8
1 4
1 2
1 1
0 0
2 3 3 1
2 1
1 1
2 1
0 0
2 3 3 1
2 2
2 1
1 1
0 0
3 4 5 1
2 1
2 1
1 2
1 1
2 1
0 0
4 2 2 2
1 2
1 1
0 1
0 0
3 4 5 1
1 1
2 1
2 2
2 1
1 1
0 0
3 4 4 2
2 1
2 2
1 1
1 1
0 1
0 0
4 3 3 4
2 1
1 1
1 2
0 1
1 0
0 0
1 1
4 3 3 3
1 3
1 2
1 1
0 1
0 0
0 2
4 3 4 2
1 3
1 2
1 1
2 2
0 1
0 0
4 3 4 2
2 2
1 3
1 1
1 1
0 1
0 0
4 3 2 6
1 3
2 2
0 1
0 0
2 1
2 0
1 0
1 1
3 4 5 1
2 1
1 2
2 1
1 1
2 1
0 0
3 3 3 2
2 2
2 1
1 2
1 0
0 0
3 4 3 2
1 2
2 2
2 1
1 0
0 0
3 2 3 1
1 1
2 1
1 1
0 0
4 3 2 6
2 1
1 1
0 1
0 0
2 1
2 0
1 0
1 1
4 3 5 1
1 1
1 1
2 1
2 1
1 1
0 0
4 3 5 1
1 1
1 1
2 2
2 1
1 1
0 0
4 3 5 1
2 1
1 1
1 2
1 1
2 1
0 0
3 4 4 2
1 1
1 1
2 3
2 2
0 1
0 0
4 3 5 1
1 1
2 2
1 1
1 1
2 1
0 0
2 4 3 2
1 1
2 1
2 2
0 1
0 0
4 3 5 1
2 2
1 3
1 2
2 1
1 1
0 0
3 3 4 1
2 2
1 1
2 1
1 1
0 0
2 4 2 4
2 1
2 1
0 1
1 0
0 0
1 1
2 4 2 2
2 2
1 1
0 1
0 0
3 4 3 4
2 3
1 2
2 2
0 1
1 0
0 0
1 1
3 4 1 9
2 3
0 1
1 2
0 0
2 1
2 0
1 1
2 2
1 0
0 2
3 3 4 1
2 2
2 1
1 1
1 1
0 0
3 4 5 1
2 3
1 2
1 1
2 2
2 1
0 0
4 3 4 2
2 2
1 1
1 2
1 1
0 1
0 0
3 4 4 2
2 1
2 1
1 2
2 1
1 0
0 0
4 3 4 2
2 1
2 1
1 3
1 2
1 0
0 0
3 4 4 2
2 1
2 2
1 1
2 1
1 0
0 0
4 3 4 2
1 1
2 1
1 2
1 1
0 1
0 0
2 3 3 1
1 1
2 1
2 1
0 0
3 4 4 2
1 1
1 1
2 3
2 1
0 1
0 0
3 4 3 3
1 1
2 3
1 1
0 1
0 0
0 2
4 3 5 1
1 1
2 2
2 1
1 1
1 1
0 0
3 4 2 6
1 1
2 1
0 1
1 2
0 0
1 1
1 0
0 2
2 3 1 4
2 1
0 1
1 0
0 0
1 1
32 32 1 10
1 16
10 11
9 1
5 11
3 11
0 5
7 31
15 4
15 14
9 25
11 6
0 0 0 0
