3,1,5,10=9=8=7=6=4=2
2,1,3,4,5
1,2,3
5=2=1,4=3
2=1
5=4=3=2=1
14,39,38,29,33,41,32,27,44,15,40,20,50,48,49,7,46,45,13,12,24,31,19,16,47,22,23,43,18,3,35,6,2,9,34,21,26,4,42,25,17,10,37,5,30,11,36=28=8=1
16,26,15,21,12,1,10,18,39,33,34,40,19,11,4,38,24,37,30,14,36,35,3,6,23,2,17,32,9,31,28,13,27,25,22,20,29,7,8,5
7,3,9,18,6,27,26,36,8,24,14,12,30,21,2,19,5,13,4,35=20,31,33,23,34,25,10,29,22,1,11,37,32,28,17=15,38,16
28,44,38,4,15,29=26,49,3,12,17,18,31,16,40,23,42,30,25,43,13,14,7,10,37,11,8,9,21,33,6,1,36,24,48,50,34,2,46,22,39,19,20,5,35,41,47,32,45,27
50=49=48=47=46=45=44=43=42=41=40=39=38=37=36=35=34=33=32=31=30=29=28=27=26=25=24=23=22=21=20=19=18=17=16=15=14=13=12=11=10=9=8=7=6=5=4=3=2=1
16,31,18,3,22,40,27,28,35,15,30,32,24,11,34,41,21,9,26,38,29,36,8,5,37,7,12,33,10,19,42,13,1,44,43,14,4,25,23,39,17,20,6,2
24,23,1,25,22,16,9,5,8,17,10,35,33,3,26,13,2,32,15,20,12,30,19,38=37=36=34=31=29=28=27=21=18=14=11=7=6=4
25=24=23=22=21=20=19=18=17=16=15=14=13=12=11=10=9=8=7=6=5=4=3=2=1
14,6,19,17,15,20,27,33,16,18,37,22,26,13=1,2,36,28=3,8,7,32,39=11,5,9,31,38=10,24,25,40=30,4,42,34,41,12,29,35=23=21
8,10,22=5,13,14,20=2,1,6,12=9,21,16,3,11=7,19=17,18,15=4
10,2,14,18,7,9,4,20,17=13,3,15=5,19=6,16,8=1,12,11
2,6,19,4,26,10,33,34,1,14,18,13,28,31,27,9,15,8,22,24,5,25,35,30,23,16,21,11,3,17,7,20,32,12,29
13,3,21,4,8,20,10,17,14,19,16,6,9,18,5,12,15,1,11,2,7
15,7,5,1,28,21,11,12,19,35,38,50,29,30,36,20,25,44,22,4,17,31,42,40,46,13,49,32,41,3,8,6,24,45,10,27,43,33,26,14,47,2,34,9,48=39=37=23=18=16
50=49=48=47=46=45=44=43=42=41=40=39=38=37=36=35=34=33=32=31=30=29=28=27=26=25=24=23=22=21=20=19=18=17=16=15=14=13=12=11=10=9=8=7=6=5=4=3=2=1
20=19=18=17=16=15=14=13=12=11=10=9=8=7=6=5=4=3=2=1
1,20=19=18=17=16=15=14=13=12=11=10=9=8=7=6=5=4=3=2
1
19,11,22=4,30,20,21,8,1,14,2,27,24,28,35,26,25,36=34=33=32=31=29=23=18=17=16=15=13=12=10=9=7=6=5=3
7,10,5,8,9,11,1,3,2,6,4
1,2,3,4,5,6,7,8,9,10,11,12,13,14,15,16,17,18,19,20,21,22,23,24,25,26,27,28,29,30,31,32,33,34,35,36,37,38,39,40
1,3,5,7,9,11,13,15,17,19,21,23,25,27,29,31,33,35,37,39,38=36=34=32=30=28=26=24=22=20=18=16=14=12=10=8=6=4=2
3,17,28,14,11,33,20,4,22,19,30,29,18,25,15,35,1,16,36,23,38,37,27,12,21,10,9,5,6,2,31,34,26,7,8,24,32,13
18=15,17=16=11=7=6=1,4=3,19=14=13=12=5,8,20=10=9=2
3,24,11,10,17,4,14,2,8,25,19,5,28,20,15,18,26,1,6,9,27=23=22=21=16=13=12=7
