3,1,5,10=9=8=7=6=4=2
2,1,3,4,5
1,2,3
5=2=1,4=3
2=1
5=4=3=2=1
26,38,36,13,46,40,50,23,32,11,30,21,24,34,27,10,20,43,39,1,6,37,7,22,35,9,31,14,2,44,25,33,18,3,28,12,17,48,47,45,8,41,4,15,49=42=29=19=16=5
7,33,12,31,11,28,32,6,29,2,22,10,13,37,16,21,38,25,8,26,14,30,5,15,20,34,36,3,39,9,27,4,19,23,1,35,18,24,17,40
4,7,10,19,5,25,34,33,23,8,20,21,1,22,13,29,14,2,6,32,26,9,31,16,11,15,28,3,17,30,18,24,12,27
40,38,18,25,42,39,10,17,8,12,26,22,5,14,30,6,32,28,37,9,29,34,21,2,36,15,27,24,31,16,19,44,3,35,4,13,41,11,20,7,23,1,33,43
48=47=46=45=44=43=42=41=40=39=38=37=36=35=34=33=32=31=30=29=28=27=26=25=24=23=22=21=20=19=18=17=16=15=14=13=12=11=10=9=8=7=6=5=4=3=2=1
36,13,41,24,35,2,28,4,44,20,38,3,15,18,19,25,8,45,40,39=7,10,16,14,27,11,34,46,1,9,26,48,49,37,42,17,31,5,43,30,32,29,6,21,12,33,47,23,22
7,44,42,32=22,19,16,17,18,15,45,23,8,21,43,1,40,3,41,30,50,25,5,49,48,47=46=39=38=37=36=35=34=33=31=29=28=27=26=24=20=14=13=12=11=10=9=6=4=2
31=30=29=28=27=26=25=24=23=22=21=20=19=18=17=16=15=14=13=12=11=10=9=8=7=6=5=4=3=2=1
14,37,4,12,27,13,46=28,1,29,33,44,36,43,41,42,30,7,24=20,38,26,6=2,23,25,19,47,10,5,16,35=34,9,3,22,39=21,18,31=11,45,40,32=17=15=8
2,9,7,16=12,6,18,20,15=8,14=5=3,10=4,17,13,19,11,1
16=5,6,29,27=17=14,26=3,25,19,23,4,28=1,8,21=13=10,15,24,12=7=2,20,11,18=9,22
27,6,34,9,32,7,5,29,26,16,1,10,4,25,37,38,30,2,31,18,22,39,23,3,33,24,19,21,8,11,17,35,13,14,15,36=28=20=12
27,8,12,9,24,22,4,13,18,3,15,5,26,16,7,23,21=2,19,1,17,25,20,14,6,11=10
37,28,42,50,25,22,36,38,18,21,11,14,39,30,23,49,1,47,10,13,41,2,8,17,3,34,24,5,48,32,35,27,16,45,44,26,15,40,7,33=31,46,9,43=29=20=19=12=6=4
50=49=48=47=46=45=44=43=42=41=40=39=38=37=36=35=34=33=32=31=30=29=28=27=26=25=24=23=22=21=20=19=18=17=16=15=14=13=12=11=10=9=8=7=6=5=4=3=2=1
20,19=18=17=16=15=14=13=12=11=10=9=8=7=6=5=4=3=2=1
9,20=19=18=17=16=15=14=13=12=11=10=8=7=6=5=4=3=2=1
1
1,8,11,10,14,2,5,18,22=21=20=19=17=16=15=13=12=9=7=6=4=3
6,16,5,7,3,11,2,9,13,15,17,14,18,1,4,8,12,10
1,2,3,4,5,6,7,8,9,10,11,12,13,14,15,16,17,18,19,20,21,22,23,24,25,26,27,28,29,30,31,32,33,34,35
1,3,5,7,9,11,13,15,17,19,21,23,25,27,29,31,33,35,36=34=32=30=28=26=24=22=20=18=16=14=12=10=8=6=4=2
29,35,20,10,33,34,8,22,4,36,25,17,15,14,30=13,9,6,11,28,16,12,37,2,39,19,18,26,31,3,7,1,38,23,32,24,5,27,40,21
21=17=16=12=9=6,24=22=20=18=8=7,10=1,27=26=25=23=19=14=13=11=2,15=5=4=3
25,15,19,2,3,10,26=8,22,16,1,21,9,20,5,4,13,7,6,18,11,24,12,23,17=14
