3,1,5,10=9=8=7=6=4=2
2,1,3,4,5
1,2,3
5=2=1,4=3
2=1
5=4=3=2=1
8,41,13,23,26,2,15,27,36,44,16,32,45,46,43,10,9,30,31,48,17,28,25,4,12,11,14,34,7,3,50,20,6,40,47,35,42,29,18,39,33,21,37,38,1,49=24=22=19=5
15,13,3,14,35,27,12,24,37,21=4,33,32,31,17,10,18,8,7,16,9,20,36,1,26,34,19,28,5,25,23,6,2,30,22,29,11
31,3,15,18,11,1,8,13,33,36,22,16,32,35,26,2,27,23,19,12,37,6,17,24,34,7,21,28,4,25,29,10,5,30,14,9,20
5,33,22,42,20,25,21,29,8,1,37,32,17,13,34,38,40,9,35,39,30,41=36,2,7,10,12,6,24,15,19,4,11,28,31,27,26,18,3,23,16,14
46=45=44=43=42=41=40=39=38=37=36=35=34=33=32=31=30=29=28=27=26=25=24=23=22=21=20=19=18=17=16=15=14=13=12=11=10=9=8=7=6=5=4=3=2=1
42,14,15,38,30,32,12,10,29,39,16,31,34,24,6,36,9,35,23,18,8,5,27,11,13,4,1,33,17,20,3,37,40,26,28,7,21,22,19,2,41,25
41,22,5,2,49,9,50,31,36,48,37,29,44,14,27=13,19,32,39,16,10,6,33,23,42,17,45,12,47=46=43=40=38=35=34=30=28=26=25=24=21=20=18=15=11=8=7=4=3=1
40=39=38=37=36=35=34=33=32=31=30=29=28=27=26=25=24=23=22=21=20=19=18=17=16=15=14=13=12=11=10=9=8=7=6=5=4=3=2=1
7,46,15,10,16,36=4,44,9,32,39=17,49=29,12,37,18,23,1,22,25,30,45,42,11,43,34,35,8,33,19,6,24,48,38=14,20,21=13,47=41=40=31=28=27=26=5=3=2
12,16,18=14=4=3,8,27,32,28,25,30,22,26,24=17=9,29,1,13=6,5=2,10,19=7,31,23=21=20=15,11
3,18,17,21,26=2,1,16=5,19=6,27=24=13,23,10,8,25=9,22=11=4,14=7,15,20,12
21,19,32,5,22,8,13,16,28,29,1,27,25,11,4,3,23,12,31,7,9,24,2,10,17,6,18,30,20,15,26,14
5,22,9,3,19,21,1,12,16,18,10,23,20,8,15,25,7,11,17,13,4,2,24=14=6
33,9,50,18,39,17,3,40,4,15,25,38,47,10,7,16,20,32,2,28,44,14,36,27,24,5,6,34,48,8,41,11,26,43,22,13,19,37,30,35,31,29,45,49=46=42=23=21=12=1
50=49=48=47=46=45=44=43=42=41=40=39=38=37=36=35=34=33=32=31=30=29=28=27=26=25=24=23=22=21=20=19=18=17=16=15=14=13=12=11=10=9=8=7=6=5=4=3=2=1
20=19=18=17=16=15=14=13=12=11=10=9=8=7=6=5=4=3=2=1
2,20=19=18=17=16=15=14=13=12=11=10=9=8=7=6=5=4=3=1
1
7=6,4,9,20,13,16,18,2,14,10,8,22=21=19=17=15=12=11=5=3=1
4,9,1,5,12,11,13,2,7,10,14,17=15,6,8,3,16
1,2,3,4,5,6,7,8,9,10,11,12,13,14,15,16,17,18,19,20,21,22,23,24,25,26,27,28,29,30,31,32,33,34,35,36,37,38
1,3,5,7,9,11,13,15,17,19,21,23,25,27,29,31,32=30=28=26=24=22=20=18=16=14=12=10=8=6=4=2
14,11,4,20,23,24,28,15,9,13,30,21,19,25,18,3,12,6,8,10,22,32,7,1,26,31,29=27,17,5,2,16
27=20=9=7=5,35=33=31=30=25=24=22=17=3=2,34=29=18=15=12=11=6,36=28=16,23=19=13=10=8=4=1,32=26=21=14
9,21,15,23,27,11,16,25,12,19,7,22,5,26,4,24,10,18,17,3,14,1,28=20=13=8=6=2
