3
-99 -96 281
-99 -91 145
86 93 204
10
85 84 249
86 80 272
-85 99 242
81 90 196
-86 -87 125
82 81 271
-92 81 246
80 -89 280
89 87 135
-99 83 265
5
-29 79 102
99 54 260
27 -37 293
55 26 163
-81 -35 247
10
87 -81 120
-97 83 129
-83 -80 117
87 -89 126
83 94 127
-91 96 134
97 84 130
-98 -95 138
-93 93 133
-87 97 132
6
-60 -85 293
-19 25 273
-69 -22 92
-99 97 253
47 -81 198
85 32 203
3
99 91 253
94 -85 293
-97 94 227
7
-91 82 290
83 -93 252
-89 99 259
99 94 214
87 -97 208
95 86 273
-81 -95 256
10
-48 -79 190
-65 81 276
-25 -63 161
-50 -31 61
76 -57 289
-89 26 172
-85 -22 150
-73 27 135
-38 78 149
-62 17 226
10
-93 -90 131
-82 -88 123
-83 89 124
-83 -87 122
93 -90 132
-81 -90 123
99 86 133
95 -90 132
88 -87 126
-94 -85 128
4
92 -97 228
87 -84 230
91 97 291
89 96 161
10
-83 82 118
-93 -99 138
80 -87 121
94 -94 135
-92 80 124
81 -91 124
89 91 130
-88 80 121
-97 91 136
-95 98 138
10
85 -91 287
98 -99 159
88 -84 137
-97 -82 184
89 82 226
93 84 159
97 -82 173
-82 -81 289
89 -93 216
-89 88 292
10
99 -82 130
-95 -97 137
80 -81 115
-80 87 121
91 -86 128
-92 89 131
87 88 125
-87 -85 123
-81 -95 127
89 85 125
5
37 67 122
95 67 197
19 73 253
58 -16 147
32 9 119
5
0 16 109
-58 82 175
9 17 121
4 28 89
-9 47 160
10
63 -8 65
49 -33 61
-46 14 50
-14 0 16
78 72 108
80 -17 83
-97 68 120
-70 -16 73
-27 -75 81
-62 -65 91
1
-51 96 220
7
-45 -24 268
7 93 214
71 92 202
-96 40 114
53 36 223
-72 8 238
-91 -38 295
5
-99 97 253
87 -81 229
85 92 229
98 -93 275
81 -86 183
2
10 10 20
10 -10 20
4
-80 -90 238
-96 -98 254
89 -96 212
97 -99 251
1
-69 -71 171
10
84 80 118
-94 -97 138
-86 82 121
96 94 137
-84 95 129
-94 -84 129
-99 82 131
99 96 139
80 -87 121
-80 -84 118
6
53 36 223
-72 8 238
-91 -38 295
-64 -57 291
92 72 259
-41 -69 138
2
-88 89 248
-93 -84 296
10
0 16 109
-58 82 175
9 17 121
4 28 89
-9 47 160
-78 42 105
-77 -40 257
89 -18 143
17 -92 241
21 -30 53
8
1 51 63
-60 -6 75
96 70 290
-65 83 216
-23 -91 258
-49 59 126
-99 -95 201
-10 64 267
10
-87 -80 162
-87 -84 179
92 96 299
-94 95 210
97 -85 219
-92 -89 155
85 92 174
-84 -90 230
-98 82 153
99 80 140
10
86 84 122
93 97 137
98 90 136
81 96 128
97 81 128
-81 -93 126
-85 -86 122
90 -85 125
-92 -98 137
85 83 121
1
10 10 16
7
-27 98 195
57 -79 279
-99 -64 126
43 64 117
95 -93 190
3 40 203
29 38 106
8
-88 -90 148
97 80 266
82 85 191
86 -95 258
-91 81 157
-82 88 291
81 94 174
-93 85 170
10
-96 97 138
84 -99 131
-99 92 137
80 -82 116
-95 92 134
-97 96 138
96 -95 137
87 -89 126
84 -96 129
90 85 125
7
82 -74 161
-41 -75 143
-55 89 295
11 -63 274
-17 -68 265
33 -13 177
30 9 228
4
95 87 260
99 93 241
98 -96 222
92 89 176
5
-59 -56 87
-99 -71 193
6 13 211
3 -67 204
-87 11 240
7
-90 98 138
-97 80 218
82 91 167
-85 88 291
89 -94 259
83 -94 159
86 82 141
1
-93 -94 144
8
83 -99 180
86 -87 277
-86 80 163
84 -90 296
99 -92 289
-83 -85 264
-94 85 290
-83 82 268
10
93 83 126
85 -87 123
-89 98 135
96 -98 139
91 -83 125
84 -97 131
84 88 124
95 83 128
-84 82 120
88 -98 133
9
-31 -81 270
0 44 56
-64 5 175
-8 57 118
-75 55 128
4 44 177
91 -49 253
-53 78 235
-46 -85 238
2
-51 96 220
75 -99 195
10
90 93 192
-80 -93 150
99 97 160
86 -88 133
96 -83 290
-84 87 166
83 85 139
-91 83 298
91 -89 248
97 -93 204
10
-86 -96 131
85 98 132
-87 -86 125
80 97 128
-85 -87 124
95 93 135
-90 -91 129
95 96 137
-89 91 130
82 -98 129
6
14 -81 288
-17 -79 99
48 1 281
55 -71 170
6 3 20
12 -39 261
4
-92 89 169
99 -80 267
81 -85 230
93 -83 167
8
66 -6 295
36 10 173
-73 47 200
68 -79 170
-52 -47 256
-65 -5 142
74 7 232
-7 28 298
1
82 94 274
10
-81 95 126
94 -87 131
96 -98 140
-83 90 125
-92 82 126
-82 -98 130
95 -96 138
-98 89 135
-85 95 130
94 -88 131
8
92 98 138
88 92 280
-85 -86 176
82 81 278
85 -98 219
-91 81 285
-80 -99 136
-80 88 130
10
90 -83 226
82 -93 166
93 -87 210
96 -85 198
85 88 263
-93 -88 153
83 84 272
-92 80 181
-82 -81 209
-90 89 144
10
-85 -95 282
-88 -95 192
89 -98 239
82 95 264
88 -94 218
-85 -99 233
-96 -87 253
-81 -86 241
-97 85 150
86 99 153
3
54 90 233
36 -18 59
-79 97 262
6
82 -88 179
96 -87 180
-91 -98 273
-96 97 264
-95 82 244
-85 84 263
10
-96 -88 287
-94 94 222
-96 91 233
-87 99 138
83 -97 182
94 -94 139
-90 -97 171
-93 -85 298
-96 96 270
94 -84 262
7
-87 -83 253
81 -96 254
-86 -90 173
81 92 242
86 92 138
84 -91 277
90 82 168
5
66 -6 295
36 10 173
-73 47 200
68 -79 170
-52 -47 256
10
83 86 163
97 -96 288
-84 -90 126
-90 -97 282
86 -89 213
-87 99 267
87 99 193
90 88 200
-99 81 200
-93 91 180
6
91 81 247
-81 -99 259
-83 93 205
86 -80 141
-98 95 215
-99 -96 228
2
-96 95 288
81 -99 239
10
-84 -96 129
-80 84 119
-91 -87 128
84 -86 122
85 -83 121
93 81 126
-86 82 121
97 -92 135
-92 -84 126
92 -83 126
10
92 -88 261
99 90 297
84 -94 206
-88 -99 169
-99 -83 177
92 -81 212
99 -83 287
-91 97 191
87 83 228
93 -99 151
5
-99 -96 281
-99 -91 145
86 93 204
83 -87 247
-87 91 248
9
-92 -92 238
-92 -81 230
-85 87 136
88 92 200
93 97 221
-85 90 293
99 -95 258
82 -85 276
94 93 192
4
99 91 253
94 -85 293
-97 94 227
-83 83 178
10
-91 93 133
-89 95 132
96 -92 135
-90 80 122
83 85 120
-88 -87 126
88 83 123
-93 94 135
93 85 128
-91 -83 125
6
94 71 190
23 87 91
56 -30 205
22 -68 120
96 -87 180
-11 -98 101
1
-99 -96 281
10
88 96 141
-1 -13 107
-95 -16 230
18 39 120
74 37 159
82 -56 198
75 -53 183
83 -40 193
-42 -30 90
18 -26 71
5
-93 87 151
88 -99 178
-92 -87 251
-85 -85 225
94 87 142
6
63 -45 239
-6 -61 220
40 62 89
-79 -71 124
-44 15 223
78 -36 144
10
98 80 128
-87 92 128
88 -99 134
-94 81 126
84 -97 130
-97 -96 138
-90 -86 126
98 -80 128
-83 -88 122
89 -94 131
3
96 92 222
91 91 144
90 -98 161
9
55 -59 136
9 8 285
-15 -47 146
-15 14 137
-24 -45 156
14 -13 165
58 2 67
68 -24 165
97 0 230
10
-99 87 160
-88 93 263
-97 80 175
94 -94 289
81 -88 167
-96 80 188
96 -91 279
-97 -84 224
-90 96 181
93 83 130
10
-87 -84 122
81 -88 121
-92 92 132
96 -91 134
-83 87 122
-91 -90 129
-90 97 134
-98 -99 141
91 83 125
94 86 129
3
-68 3 138
51 88 173
1 -63 238
10
86 86 252
82 97 188
-88 -87 290
-92 -83 125
-94 -84 272
-82 -99 273
93 97 198
-92 -85 209
-80 -82 198
-95 -80 248
9
-90 94 166
-94 85 241
-88 80 241
98 83 266
82 -88 171
-86 94 131
90 -91 281
-99 -87 275
97 82 136
3
10 10 20
10 -10 20
-10 -10 20
10
0 -97 207
53 -77 238
-78 -40 110
-28 -83 267
96 96 213
-55 10 158
-9 84 88
26 -90 226
15 12 133
74 -75 230
10
85 -95 298
-87 -91 213
-94 -91 247
84 -91 160
92 -85 220
-81 -99 271
-83 -82 278
-96 84 181
91 -88 200
81 -82 250
2
-85 -85 225
94 87 142
7
91 82 179
-96 80 144
81 -83 287
95 -99 244
89 88 265
-95 -87 253
-95 94 230
10
-99 -82 130
93 -80 124
84 99 131
-90 94 132
81 83 117
-99 -98 142
85 96 131
-88 -97 133
95 90 133
91 86 128
10
93 86 142
-98 -95 211
97 83 180
-95 87 160
96 92 285
-86 85 288
-99 -82 272
98 89 140
-87 -99 223
-92 -86 221
9
88 -85 280
-82 92 265
85 86 254
98 95 293
-83 86 189
-88 97 203
85 97 288
-81 96 272
95 81 134
10
-89 92 190
98 -94 163
-83 97 236
-95 93 213
-89 89 293
96 98 211
92 -89 274
-86 89 234
98 -91 215
-93 -84 151
10
-92 84 126
-87 -90 128
-80 -96 127
89 84 124
88 95 132
-84 -98 131
-97 -93 136
-83 97 130
-92 97 135
-84 -87 122
3
1 5 13
5 -3 13
-3 -3 13
10
-85 -83 251
-96 85 289
-97 -85 167
-86 82 233
89 93 249
-87 96 230
-81 93 196
91 -82 229
-90 -82 282
90 -81 273
6
-81 -93 242
-91 96 160
-86 87 131
80 -92 164
-94 95 140
-80 92 287
4
-68 3 138
51 88 173
1 -63 238
36 -56 292
3
-93 -94 144
-81 92 281
-86 94 197
6
-91 -97 209
-84 -81 140
-85 -80 171
82 97 164
-94 84 141
-85 -84 121
10
-83 -87 122
86 97 131
-96 -81 127
-90 -98 135
-98 98 140
95 -90 132
81 -84 118
-97 -94 137
-85 -98 131
-85 -91 126
1
87 -1 202
4
-68 -17 251
91 -54 227
31 95 283
-86 -37 152
8
97 -83 164
89 -97 257
86 -88 296
-82 97 218
89 -95 215
-87 -98 294
81 86 254
-82 87 261
10
87 -91 128
-85 82 120
-86 81 121
-98 -93 138
-81 87 120
92 89 131
99 88 135
-82 -97 130
99 -91 137
90 -84 126
6
-81 -35 247
-53 94 244
-84 74 285
-33 2 247
1 51 63
-60 -6 75
10
-87 89 126
89 -87 126
87 99 133
-99 83 132
91 -88 128
-80 -92 123
-86 85 123
-98 84 132
-95 -80 127
-91 80 123
9
-94 -98 200
-88 86 141
94 -89 290
85 -89 191
94 85 156
-86 91 244
92 86 189
-80 -81 287
87 94 259
10
-87 -98 134
-84 91 125
-92 -86 128
-85 -86 123
-91 -87 128
81 83 117
-94 94 135
-94 -88 130
81 99 129
99 81 130
8
83 97 183
83 -82 288
98 96 155
-96 -94 186
85 86 194
-82 -80 267
95 -91 217
-93 93 205
10
90 89 128
-97 -90 135
94 86 130
93 -89 130
95 84 128
96 98 140
81 83 118
-83 84 120
-92 -91 131
-92 -82 126
7
-38 78 149
-62 17 226
-20 -50 219
93 91 160
26 99 161
68 31 244
-80 74 113
2
95 -56 230
-52 44 226
7
-52 -47 256
-65 -5 142
74 7 232
-7 28 298
99 22 246
-80 -30 89
-36 -78 110
10
94 -93 135
-88 -87 126
-91 88 128
-81 -98 130
82 -97 129
81 89 122
-87 91 128
98 95 139
81 98 129
-84 82 120
1
-25 71 244
10
82 -85 275
92 -84 145
-89 98 298
80 80 146
-85 -96 164
-92 83 255
-80 98 210
-93 95 262
-99 -84 287
-80 82 175
7
6 3 20
12 -39 261
69 -86 148
-28 -52 283
20 -53 249
97 22 295
85 -40 240
10
92 -91 276
83 -92 248
-89 89 292
-82 -82 249
92 87 266
-89 87 131
-91 -93 133
-86 -95 220
99 -85 202
93 -83 127
5
-75 -48 192
92 -77 238
27 -64 89
31 17 229
49 96 184
8
-80 -99 208
-95 -92 153
99 92 162
83 -88 149
95 89 281
-97 80 182
86 83 198
92 98 247
3
16 -51 277
19 -2 139
-50 -84 206
9
-59 -56 87
-99 -71 193
6 13 211
3 -67 204
-87 11 240
33 -82 257
71 -81 153
5 68 216
-2 56 97
10
-56 35 106
21 -19 31
71 -18 248
-13 46 59
99 91 253
54 -5 75
-57 94 269
-63 23 136
-27 -63 212
41 -36 201
10
-84 -87 196
89 99 144
-89 -85 194
-89 -81 196
-96 -87 177
80 -91 140
-84 -95 168
96 94 243
-97 -80 133
-94 -85 262
3
-26 -43 282
-80 5 129
36 -50 177
5
95 86 273
-81 -95 256
-93 94 183
-84 94 247
-93 82 147
6
86 83 296
92 -99 158
89 -86 206
-88 -92 151
80 -93 219
97 82 267
10
-93 -86 128
-93 -85 128
-92 -96 134
-97 -92 135
-82 84 119
83 -88 122
-86 97 131
91 -94 132
95 92 134
81 84 118
9
98 95 222
97 93 150
-92 92 241
-98 -84 298
-88 -91 168
-92 80 195
87 83 260
-80 -91 235
86 93 265
6
92 92 202
-81 -89 253
-83 -87 288
-98 -87 198
-83 -99 144
-86 -92 255
7
-15 -18 250
15 41 271
-15 -94 228
81 -77 201
0 16 109
-58 82 175
9 17 121
10
89 82 156
-96 -84 209
97 90 268
-82 93 235
-92 -85 213
-88 -81 128
-90 -94 300
93 -82 292
-90 82 253
83 85 191
10
-99 -84 273
81 85 248
96 81 213
83 -84 226
95 -85 202
86 98 266
-98 -82 177
84 90 254
-81 96 175
83 90 223
3
53 24 68
-89 -91 287
37 -87 170
10
92 88 291
80 -80 237
92 -81 143
89 95 256
88 -80 245
-90 96 281
-91 81 248
-85 92 132
-84 -84 188
-83 88 288
1
54 90 233
9
-92 88 218
-94 88 234
81 82 191
-99 -97 258
-94 -83 193
-83 -82 295
94 90 219
-82 -98 249
92 85 185
10
96 99 139
88 93 130
-87 -96 131
82 -97 129
-85 -93 128
-91 -92 131
-81 82 117
94 -82 126
-97 -92 135
93 97 136
10
95 -91 133
98 84 131
81 82 117
95 -90 132
94 95 135
96 97 138
81 96 127
84 80 118
99 -89 135
-94 -94 134
5
88 -81 236
93 -97 264
-96 -92 155
-94 -87 223
-97 82 243
10
91 -94 156
-90 -86 147
92 82 275
91 -96 226
84 -81 131
-98 84 179
-80 -91 227
96 -81 297
86 -81 242
-81 -81 121
10
5 -45 47
-71 -16 74
47 -29 57
20 36 43
62 -69 94
-2 1 4
-17 69 73
23 89 93
37 -18 43
-52 -62 82
10
85 93 128
-91 95 133
-90 90 129
84 -91 125
-99 -99 142
93 -83 126
-95 92 134
93 -89 130
-95 87 130
-94 97 137
5
-67 55 157
-89 85 135
50 -78 199
-62 -46 272
-45 -24 268
2
91 -92 265
-81 96 209
10
95 -93 260
-86 96 211
91 90 177
-81 -80 124
-91 91 144
97 94 165
-90 -86 194
89 85 167
-93 -80 222
92 -84 218
5
-82 -86 172
-85 -84 244
87 93 138
91 92 262
-96 80 224
9
94 -96 167
96 -84 275
86 -95 198
93 87 289
-83 83 189
89 -87 294
81 81 128
-94 95 197
97 -96 156
6
-98 82 284
89 97 233
84 88 252
-89 87 244
-97 -80 218
89 -98 154
10
-80 80 115
94 -90 132
96 -80 126
-84 -94 128
90 91 129
-84 80 118
-96 94 136
83 99 131
81 -94 126
80 -93 124
4
90 -100 160
-80 -80 150
90 80 150
80 80 245
6
-31 -81 270
0 44 56
-64 5 175
-8 57 118
-75 55 128
4 44 177
7
-27 -63 212
41 -36 201
-66 -90 270
41 52 279
66 72 158
86 52 214
84 -51 156
5
-89 -97 145
-98 88 138
88 -84 300
89 -89 152
-82 86 179
2
-87 -83 253
81 -96 254
10
90 99 135
-87 -89 126
86 -89 125
-98 92 136
-91 83 125
-93 92 132
-88 -99 134
85 83 120
-82 85 120
-86 90 126
7
91 92 262
-96 80 224
93 96 223
-92 88 131
-91 -98 295
-84 -97 181
92 92 202
10
-96 81 180
-86 -80 208
92 -86 146
81 97 298
-83 93 162
94 84 136
-98 -85 139
87 -80 174
86 86 153
-82 83 210
8
20 -97 163
7 0 266
-60 -18 65
32 -68 178
14 -81 288
-17 -79 99
48 1 281
55 -71 170
9
-90 -91 179
-97 -82 129
-88 -84 202
-88 99 233
-95 -86 280
87 -87 271
-99 83 294
80 -84 290
-86 93 234
10
-91 85 126
84 -89 124
-81 99 129
-83 93 126
95 84 128
85 -82 120
93 80 124
88 -90 127
-95 84 128
95 -86 130
6
87 -81 229
85 92 229
98 -93 275
81 -86 183
-99 -92 230
-97 -86 222
2
86 -83 278
-83 -99 258
10
-94 91 133
-88 88 127
-86 83 122
-98 -85 132
93 84 128
93 -89 130
91 83 126
-86 97 132
-94 86 130
94 98 138
10
98 -80 171
-81 -89 226
-81 92 163
93 -92 283
87 -92 300
-90 95 180
-94 -81 299
99 91 194
87 89 198
-82 98 237
6
84 -83 225
97 95 300
-81 86 174
93 -90 210
95 -87 152
-84 97 182
10
87 88 290
-86 -99 247
-94 -82 247
-87 89 250
-89 85 149
-93 91 211
98 99 266
98 96 276
87 -90 176
-95 -98 251
10
82 -96 133
84 90 292
99 -92 213
95 82 251
80 84 152
-90 98 292
81 93 263
-86 -88 167
85 95 180
86 83 271
10
91 -82 124
-80 99 129
88 -82 122
92 84 127
-80 -86 120
-82 -95 127
86 91 127
80 -85 118
-87 89 126
-89 -84 125
4
95 81 243
-95 -94 228
81 -97 198
-80 96 178
5
-56 35 106
21 -19 31
71 -18 248
-13 46 59
99 91 253
3
95 -99 244
89 88 265
-95 -87 253
8
-83 -88 127
-85 80 124
-91 90 292
-82 84 217
85 -98 181
-99 84 275
87 -87 166
88 81 273
10
99 -82 130
-95 -97 137
80 -81 115
-80 87 120
91 -86 127
-92 89 130
87 88 125
-87 -85 123
-81 -95 126
89 85 125
10
-91 98 136
-97 -95 138
-96 -90 133
-80 -90 122
80 93 124
96 -86 130
98 -83 131
93 -86 128
-99 84 131
-93 83 126
5
90 99 144
-90 97 235
-83 -97 161
90 91 139
-84 85 287
5
96 -87 180
-11 -98 101
-96 37 279
-15 42 214
-85 4 241
3
1 36 102
7 82 247
14 -99 165
2
97 98 188
82 -91 129
9
-57 -56 267
-89 89 129
-70 -56 213
-69 -59 187
-67 55 157
-89 85 135
50 -78 199
-62 -46 272
-45 -24 268
6
97 98 188
82 -91 129
80 -92 269
97 87 220
95 87 260
99 93 241
10
-89 -81 122
-90 -95 132
-95 84 128
96 -88 132
85 -81 119
99 93 137
86 -91 127
-86 -83 121
-80 85 118
96 -90 133
10
80 82 117
87 -84 123
-90 97 135
96 88 133
94 -81 126
-97 -94 138
-91 -87 128
89 -86 126
82 -89 123
-85 97 130
1
-96 95 288
1
91 -95 298
7
-99 95 155
-86 -83 144
-94 -87 196
-80 -98 178
-82 85 280
97 -86 293
96 -96 164
10
-86 -81 256
-95 -89 287
80 99 159
-89 -85 244
94 -87 189
92 84 298
87 -99 247
89 87 129
-84 -97 258
-94 -96 253
9
50 96 111
87 92 157
70 42 243
-71 -21 149
-27 98 195
57 -79 279
-99 -64 126
43 64 117
95 -93 190
5
7 46 212
-32 75 95
-17 -11 159
8 -61 160
33 -17 187
10
-97 -24 101
-5 37 39
38 61 73
-71 -90 116
78 -81 114
56 -36 68
-12 77 79
-50 58 78
-25 85 90
-81 43 93
10
-97 -95 138
88 81 122
92 88 129
-90 -81 124
-90 84 126
-84 -96 129
-98 -80 128
80 -87 120
-80 81 115
-80 -88 120
8
7 46 212
-32 75 95
-17 -11 159
8 -61 160
33 -17 187
-16 -72 111
-74 -27 290
-77 62 103
10
39 -49 64
54 36 66
31 -26 42
23 72 77
-70 82 109
-75 -25 81
31 11 34
-5 50 52
-88 61 109
57 47 75
2
-74 39 172
-77 -36 90
10
-82 82 117
-85 90 125
92 95 134
90 87 128
-81 86 120
-87 -92 129
-81 93 126
-87 -87 126
-85 -94 128
-98 -81 130
10
49 -31 59
82 -10 84
-39 26 48
92 75 120
67 0 69
-3 33 35
-39 -63 76
-43 -59 75
-46 4 48
-54 -73 92
3
98 97 168
-82 -80 193
-99 -96 211
10
97 -85 185
-82 -94 201
95 -82 189
87 83 188
-94 92 299
93 -80 141
-81 -80 186
90 -80 175
-98 -82 152
-81 -86 201
10
-93 89 257
89 -95 236
82 87 271
85 87 146
-82 99 185
-95 -90 166
-88 -91 296
84 88 177
-80 -95 282
89 -91 237
2
-83 17 116
-12 57 134
5
-60 -85 293
-19 25 273
-69 -22 92
-99 97 253
47 -81 198
7
-92 89 169
99 -80 267
81 -85 230
93 -83 167
-80 81 183
-88 93 276
98 86 272
4
-93 85 193
-82 69 127
-65 39 157
-93 -12 116
3
10 10 20
10 -10 20
-10 10 120
6
-91 -81 243
-87 98 273
97 -99 144
-99 -84 200
83 84 247
95 -93 190
10
-99 -88 149
90 -96 243
-90 -95 295
94 94 274
81 80 298
97 89 189
86 -90 150
86 93 257
-91 -90 132
-80 -89 175
2
-96 -77 296
72 -84 242
4
85 92 229
98 -93 275
81 -86 183
-99 -92 230
3
-95 -88 172
92 -97 228
87 -84 230
3
-92 -87 251
-85 -85 225
94 87 142
2
100 0 101
-90 0 91
4
82 -40 217
60 70 132
43 78 159
67 -68 113
10
-81 82 252
89 93 141
-96 -87 216
-94 94 236
-84 90 194
80 -83 195
-95 95 155
84 -90 146
85 -95 166
98 -92 171
4
29 84 160
68 35 93
-4 -98 188
-37 -13 77
10
81 -89 137
94 -89 231
-86 -82 150
93 -95 247
-98 90 214
-83 96 261
90 91 170
93 84 156
-94 92 288
95 -80 219
10
-80 -96 130
80 -86 292
-97 -89 270
89 -95 271
-95 92 242
82 88 153
-90 -92 172
96 85 258
90 -99 290
80 -84 282
5
-96 95 288
81 -99 239
91 -98 154
-93 86 211
99 91 253
10
-95 97 137
89 99 135
99 84 132
-82 85 120
-99 -99 142
92 93 132
-91 -83 126
87 -92 128
80 81 115
93 -92 132
10
-89 89 249
-96 -97 184
-86 -89 172
-83 80 280
-99 -92 250
-93 97 169
-95 -98 178
90 -92 177
81 -80 157
-90 -89 174
7
95 81 243
-95 -94 228
81 -97 198
-80 96 178
-98 82 284
89 97 233
84 88 252
4
98 -96 208
80 -80 115
82 -99 173
-86 -95 267
6
-93 -94 144
-81 92 281
-86 94 197
-99 -81 187
-83 -84 151
83 80 217
10
-94 -96 215
99 -89 227
93 88 142
82 90 253
-82 -80 180
92 83 208
84 91 194
-98 84 249
99 -82 280
-89 91 185
10
95 90 180
-84 85 165
81 -94 282
-80 -92 132
84 87 149
93 -93 197
-82 91 254
88 97 158
-81 82 170
87 95 187
10
-97 90 186
81 88 136
-93 -83 222
-97 -80 207
97 82 238
-81 80 193
88 -81 170
85 97 208
-92 -88 134
-94 -91 151
10
83 90 223
91 97 264
-81 99 207
83 97 289
-89 87 218
-85 84 171
-94 -96 173
-96 -86 184
-83 95 163
83 -95 227
3
-84 -80 127
-91 -92 133
80 82 214
10
98 -94 296
86 94 235
85 96 249
84 -80 179
-94 81 251
98 87 216
96 -94 283
88 -93 171
-94 90 196
90 83 242
7
97 -99 144
-99 -84 200
83 84 247
95 -93 190
83 80 283
89 98 277
-88 -95 171
10
-81 83 117
84 -96 129
97 -91 135
-80 -95 126
-95 -80 126
81 96 127
-83 -82 118
83 94 127
-99 -84 131
-97 -81 128
10
-80 -84 118
-91 -92 259
81 -93 259
99 94 167
-89 91 286
93 83 132
93 -90 178
81 93 135
-88 -90 142
-97 81 209
10
-87 -97 132
-91 83 125
90 -93 131
-97 -84 130
-96 -82 128
-89 -80 121
89 97 133
87 86 124
-84 94 128
-81 -90 123
10
83 80 193
90 -80 218
91 -88 202
88 -92 163
86 -90 291
85 89 253
89 -88 160
-89 -98 225
-93 -81 164
-85 92 136
10
-80 -86 180
81 -86 203
88 89 171
-90 89 242
-90 97 195
-89 -97 206
-92 80 205
82 89 149
-85 -87 284
-81 -89 178
3
-14 21 81
64 -17 251
-77 -56 114
9
61 74 197
56 0 128
43 19 299
97 79 155
-81 0 146
-61 -56 167
-68 -39 278
4 45 164
66 -76 289
4
-40 50 67
19 15 160
-47 -57 107
-47 -40 232
4
-70 -32 86
-28 6 261
-82 9 247
-80 -34 151
10
-88 -93 130
85 85 122
97 80 127
86 91 128
91 -91 131
83 -85 120
82 99 131
92 -81 124
82 93 126
-88 90 128
10
-60 -11 63
7 -84 86
-56 86 104
-94 -21 98
-62 -33 72
40 97 106
5 19 21
-27 -50 58
96 71 121
-27 24 38
1
-87 91 248
4
-5 -75 115
-26 2 286
48 48 84
-74 -21 215
10
-86 95 130
95 -86 130
-98 -92 137
81 -87 120
92 -94 133
-87 -97 132
97 -92 136
-82 -93 126
-93 -87 130
80 -87 120
6
-93 -74 211
-41 12 197
-26 34 200
-99 -21 121
-23 -4 192
63 0 89
10
-88 92 140
-88 -82 140
92 -99 282
-94 -95 258
-92 95 249
88 -91 144
88 -82 201
96 85 189
-84 81 190
-93 -92 294
10
94 -85 262
98 97 264
-87 94 267
80 -84 126
91 -94 163
-80 -86 163
87 97 294
80 86 188
95 92 281
87 -90 253
10
-94 86 150
-86 96 198
92 -99 215
-88 87 131
-89 97 202
99 -99 234
96 -85 194
95 88 221
-93 -96 300
98 98 194
10
-49 83 98
-8 -7 12
-84 24 89
-12 -46 49
-9 87 89
21 -53 59
3 -82 84
60 -39 73
-88 -93 130
-11 64 66
10
97 -82 264
87 -96 132
84 -82 190
-88 -97 272
-91 81 149
85 94 141
-84 92 204
96 93 261
83 83 145
91 96 202
10
96 -93 135
-80 -83 118
-99 82 130
-85 86 123
83 -83 120
-82 -84 120
-81 -87 121
-84 -98 132
-89 80 121
86 93 129
8
76 -57 289
-89 26 172
-85 -22 150
-73 27 135
-38 78 149
-62 17 226
-20 -50 219
93 91 160
10
80 -91 275
88 94 212
87 -81 167
93 93 133
-84 96 142
-87 98 144
92 90 246
-81 90 156
93 -81 176
80 -87 159
4
2 10 255
23 29 203
-22 85 297
-17 -96 185
6
-95 95 271
84 84 252
91 -89 141
-93 98 153
-86 -85 283
88 92 137
10
-92 -81 125
86 -83 121
-88 90 128
96 82 128
85 92 128
-99 93 137
93 -84 127
80 -98 128
87 83 122
98 -80 128
3
-92 -87 153
-98 -90 155
85 97 256
10
85 92 164
-89 98 226
-84 89 171
-97 89 178
83 93 126
-80 97 192
89 90 298
-91 -86 245
-85 -87 145
-97 81 195
3
83 -85 158
-86 -81 145
80 82 140
9
-60 70 280
-28 83 145
-96 -90 210
-21 96 291
-36 -44 86
11 -52 151
-81 96 209
-83 54 142
66 -6 295
10
96 97 276
91 99 151
95 -89 223
-97 83 147
90 -90 230
91 87 255
82 99 283
-92 -89 257
97 -84 137
-80 -98 236
10
-87 81 120
-93 92 133
83 96 128
80 -88 121
-97 94 138
-83 -97 129
90 93 132
91 -98 135
-86 92 127
89 89 127
10
-95 83 128
-97 94 137
91 86 127
80 99 129
93 -82 126
89 -97 133
-96 -86 130
-93 80 125
-84 98 132
-80 -80 115
10
-97 98 140
98 -80 129
-94 -89 132
-89 -86 125
92 99 137
-99 -94 139
-81 -94 126
-98 -92 137
-85 96 131
-85 -96 130
8
31 -75 168
62 37 201
-48 19 123
-62 41 131
-17 2 73
-44 33 288
49 39 93
86 31 206
6
-99 -91 259
-84 95 192
98 -96 208
80 -80 115
82 -99 173
-86 -95 267
7
-80 -90 255
93 91 160
86 99 179
88 91 279
-80 94 184
90 -80 199
-80 -95 179
8
-52 45 161
-59 25 263
81 59 200
19 -56 277
-60 -85 293
-19 25 273
-69 -22 92
-99 97 253
7
-86 -35 204
51 2 106
-36 40 157
21 -3 299
55 -59 136
9 8 285
-15 -47 146
1
-81 63 111
1
29 84 160
9
-60 -85 293
-19 25 273
-69 -22 92
-99 97 253
47 -81 198
85 32 203
98 -13 262
1 -66 187
-59 -92 210
10
99 -82 290
-99 96 271
90 -95 201
82 89 178
-88 88 162
-81 88 275
86 -98 138
-91 -82 253
85 97 167
-98 88 139
8
55 -59 136
9 8 285
-15 -47 146
-15 14 137
-24 -45 156
14 -13 165
58 2 67
68 -24 165
9
73 -85 133
-75 34 164
16 -61 197
-22 -4 137
53 66 295
46 -69 111
-16 -91 226
74 -27 152
31 -96 159
10
84 -92 276
-88 -93 273
-86 -84 153
83 -84 262
-98 -99 259
88 -83 188
-86 -89 285
-89 -92 177
-80 -88 190
-81 90 212
10
-85 81 248
90 99 229
-94 -98 270
88 -90 170
-88 84 267
87 -94 154
98 91 181
93 89 201
86 82 148
84 97 265
10
-80 99 209
-90 -83 224
-93 -96 222
-90 97 138
-82 -80 213
-98 81 258
84 83 177
95 -82 173
98 -93 181
85 -95 156
2
1 36 102
7 82 247
8
82 -74 161
-41 -75 143
-55 89 295
11 -63 274
-17 -68 265
33 -13 177
30 9 228
18 -81 140
7
-31 -81 270
0 44 56
-64 5 175
-8 57 118
-75 55 128
4 44 177
91 -49 253
6
0 16 109
-58 82 175
9 17 121
4 28 89
-9 47 160
-78 42 105
10
-17 -68 265
33 -13 177
30 9 228
18 -81 140
61 -68 96
83 0 280
66 -32 227
-87 30 177
4 -23 117
98 9 187
9
-42 -57 88
-78 15 290
-99 -63 191
71 -19 141
-46 -6 248
18 62 196
-97 -53 263
75 57 130
11 -7 195
10
-90 -81 185
80 -80 224
-97 82 251
88 -91 293
-99 97 195
-82 86 212
96 99 251
-83 -80 131
-90 83 258
87 89 190
10
-80 -90 203
95 87 219
92 85 277
99 -98 194
94 96 165
98 84 298
-87 -94 279
95 -81 199
-98 -81 149
81 93 163
5
87 -84 230
91 97 291
89 96 161
-91 -83 183
-80 97 294
8
97 -96 156
90 89 186
87 -83 163
98 -94 143
96 92 191
-92 94 285
-98 93 151
90 87 258
1
-33 -22 141
10
73 -1 75
-40 69 81
31 70 78
43 28 53
-45 -19 50
-75 88 117
-69 -85 111
-89 68 114
78 85 117
-9 -61 63
10
93 94 135
95 -91 134
81 92 124
-83 -84 120
-94 92 133
-98 -90 135
-86 95 131
-81 88 122
97 87 133
87 -92 129
10
91 86 295
88 87 179
-80 -92 172
-93 -88 136
-89 86 134
87 -81 195
80 -89 260
-84 98 158
-95 -89 163
-80 -94 132
10
-95 81 127
90 -96 133
-93 93 134
-89 -80 121
95 99 139
89 -87 127
-87 92 129
87 97 133
86 -98 132
97 89 134
3
-92 -53 175
55 -71 131
38 24 93
6
50 96 111
87 92 157
70 42 243
-71 -21 149
-27 98 195
57 -79 279
4
-82 96 283
96 82 277
87 93 251
96 -95 281
10
96 96 161
86 94 272
-80 -98 181
-93 -96 150
81 -83 242
-95 85 150
-98 84 192
-96 95 217
-88 -89 297
97 93 185
8
88 -96 279
96 -96 284
-91 80 241
94 -80 150
-84 -83 259
-92 97 282
-88 94 244
-98 83 149
1
-87 -83 253
10
98 88 133
84 -95 128
95 89 132
99 94 138
-96 -91 134
86 -81 120
-86 99 133
87 -91 127
-87 92 128
82 99 130
1
99 91 253
10
93 87 129
93 91 133
-89 84 125
-84 -97 130
83 90 124
84 -83 121
86 -93 128
83 96 129
-98 88 133
85 -98 132
7
-99 -96 281
-99 -91 145
86 93 204
83 -87 247
-87 91 248
93 -82 215
91 -81 231
10
-98 92 137
-84 -97 131
90 -87 128
96 98 140
-94 98 137
86 -91 128
-82 -88 122
-95 -94 136
-93 -81 126
-84 93 128
9
-88 97 192
-81 86 259
-95 -93 160
98 89 191
80 -82 231
-97 80 300
91 -82 275
92 -97 262
88 83 182
9
-91 96 212
-86 -97 255
83 83 217
95 -92 176
-80 -83 235
-96 92 160
97 -87 260
-97 97 234
94 -95 209
1
53 24 68
10
88 96 133
81 84 118
-86 -93 129
-93 99 138
-83 81 118
-89 99 136
-81 82 118
83 86 122
-98 98 140
91 -98 135
7
89 -86 206
-88 -92 151
80 -93 219
97 82 267
85 -80 260
-95 -80 205
97 -92 292
3
-80 90 225
-88 83 232
-96 -90 210
10
88 81 121
-91 91 131
92 94 133
82 -89 123
-92 -88 129
-85 89 126
-97 -87 133
92 93 133
-89 93 131
-90 -96 134
9
98 -99 155
80 -99 228
-80 84 210
86 -88 195
91 87 300
85 83 290
86 -85 138
95 89 236
-82 85 126
8
-97 83 169
91 86 152
87 -86 248
92 -80 203
-97 -88 206
-98 -88 226
-85 -97 236
83 -80 124
6
-87 88 181
99 82 228
-80 -90 238
-96 -98 254
89 -96 212
97 -99 251
10
-86 91 127
-90 85 126
-83 86 121
-85 81 120
-91 92 131
-99 99 142
91 -83 126
96 85 131
-80 95 127
86 98 133
7
-85 -85 225
94 87 142
-87 88 181
99 82 228
-80 -90 238
-96 -98 254
89 -96 212
3
-31 25 105
32 -31 130
19 -43 150
2
81 -90 134
81 -89 145
1
-82 96 283
10
89 83 124
-97 -98 148
-93 99 287
-94 99 210
87 88 278
-87 96 176
-91 98 176
80 -88 165
84 91 200
95 -88 215
6
82 54 217
37 98 176
62 -31 242
0 -12 142
37 67 122
95 67 197
10
82 -90 230
87 85 154
-80 88 184
-91 83 137
-84 -84 215
-94 -87 220
81 -95 133
-82 82 269
-93 -96 295
-99 98 234
6
-52 -47 256
-65 -5 142
74 7 232
-7 28 298
99 22 246
-80 -30 89
4
92 84 146
-60 -46 83
-2 -15 214
6 91 245
10
17 -47 56
9 83 269
14 98 190
27 53 125
78 64 253
-70 -56 171
20 -81 162
25 64 85
5 53 134
3 -72 227
4
-82 -82 215
-98 89 257
-83 -80 137
90 96 232
10
-88 -85 289
91 -88 212
90 -86 230
-97 95 188
80 -91 209
89 -88 208
-99 -84 131
94 -82 297
-95 -86 268
-87 -89 213
10
18 -21 116
0 11 297
60 19 287
31 -25 189
9 -13 261
-82 -82 215
-78 49 225
-23 -60 132
50 96 111
87 92 157
10
98 88 133
84 -95 128
95 89 133
99 94 139
-96 -91 135
86 -81 120
-86 99 134
87 -91 128
-87 92 128
82 99 131
5
-98 82 284
89 97 233
84 88 252
-89 87 244
-97 -80 218
5
-96 97 264
-95 82 244
-85 84 263
83 91 178
96 -98 281
10
90 99 136
-87 -89 126
86 -89 126
-98 92 136
-91 83 126
-93 92 132
-88 -99 134
85 83 120
-82 85 120
-86 90 127
10
92 99 259
-97 98 250
88 97 212
-83 -98 212
88 -99 283
98 -88 170
-80 -85 268
-95 81 289
-82 87 137
-98 91 261
4
-88 83 232
-96 -90 210
-81 96 159
-96 -84 163
7
25 -15 187
36 93 257
-11 82 97
43 -33 217
-29 79 102
99 54 260
27 -37 293
1
-93 85 193
10
-86 -35 204
51 2 106
-36 40 157
21 -3 299
55 -59 136
9 8 285
-15 -47 146
-15 14 137
-24 -45 156
14 -13 165
3
91 -95 298
82 97 258
-88 99 147
3
29 84 160
68 35 93
-4 -98 188
10
89 -97 250
-97 86 175
92 -94 228
-87 96 228
97 94 218
91 -92 143
-90 97 286
-83 -96 222
82 98 282
91 -97 146
10
-92 84 126
-87 -90 127
-80 -96 126
89 84 124
88 95 131
-84 -98 131
-97 -93 136
-83 97 129
-92 97 135
-84 -87 122
1
97 87 220
9
94 98 292
-89 99 220
97 80 188
-84 93 221
-83 -88 127
-85 80 124
-91 90 292
-82 84 217
85 -98 181
5
95 87 260
99 93 241
98 -96 222
92 89 176
-88 89 248
10
-67 55 157
-89 85 135
50 -78 199
-62 -46 272
-45 -24 268
7 93 214
71 92 202
-96 40 114
53 36 223
-72 8 238
5
-86 -35 204
51 2 106
-36 40 157
21 -3 299
55 -59 136
10
86 -99 141
-91 84 273
85 -80 173
97 -87 286
81 90 244
-82 96 253
91 90 167
99 -86 201
86 82 241
-93 -97 187
10
-98 -80 289
91 -92 273
-81 -95 259
-95 -81 202
-82 95 197
93 -95 166
-86 -89 130
-92 -97 182
-99 93 282
81 -96 291
8
-97 93 175
-84 -84 165
-96 95 171
-88 82 221
97 99 250
91 84 197
94 90 269
98 -91 176
1
95 -56 230
4
85 -90 290
-80 -80 220
-85 90 145
85 90 170
6
81 91 251
-80 -86 212
96 90 285
-85 83 199
-83 -91 218
-89 99 211
2
44 40 176
59 -29 279
5
0 0 4
3 0 5
-3 0 5
0 3 5
0 -3 5
9
-66 -72 226
-24 -24 81
-96 61 209
-6 -19 204
0 42 230
8 -13 181
-24 98 148
70 -21 158
80 -72 213
4
-25 71 244
11 0 272
80 28 150
19 38 260
10
98 80 129
-87 92 129
88 -99 134
-94 81 126
84 -97 131
-97 -96 138
-90 -86 126
98 -80 128
-83 -88 123
89 -94 132
2
-87 91 248
93 -82 215
10
-92 86 128
-85 -80 119
89 -86 125
-87 -97 132
-84 -88 124
85 -83 121
84 80 118
-90 -81 123
83 93 126
98 89 135
8
81 87 240
81 -98 246
-88 90 297
94 91 168
98 95 222
97 93 150
-92 92 241
-98 -84 298
3
82 -40 217
60 70 132
43 78 159
9
82 54 217
37 98 176
62 -31 242
0 -12 142
37 67 122
95 67 197
19 73 253
58 -16 147
32 9 119
10
99 -87 168
-85 87 149
-81 -87 179
-98 -97 142
-97 -84 291
94 -98 221
86 -99 256
-93 91 178
-81 85 242
89 84 292
10
72 -18 76
68 75 103
-53 -76 94
-20 -7 23
15 -9 19
53 63 84
-12 -70 73
-13 -26 31
27 28 40
28 -93 99
1
1 36 102
10
-93 -90 131
-82 -88 122
-83 89 123
-83 -87 122
93 -90 131
-81 -90 123
99 86 133
95 -90 132
88 -87 125
-94 -85 128
10
-92 81 206
-95 83 259
-91 -89 198
94 -81 300
-91 83 191
81 86 135
86 -93 164
-98 -81 226
93 -95 224
87 82 221
10
86 -82 237
-89 -88 140
-99 87 292
82 -86 222
92 -80 195
85 -87 266
-89 -82 148
90 82 148
-94 -86 288
87 -99 181
10
-89 -81 122
-90 -95 133
-95 84 129
96 -88 132
85 -81 119
99 93 137
86 -91 128
-86 -83 122
-80 85 119
96 -90 133
4
97 84 130
94 97 233
87 91 261
94 91 216
10
80 -89 121
99 -81 129
-99 83 131
84 87 122
99 81 129
-93 84 127
95 94 135
-99 90 135
99 89 135
81 90 123
7
-84 85 145
-88 97 296
-95 95 271
84 84 252
91 -89 141
-93 98 153
-86 -85 283
10
-82 84 166
-84 -81 188
92 -98 184
-94 -82 269
-83 94 286
95 -91 218
-82 -85 140
-86 94 208
-85 -96 188
83 97 238
9
90 -90 207
93 -81 141
-90 98 281
98 91 219
84 94 141
-98 86 136
-80 -91 248
-90 -86 168
-82 -97 232
10
89 84 124
-89 -94 132
98 87 133
-91 89 129
-81 97 129
-86 -85 122
85 89 125
-82 -84 119
-99 -86 133
85 80 119
7
-95 89 204
91 -83 274
-97 -88 176
93 -93 249
90 89 300
98 -81 149
81 -88 192
10
-60 -85 293
-19 25 273
-69 -22 92
-99 97 253
47 -81 198
85 32 203
98 -13 262
1 -66 187
-59 -92 210
-37 -86 160
10
-87 -84 122
81 -88 121
-92 92 133
96 -91 135
-83 87 123
-91 -90 130
-90 97 135
-98 -99 142
91 83 126
94 86 130
10
-46 -85 238
28 12 296
-28 7 265
5 78 227
0 77 157
-52 -83 160
24 -61 119
-85 7 140
66 11 211
47 64 266
9
57 -52 120
37 -28 146
6 -50 222
-56 11 235
27 17 138
-10 -76 81
92 -4 164
-33 4 205
-1 14 296
10
90 82 174
-96 -99 286
89 83 218
86 -89 200
-97 83 289
-85 93 266
-89 -89 170
-95 89 211
80 95 280
-97 -98 247
2
0 0 53
30 40 102
2
-33 -22 141
-29 41 103
10
88 90 178
-80 -93 264
83 95 146
91 -93 299
94 -99 199
-80 94 295
83 82 137
-84 -95 148
80 97 221
90 -82 156
10
-97 90 293
-85 -91 260
-82 -94 166
-85 -88 221
-87 -83 135
-80 95 179
-98 -88 221
95 -85 191
83 -93 129
93 -87 289
10
-80 80 115
94 -90 133
96 -80 127
-84 -94 129
90 91 130
-84 80 119
-96 94 137
83 99 132
81 -94 126
80 -93 125
10
91 -82 124
-80 99 129
88 -82 122
92 84 126
-80 -86 119
-82 -95 127
86 91 127
80 -85 118
-87 89 126
-89 -84 124
3
90 96 232
87 92 157
90 82 169
10
82 84 252
84 91 291
83 -94 203
85 -96 282
95 95 205
-90 93 300
-91 -90 265
-94 98 171
83 -99 228
-95 -92 287
3
82 94 274
97 98 188
82 -91 129
10
-8 -29 32
62 84 106
-33 -62 72
-37 5 39
6 -39 41
-19 52 57
-22 -67 72
17 -71 75
51 96 110
81 56 100
2
3 20 130
-18 -32 38
10
91 89 295
80 -99 238
-86 -81 157
97 95 193
98 92 140
-82 94 214
-90 94 136
-91 -96 207
97 94 294
94 88 208
8
95 81 134
80 94 231
-80 -88 132
99 90 237
-82 -84 246
-85 89 209
80 -88 144
89 -99 279
1
86 92 138
1
-83 17 116
2
-92 -53 175
55 -71 131
1
92 89 176
3
87 -1 202
-51 -53 271
-60 87 206
10
90 92 222
83 93 249
92 81 284
83 -95 231
-93 -96 192
93 90 199
85 -85 125
-97 98 277
-90 -90 150
81 -88 278
1
-83 -84 151
10
-88 82 185
89 89 258
91 -83 265
94 -82 179
-96 -91 186
-96 -86 174
93 -86 201
-81 82 281
98 83 188
-98 97 234
8
-91 96 212
-86 -97 255
83 83 217
95 -92 176
-80 -83 235
-96 92 160
97 -87 260
-97 97 234
10
95 -90 132
-86 82 120
87 96 131
97 -83 129
-96 97 138
84 80 118
-95 95 136
84 -94 128
-94 88 130
-90 -83 124
7
-48 9 143
-92 69 291
59 0 211
1 -25 220
73 -63 223
-40 1 210
-88 33 232
10
93 -85 128
-87 -98 134
88 -85 124
-92 83 126
-90 85 125
89 -81 122
92 -98 137
95 -94 136
-82 -98 130
84 96 130
2
55 -11 239
53 11 178
7
-59 -56 87
-99 -71 193
6 13 211
3 -67 204
-87 11 240
33 -82 257
71 -81 153
10
90 -84 126
88 97 133
89 92 130
82 87 121
-84 85 122
99 94 139
-97 91 136
94 98 137
-93 99 137
-93 83 126
10
94 -94 187
97 -94 234
97 82 168
83 85 249
85 -96 182
0 0 1
87 83 198
-98 -82 185
-86 81 135
87 -98 145
2
-98 82 284
89 97 233
3
-80 96 178
-98 82 284
89 97 233
5
18 -21 116
0 11 297
60 19 287
31 -25 189
9 -13 261
8
-23 -4 192
63 0 89
-61 -66 174
46 9 110
-56 35 106
21 -19 31
71 -18 248
-13 46 59
10
85 93 128
-91 95 133
-90 90 130
84 -91 125
-99 -99 143
93 -83 127
-95 92 135
93 -89 130
-95 87 131
-94 97 138
2
-93 -94 144
-81 92 281
2
53 24 68
-89 -91 287
8
-27 98 195
57 -79 279
-99 -64 126
43 64 117
95 -93 190
3 40 203
29 38 106
-68 -75 279
10
-85 80 165
85 88 212
85 -87 231
86 -83 245
96 87 251
80 -96 202
80 92 139
-96 -98 232
-97 -97 171
91 -86 265
3
3 20 130
-18 -32 38
-92 -8 121
9
-81 99 136
-95 -87 272
82 80 127
80 -93 191
-86 -82 192
-81 95 290
98 99 196
84 -82 137
99 -95 171
10
94 -90 193
95 -88 268
-90 -86 242
95 87 203
-98 -89 191
-86 93 189
88 97 166
93 94 291
-88 -97 239
-85 -87 228
8
66 -76 289
4 28 241
14 85 272
62 67 296
-54 4 152
10 28 280
-90 -83 289
-59 -91 180
10
81 -99 131
-94 -85 175
-96 85 213
-94 -89 186
-91 82 216
-89 97 232
-90 94 271
80 94 298
-96 96 147
82 -80 212
10
99 82 130
-80 84 118
-83 -95 128
86 96 130
-94 -84 128
82 -83 118
82 92 125
-84 -87 122
-96 88 132
96 92 134
2
-84 93 274
89 99 158
10
95 -91 133
98 84 131
81 82 117
95 -90 132
94 95 135
96 97 139
81 96 127
84 80 118
99 -89 135
-94 -94 134
4
-98 96 164
-86 92 226
81 -80 130
-93 -95 153
10
-89 88 127
91 -98 135
-99 83 131
-82 -89 123
-97 80 127
93 84 127
-87 93 129
87 -94 130
96 80 126
89 -99 135
10
-75 -48 192
92 -77 238
27 -64 89
31 17 229
49 96 184
-91 -23 247
-60 37 266
21 -52 88
0 -76 195
-97 49 224
10
87 93 248
89 92 294
-100 -100 292
80 -81 285
100 100 150
-87 -100 202
88 -100 142
-91 -81 130
100 86 172
-80 -89 286
5
-96 80 144
81 -83 287
95 -99 244
89 88 265
-95 -87 253
10
-89 -43 100
-2 0 4
54 -75 94
57 -83 102
71 -9 73
33 31 47
59 -19 63
-19 44 49
-83 -61 105
-19 -81 85
10
99 89 135
-90 86 126
-99 -91 136
-81 -93 125
-91 -85 126
96 -91 134
94 -81 126
98 -90 135
-84 93 127
84 97 130
4
36 -48 86
85 -81 266
99 93 150
46 -11 269
10
59 -37 71
14 -74 77
78 62 101
5 -23 25
59 51 79
86 -6 88
-89 -29 95
-31 -93 100
-2 -61 63
-12 86 88
9
-88 -96 172
-90 -80 152
-99 92 156
-86 85 249
-82 -98 268
-86 -84 267
-86 -89 191
-86 92 300
-84 96 259
10
-97 -92 220
86 -81 177
-85 88 201
90 -88 256
-89 85 146
-83 -94 202
-83 -99 250
90 82 154
92 87 135
98 -93 159
5
80 99 239
91 -85 229
89 -93 132
-82 -82 215
-98 89 257
0
