112.886317
40.890097
102.000000
17.521862
92.000000
215.773279
184.904551
61.000000
20.179351
158.366830
20.590943
108.544987
17.971577
116.776236
89.000000
9.185690
220.000000
113.721667
169.536159
17.320508
206.029206
171.000000
19.882395
138.000000
247.751495
45.217027
54.370377
73.998843
18.674781
16.000000
74.918509
101.019877
18.901337
137.505424
170.642742
87.000000
72.929074
144.000000
119.137476
21.860726
56.000000
170.991223
78.444859
19.750508
20.000000
110.774459
133.854841
274.000000
20.957228
40.873523
90.998704
108.427149
59.000000
163.942567
40.984461
91.307936
157.000988
77.592824
119.308837
224.441491
21.002489
104.525813
112.886317
129.740190
177.657343
19.313891
19.227640
281.000000
66.587966
95.756249
57.006663
17.782117
119.205080
67.000000
94.900670
18.250933
133.247679
90.909360
82.052035
14.142136
68.206887
114.981907
127.373707
128.357663
17.463920
106.188534
128.152390
112.488384
18.136870
12.000000
153.637469
82.046961
133.247679
136.444352
70.618238
18.547290
202.000000
151.734595
139.459526
19.964312
54.370377
17.060104
106.848784
16.880265
102.457933
19.013535
101.330859
209.903398
88.998767
20.784240
244.000000
96.257999
20.000000
33.412777
88.998805
83.218956
139.000000
66.986242
24.097965
50.183849
128.810846
147.000000
125.436057
17.103903
90.672139
111.772849
109.000000
74.916341
136.995156
68.000000
59.871992
233.000000
141.405827
18.114158
17.837125
154.873733
86.975947
3.890909
17.457239
122.275156
194.956551
72.225180
93.301749
103.395477
142.414595
18.765932
94.187909
56.000000
144.153979
66.613380
239.085731
17.583209
117.902058
50.494051
65.000000
129.000000
16.978091
173.614120
252.433720
21.211786
111.668197
106.078327
104.286876
98.096747
18.489708
139.383276
24.097965
222.010237
77.430374
17.481329
17.215905
78.332018
101.000000
101.835016
120.719380
116.305296
120.719380
17.563786
19.487973
288.000000
298.000000
82.500529
123.013876
45.630614
94.184777
12.880970
18.394979
71.291918
11.946086
90.000000
19.750065
10.618106
128.392876
106.226667
91.383824
115.253807
92.000000
110.774459
113.378481
17.320508
135.302594
91.740082
242.000000
175.347912
168.649378
127.373707
13.801120
100.197405
76.900970
61.789845
90.803196
70.379430
124.869446
17.995654
105.553994
139.383276
115.000000
125.558663
104.564414
70.579408
54.759045
136.320156
116.348084
129.843438
126.095671
17.387208
34.154532
18.486992
78.598343
109.513998
79.108161
114.238604
63.570737
86.000000
20.222198
9.128243
248.000000
71.593364
19.257653
64.704566
63.614034
113.590148
99.430601
8.135070
62.436346
18.509300
113.502001
82.004467
180.839215
66.095458
18.416349
146.184519
56.437306
82.291377
85.407869
61.457115
17.383006
19.088708
20.170761
71.249017
90.749996
111.930836
92.000000
106.000000
111.000000
160.000000
92.000000
45.488677
67.000000
105.795683
141.720199
122.634627
68.658648
102.000000
137.505424
56.000000
85.993729
92.280300
69.752146
103.463464
87.018483
115.639751
57.095574
141.000000
12.153284
20.215591
87.002281
20.011558
92.895653
96.525101
242.746362
77.614041
80.572313
253.000000
17.748100
253.000000
18.497019
112.886317
22.921042
114.131879
102.961281
68.000000
19.084282
146.979138
197.161253
19.600988
55.991759
80.555786
148.567000
23.297409
126.447567
104.746200
134.000000
283.000000
40.528785
121.266865
53.918833
89.000000
52.922259
41.794097
126.594279
122.623708
85.069350
18.089531
185.072147
177.661176
18.290122
87.584937
133.251783
97.000000
193.000000
106.000000
146.924800
93.000000
91.617559
17.987704
220.000000
83.727709
170.515045
111.655867
106.000000
110.221607
110.549005
109.727305
230.000000
131.124082
186.228414
176.000000
4.000000
81.000000
150.000000
20.716028
193.250865
19.761935
149.888183
132.000000
116.776236
89.405034
8.607229
102.000000
17.599792
107.917076
74.128086
19.054655
130.000000
17.524739
66.283771
115.217466
55.574725
18.208020
117.352001
92.000000
21.439471
110.811006
81.000000
119.414304
53.000000
103.000000
74.097964
86.328290
21.283256
18.471976
157.000000
132.859506
120.719380
12.324531
38.000000
75.643989
53.780150
138.000000
116.000000
127.841563
176.000000
185.092046
102.106569
151.000000
127.136735
102.961281
17.002375
143.000000
18.778841
178.000000
86.766915
22.954179
1.000000
231.809244
177.125369
116.000000
24.097965
18.307694
144.000000
68.000000
74.918509
84.567049
38.000000
60.296678
120.136146
152.000000
44.443022
16.424503
158.000000
17.837125
75.811266
18.028541
87.999929
47.603205
132.336531
3.870508
20.116696
81.204628
10.036398
127.636040
79.236686
126.619547
