10
-80 -90 183
83 96 155
-99 -82 268
-95 94 277
91 -86 287
98 80 259
85 -88 228
-89 85 134
-91 97 284
88 -83 259
10
-98 90 135
87 -93 130
81 -96 127
-92 82 125
-85 -80 119
-88 -98 134
82 85 120
-87 83 122
-97 -96 138
83 -98 131
2
10 85 262
-88 96 285
3
-95 94 230
-84 -85 168
94 -93 285
2
91 -62 248
49 12 113
7
89 -76 134
97 -19 284
26 -3 263
-23 -19 168
8 -52 68
56 72 123
11 91 145
8
-88 -96 172
-90 -80 152
-99 92 156
-86 85 249
-82 -98 268
-86 -84 267
-86 -89 191
-86 92 300
10
-99 87 173
-84 -94 201
-90 -95 163
-88 -95 161
97 -83 132
92 -85 205
-83 87 243
-84 -95 275
90 89 277
-99 84 150
4
-78 21 83
58 0 269
-67 52 124
48 -59 221
10
92 -95 171
95 -88 208
-93 82 138
94 -99 289
83 99 294
82 93 201
91 95 230
98 -84 255
90 93 229
93 80 188
10
90 88 278
95 86 246
96 -81 216
-84 -85 260
-93 86 222
-87 -94 234
-87 -93 233
80 91 229
86 88 258
-91 93 270
9
87 -50 237
93 39 119
-55 -99 295
18 81 261
0 -10 165
-3 38 183
-13 33 77
12 21 67
16 34 223
10
-91 -82 124
95 -94 135
93 -87 130
-84 94 128
-93 -90 132
90 83 124
-96 89 133
87 93 129
95 -97 138
-88 -85 124
10
-81 87 259
98 -92 145
93 -94 200
-95 82 176
-86 -89 173
-99 -83 175
-99 94 197
-80 80 251
-88 -86 234
-90 -84 200
6
83 80 283
89 98 277
-88 -95 171
-95 -88 172
92 -97 228
87 -84 230
3
10 10 20
10 -10 20
-10 -10 20
10
97 88 228
-91 -86 279
-89 98 242
95 92 169
99 -83 299
-88 -82 246
95 94 182
-98 -97 201
89 -89 145
99 -86 295
10
92 -80 276
-95 -90 140
95 85 294
-84 -94 129
80 -85 298
-80 90 243
80 -92 142
86 93 197
-92 -98 273
-94 81 135
8
99 22 246
-80 -30 89
-36 -78 110
89 -76 134
97 -19 284
26 -3 263
-23 -19 168
8 -52 68
6
-88 90 202
-87 95 210
84 -84 278
99 92 215
88 -82 300
82 80 259
10
-84 -94 227
83 92 290
90 82 274
82 -99 159
82 -91 254
-90 -94 257
99 86 273
-82 -85 276
81 85 292
93 -85 241
10
96 87 131
-81 83 117
88 92 129
-91 -80 123
-98 -96 139
81 96 127
87 82 121
94 -99 138
-84 -93 127
-93 85 128
9
-81 -91 230
-96 98 255
-92 89 276
-90 85 297
84 86 227
-89 -94 263
-87 97 279
82 90 144
90 99 159
10
94 95 177
88 91 128
81 86 256
-81 -92 275
85 98 265
-91 -86 205
97 -86 290
91 86 143
-83 -86 192
-88 95 150
6
98 -13 262
1 -66 187
-59 -92 210
-37 -86 160
-28 70 162
-67 95 165
6
-96 37 279
-15 42 214
-85 4 241
23 91 104
96 -18 199
80 14 283
10
92 -88 223
85 -88 273
-99 -84 132
90 -96 185
-81 -90 154
-87 94 280
-94 80 249
89 -86 150
88 97 218
-82 90 192
10
90 -96 137
82 -97 202
98 96 180
-84 -80 244
99 83 149
-82 92 197
-96 98 198
-91 -87 200
81 89 173
-91 97 179
8
82 -85 133
90 -90 282
-97 -82 144
88 -92 246
-92 86 131
-91 87 234
-87 -94 131
83 85 123
10
80 86 119
-86 91 127
-87 -88 125
99 -83 131
97 -86 131
83 90 124
-91 87 127
97 93 136
96 84 129
99 81 129
3
36 -56 292
-96 -77 296
72 -84 242
7
5 68 216
-2 56 97
56 42 224
27 33 233
76 -75 111
-93 -74 211
-41 12 197
10
-84 -95 128
85 94 128
89 -99 135
-93 86 128
93 -85 128
86 93 128
-89 84 125
95 94 135
-99 -97 141
82 -80 116
10
80 -81 115
82 -98 129
-81 -81 116
-91 91 131
84 -99 131
99 97 140
-96 -97 139
96 88 133
-88 85 125
-95 -95 136
10
-91 -92 267
94 -93 212
84 94 272
88 92 131
-87 -87 164
-97 -94 159
-84 83 260
93 -88 265
-96 -84 247
-97 -90 182
10
-82 -97 152
89 -80 126
88 -83 183
90 -99 237
98 91 195
85 98 169
-80 93 243
-87 82 155
88 87 252
93 -93 208
1
75 -99 195
2
0 0 53
30 40 102
3
-76 -19 144
-69 -71 171
-55 -64 129
7
97 -88 261
86 -90 294
-96 91 208
87 97 285
-90 -96 251
92 -84 205
-93 84 193
10
90 95 133
80 91 124
-94 99 138
87 94 130
92 -80 123
-84 87 122
86 -90 127
98 91 136
84 82 119
-94 97 137
1
94 -85 293
3
-4 -55 256
45 54 264
9 -19 246
10
-93 -95 134
-93 -86 128
83 81 117
-96 -97 138
86 -87 124
83 -88 122
-92 84 126
-94 95 135
-81 83 117
80 86 119
4
85 -90 290
-80 -80 220
-85 90 145
85 90 170
8
-15 -18 250
15 41 271
-15 -94 228
81 -77 201
0 16 109
-58 82 175
9 17 121
4 28 89
10
80 91 259
-87 -83 123
85 81 154
90 98 137
80 93 296
-97 -86 253
-95 -82 186
91 95 233
99 81 192
96 -96 276
6
-81 -86 270
86 89 143
-96 95 288
81 -99 239
91 -98 154
-93 86 211
10
87 -96 233
-93 89 207
-89 87 225
-98 94 264
-98 -91 193
90 -89 298
-87 98 268
-81 -82 133
96 -86 135
-84 84 142
10
95 93 134
89 -92 130
98 -82 130
-95 -92 134
-96 96 137
-92 -89 131
-99 -98 141
82 -87 122
87 -93 130
-91 81 124
10
-87 -92 129
83 83 120
-92 -99 138
-90 83 125
-97 86 132
82 81 118
-80 90 123
82 84 120
95 90 133
86 96 131
5
81 -92 256
80 -96 144
-97 89 145
87 96 268
91 98 190
8
47 -81 198
85 32 203
98 -13 262
1 -66 187
-59 -92 210
-37 -86 160
-28 70 162
-67 95 165
10
60 -14 98
74 39 296
0 79 84
33 52 212
-17 56 241
-36 -34 56
-39 61 110
26 -9 39
-89 47 290
-50 83 130
4
90 -100 160
-80 -80 150
90 80 150
80 80 245
10
-82 -91 170
90 88 132
84 -80 218
87 81 254
83 -94 138
92 96 150
-97 85 203
88 98 196
95 -96 287
-80 -95 238
10
-82 -95 252
-86 92 235
-80 87 135
-94 -94 150
88 -80 165
91 86 149
88 83 254
-83 98 166
88 93 255
-82 -83 257
5
-53 94 244
-84 74 285
-33 2 247
1 51 63
-60 -6 75
10
-65 49 83
-20 -14 26
-92 -79 123
5 -90 92
72 -28 79
-47 0 49
90 2 92
50 -90 104
-58 1 60
-32 -63 72
10
96 -97 168
-84 -86 234
-93 -81 242
87 83 185
-84 94 267
96 97 276
80 -92 179
98 -89 286
-84 -82 212
83 -96 297
10
-96 -97 139
96 97 139
-84 84 121
-99 -97 140
97 86 132
-97 95 138
-97 82 129
90 89 128
-83 93 127
-84 -89 125
10
99 -85 132
-94 89 131
-82 -97 129
84 -93 127
-86 -88 126
88 -84 124
-83 -96 129
90 83 124
-92 82 125
-84 -81 119
4
-26 -43 282
-80 5 129
36 -50 177
-4 -55 256
2
-86 -90 173
81 92 242
7
30 2 116
82 54 217
37 98 176
62 -31 242
0 -12 142
37 67 122
95 67 197
3
82 -96 228
-91 89 212
-99 94 217
5
-91 -23 247
-60 37 266
21 -52 88
0 -76 195
-97 49 224
4
86 -83 278
-83 -99 258
88 -92 284
96 92 222
10
92 83 126
87 -96 131
84 -87 123
-87 -80 121
97 -81 129
-85 -87 124
-96 84 130
99 88 134
93 -85 129
99 -94 138
8
-88 91 275
91 -95 296
-93 -96 240
91 -88 278
91 95 188
-94 -95 229
-98 91 207
-96 98 233
3
-37 -13 77
-83 17 116
-12 57 134
10
-20 -50 219
93 91 160
26 99 161
68 31 244
-80 74 113
50 -40 228
-60 -55 150
48 -96 232
-45 -30 93
7 10 30
4
-74 39 172
-77 -36 90
-95 -10 288
-32 -23 94
9
93 87 169
85 81 210
94 92 259
91 83 246
82 80 211
-92 90 297
-94 -81 227
89 91 200
99 -85 274
1
97 98 188
9
-82 84 275
87 -88 193
-81 89 238
91 -92 197
88 83 269
-99 95 276
-87 96 148
-83 89 143
-96 80 234
8
-57 -56 267
-89 89 129
-70 -56 213
-69 -59 187
-67 55 157
-89 85 135
50 -78 199
-62 -46 272
7
-15 14 137
-24 -45 156
14 -13 165
58 2 67
68 -24 165
97 0 230
17 24 265
5
54 -5 75
-57 94 269
-63 23 136
-27 -63 212
41 -36 201
2
-34 -94 229
73 -54 148
9
-99 84 275
87 -87 166
88 81 273
94 -88 130
98 96 293
94 -82 176
95 96 284
-93 -89 250
-88 -90 150
10
95 93 134
89 -92 130
98 -82 129
-95 -92 134
-96 96 137
-92 -89 130
-99 -98 141
82 -87 121
87 -93 129
-91 81 123
7
88 -96 195
-85 -90 150
87 90 195
87 -96 190
-88 87 184
81 83 271
-95 -97 232
10
-94 -88 244
-97 92 212
89 87 184
95 93 214
-94 90 244
-84 -85 260
89 99 200
86 95 188
-85 -97 170
83 -91 266
5
-99 -92 230
-97 -86 222
-88 90 202
-87 95 210
84 -84 278
3
10 10 20
10 -10 20
-10 10 120
8
-88 98 272
-92 93 277
-94 -96 259
-94 -84 211
-81 89 152
89 82 123
-92 87 291
84 98 187
10
80 86 120
-97 97 140
-90 -93 132
-89 83 124
-86 -81 120
-81 -84 118
-93 -81 126
-94 -81 126
96 -99 139
91 97 136
10
-84 88 130
95 -96 281
96 90 180
91 -95 142
-95 93 267
-96 -97 167
-87 -92 202
90 89 257
-95 -90 140
-97 -86 281
7
-91 -99 152
90 80 166
81 -92 135
-91 91 132
93 86 286
86 -96 141
81 97 187
8
-75 -48 192
92 -77 238
27 -64 89
31 17 229
49 96 184
-91 -23 247
-60 37 266
21 -52 88
10
-82 96 278
87 -91 282
-95 99 290
86 -94 292
92 -91 285
80 97 196
91 -96 134
-93 -85 237
-95 96 192
85 92 185
3
-70 -26 215
98 0 156
-63 -68 235
5
9 8 285
-15 -47 146
-15 14 137
-24 -45 156
14 -13 165
8
61 -68 96
83 0 280
66 -32 227
-87 30 177
4 -23 117
98 9 187
4 -91 191
51 -37 153
10
99 82 130
85 83 120
-95 86 130
-97 -86 131
82 -83 118
-94 -84 128
-87 -96 131
-98 94 137
-87 -91 127
-95 -83 128
10
99 -93 157
89 80 263
94 88 177
-89 -90 192
-99 -99 249
-81 -86 153
84 -92 264
90 95 214
80 -93 239
-92 83 199
1
48 32 199
10
89 -89 127
-88 94 130
99 -83 131
-84 96 129
-87 -89 126
93 85 129
-87 -86 125
-98 -94 138
-86 86 123
83 -80 117
6
-80 81 246
93 -98 150
90 98 141
-95 -83 135
-88 -98 254
-85 -80 285
9
36 10 173
-73 47 200
68 -79 170
-52 -47 256
-65 -5 142
74 7 232
-7 28 298
99 22 246
-80 -30 89
10
-81 -86 120
83 98 130
-84 -80 118
91 89 129
-83 -95 128
-99 80 129
-96 -83 128
89 -99 135
-84 87 122
-85 -93 128
3
87 26 220
-40 50 67
19 15 160
10
-81 -98 130
96 91 135
90 87 128
98 -86 132
-89 -81 123
-91 93 132
82 -97 129
89 87 127
97 -80 128
91 87 127
7
4 28 89
-9 47 160
-78 42 105
-77 -40 257
89 -18 143
17 -92 241
21 -30 53
1
-55 -64 129
2
-83 94 222
86 -86 261
8
85 84 263
-97 -87 241
-97 -94 259
85 -97 131
-88 81 187
-88 82 298
-87 87 183
98 -97 211
10
-28 70 162
-67 95 165
84 -24 226
39 92 299
8 -42 115
22 80 279
25 -15 187
36 93 257
-11 82 97
43 -33 217
10
-80 88 120
96 94 136
-88 95 132
96 -99 139
86 -96 131
92 92 132
86 -84 123
96 90 133
-96 88 133
-95 89 132
5
33 -82 257
71 -81 153
5 68 216
-2 56 97
56 42 224
10
-81 -88 203
88 88 288
93 85 266
88 -82 156
-84 87 136
-90 -90 289
99 83 170
-86 -87 275
84 -94 200
-96 80 223
10
58 2 67
68 -24 165
97 0 230
17 24 265
94 37 213
67 91 231
94 71 190
23 87 91
56 -30 205
22 -68 120
10
81 -80 189
-98 -89 192
86 -87 236
-99 -93 212
-86 87 273
82 99 240
81 -89 125
88 98 142
-84 96 248
-84 -81 178
2
-4 -87 182
16 27 242
10
-97 91 135
-84 -87 123
90 88 128
-89 -81 123
-89 95 132
-82 -97 129
81 -87 120
-88 -97 132
82 85 121
80 91 123
1
11 0 272
2
14 -99 165
-4 -13 152
5
94 -85 293
-97 94 227
-83 83 178
-87 -83 253
81 -96 254
5
-93 -84 296
-82 84 289
91 -95 298
82 97 258
-88 99 147
1
86 92 292
1
81 -96 254
10
-92 93 133
84 -84 121
86 -93 129
-90 93 131
84 95 128
-99 83 131
93 83 127
-91 80 124
80 95 127
-91 83 125
10
97 95 202
80 87 290
-97 -95 159
-92 94 194
80 -85 289
-91 -84 180
-84 83 240
-89 -97 244
92 -99 164
-94 89 260
3
-82 81 234
-97 82 227
-84 93 274
10
-80 -83 248
-92 -85 224
-88 98 170
99 88 287
-89 96 256
97 88 234
80 93 227
92 -82 146
92 -98 256
-96 -81 166
7
-89 87 244
-98 82 219
-97 -80 218
89 -98 154
97 -92 219
81 -90 134
81 -89 145
10
14 -92 95
93 -80 124
-99 -4 101
0 90 92
-96 43 107
-54 -58 81
-50 -78 94
64 12 67
-97 13 99
-77 -8 79
10
-97 -99 160
-96 -99 160
84 -88 227
83 88 273
-83 -85 243
88 -94 269
95 93 170
-99 95 170
87 -98 265
90 -84 223
10
-92 99 151
92 95 216
-99 85 283
-87 -97 208
92 -86 223
93 83 281
-84 -96 137
-82 -87 294
90 99 278
-98 88 171
2
-92 -8 121
-42 61 262
1
-51 -53 271
10
-89 -82 228
80 -95 204
85 -84 267
96 93 191
94 88 136
99 -86 176
-95 97 162
-90 82 288
-80 -87 192
96 -98 185
4
-92 -53 175
55 -71 131
38 24 93
1 82 278
6
86 -83 278
-83 -99 258
88 -92 284
96 92 222
91 91 144
90 -98 161
2
-95 -10 288
-32 -23 94
2
10 10 20
10 -10 20
3
-42 61 262
-5 -75 115
-26 2 286
10
92 94 283
-89 -97 250
-94 83 156
92 -96 166
92 88 275
86 -96 152
99 -91 193
91 -87 139
86 -83 122
85 -97 284
7
85 88 126
-82 96 283
96 82 277
87 93 251
96 -95 281
-93 -94 144
-81 92 281
4
-80 81 183
-88 93 276
98 86 272
-92 85 248
10
99 91 203
-97 -83 257
80 -95 205
81 -84 179
84 99 248
83 -96 197
-89 88 193
85 -92 222
-84 99 200
-82 -93 191
10
95 81 212
-99 80 136
96 -81 152
91 -83 132
-82 -84 211
-85 81 214
97 -98 184
-90 91 191
81 94 193
90 81 255
2
-86 94 197
-99 -81 187
10
17 -55 59
72 -38 83
-73 -20 77
42 -99 109
-84 12 86
0 -2 4
-55 0 57
-59 -80 101
-98 45 109
-52 -68 87
2
81 88 200
-80 90 225
10
94 -99 138
97 81 129
90 -85 126
-94 96 137
-99 -95 140
88 -83 123
86 -98 133
99 99 143
-97 88 132
92 -84 126
10
90 99 135
83 81 117
83 -89 123
-83 84 120
-97 80 127
90 -87 127
-89 86 125
-82 87 121
85 -81 119
-86 -88 125
10
-99 -93 179
-86 -97 206
83 81 271
-80 -88 170
90 89 246
-92 -95 245
90 99 286
94 90 254
84 -89 201
91 -82 208
5
23 91 104
96 -18 199
80 14 283
-48 9 143
-92 69 291
1
7 82 247
6
-99 -95 201
-90 84 219
-97 -96 210
-89 89 129
-90 -96 213
-89 -99 181
1
83 80 217
7
88 92 137
-88 87 280
85 98 278
80 97 187
-92 -83 178
84 -81 119
-85 87 258
6
-88 87 280
85 98 278
80 97 187
-92 -83 178
84 -81 119
-85 87 258
9
56 42 224
27 33 233
76 -75 111
-93 -74 211
-41 12 197
-26 34 200
-99 -21 121
-23 -4 192
63 0 89
2
38 24 93
1 82 278
10
90 99 135
83 81 117
83 -89 123
-83 84 121
-97 80 127
90 -87 128
-89 86 125
-82 87 122
85 -81 119
-86 -88 126
3
-4 -13 152
-93 85 193
-82 69 127
10
-60 -21 242
-96 42 221
-42 -57 88
-78 15 290
-99 -63 191
71 -19 141
-46 -6 248
18 62 196
-97 -53 263
75 57 130
4
-97 -86 222
-88 90 202
-87 95 210
84 -84 278
10
87 82 122
99 80 129
82 91 125
92 -88 129
94 98 137
92 -81 125
-96 -92 134
-80 -98 129
-87 -93 130
81 82 118
3
-51 -32 173
55 -11 239
53 11 178
10
81 94 218
-93 94 183
-85 -83 233
-97 86 213
-84 -80 207
-86 93 186
86 85 235
-86 90 182
-88 -98 264
84 -90 248
5
80 94 277
-88 89 149
-92 89 169
99 -80 267
81 -85 230
2
84 88 252
-89 87 244
3
67 -68 113
-29 -79 227
-60 38 154
10
-93 -91 132
-99 97 140
96 -80 127
-96 86 130
-82 -90 124
-85 -98 132
-92 91 131
94 90 132
-95 99 139
-96 88 133
10
-81 80 215
-91 88 206
88 94 195
99 95 238
99 97 240
-97 -93 160
86 95 160
-83 -83 166
-90 -93 162
98 88 196
9
29 -49 132
-86 -93 241
20 70 297
-48 -79 190
-65 81 276
-25 -63 161
-50 -31 61
76 -57 289
-89 26 172
10
92 85 128
95 -90 133
-95 80 127
93 87 129
-96 88 133
-82 91 124
95 -95 137
-99 -96 139
85 -90 126
-99 -93 137
10
97 -96 274
-95 87 265
-95 88 144
88 85 265
88 -97 136
-98 99 259
86 -88 140
94 97 159
95 -95 300
-84 -83 153
10
83 91 219
-92 98 172
-82 93 192
-89 -81 253
-85 95 171
-88 94 222
87 -91 292
85 98 263
97 -90 227
91 -85 194
3
84 88 252
-89 87 244
-98 82 219
1
81 -99 239
5
-87 88 181
99 82 228
-80 -90 238
-96 -98 254
89 -96 212
1
96 82 277
3
87 81 140
98 -81 240
80 91 159
6
-77 -40 257
89 -18 143
17 -92 241
21 -30 53
21 -29 77
1 28 255
7
18 -81 140
61 -68 96
83 0 280
66 -32 227
-87 30 177
4 -23 117
98 9 187
10
90 85 125
83 92 126
-91 -98 135
-94 -83 128
-82 85 121
-91 -97 136
-85 91 126
87 95 130
85 89 126
91 82 125
10
99 93 137
-87 86 124
88 92 129
96 91 135
-99 -86 133
-84 86 122
95 -84 128
-86 89 125
-91 83 125
-96 91 134
6
98 -96 222
92 89 176
-88 89 248
-93 -84 296
-82 84 289
91 -95 298
2
21 80 209
-86 91 136
10
81 -86 174
-99 98 206
85 -85 283
-85 92 262
-82 89 203
86 -91 264
-99 -91 271
-88 82 204
-85 91 258
-87 94 223
9
3 40 203
29 38 106
-68 -75 279
-75 -48 192
92 -77 238
27 -64 89
31 17 229
49 96 184
-91 -23 247
1
-29 41 103
10
95 98 138
-88 -83 122
86 -81 121
82 -84 119
86 88 125
-81 91 123
-93 -96 136
82 87 121
81 -86 120
-82 -81 118
5
86 -89 137
-84 93 135
89 -91 169
97 83 137
94 -95 154
2
-87 88 181
99 82 228
1
10 10 16
10
-99 86 158
81 -96 165
95 98 210
-87 85 167
88 94 170
99 -99 198
83 81 162
99 83 294
95 -93 235
88 83 283
6
91 -88 128
80 -97 207
-87 86 246
-96 91 163
-92 -91 142
-97 99 158
10
92 92 281
-99 96 294
99 -87 277
91 93 245
-92 -95 135
89 -82 214
-94 96 163
-93 -99 260
-91 80 179
97 93 182
3
91 97 291
89 96 161
-91 -83 183
2
88 -92 284
96 92 222
4
-91 -83 183
-80 97 294
81 -92 256
80 -96 144
9
28 12 296
-28 7 265
5 78 227
0 77 157
-52 -83 160
24 -61 119
-85 7 140
66 11 211
47 64 266
10
98 -93 167
-81 97 167
-99 93 149
96 -91 293
-89 -96 170
-92 -80 228
-87 89 276
-90 88 241
87 89 176
-89 -82 204
8
26 99 161
68 31 244
-80 74 113
50 -40 228
-60 -55 150
48 -96 232
-45 -30 93
7 10 30
9
90 89 186
87 -83 163
98 -94 143
96 92 191
-92 94 285
-98 93 151
90 87 258
96 86 190
86 -85 297
10
2 69 246
20 22 200
62 22 68
66 -19 270
-23 53 180
-16 88 205
73 -85 133
-75 34 164
16 -61 197
-22 -4 137
10
-35 -75 84
72 -15 75
86 98 132
9 -66 68
41 67 80
-13 90 92
64 -90 112
-23 23 34
-46 -80 94
39 -72 83
10
-90 91 286
-86 -83 211
-95 -82 264
-84 85 125
-83 90 233
98 -96 251
83 -84 199
-86 -93 269
-93 93 260
-92 -96 238
10
88 -86 126
-81 85 119
86 -85 123
86 -83 122
82 -83 119
95 -89 132
83 -97 129
-88 92 130
81 -82 117
91 90 130
10
69 43 83
64 39 76
83 53 100
24 -38 46
-6 -12 15
-38 -20 44
68 -19 72
-17 54 58
76 49 92
0 14 16
6
91 82 179
-96 80 144
81 -83 287
95 -99 244
89 88 265
-95 -87 253
1
93 -82 215
4
-29 -79 227
-60 38 154
-19 3 249
23 72 109
9
-95 -88 246
94 91 245
96 90 213
-99 -85 213
-91 82 168
84 86 143
-88 -88 134
83 97 183
83 -82 288
10
90 92 274
-92 -96 193
-93 -90 184
90 94 237
-83 -90 273
81 -85 279
99 -84 287
89 98 205
85 -90 283
-87 -94 242
3
1 5 13
5 -3 13
-3 -3 13
5
-83 -80 137
90 96 232
87 92 157
90 82 169
-91 -81 243
8
99 99 288
85 81 214
82 -93 144
98 -91 154
-90 -91 179
-97 -82 129
-88 -84 202
-88 99 233
4
-17 -48 164
-69 -49 230
67 50 222
-78 -88 215
6
-36 -78 110
89 -76 134
97 -19 284
26 -3 263
-23 -19 168
8 -52 68
9
-37 -86 160
-28 70 162
-67 95 165
84 -24 226
39 92 299
8 -42 115
22 80 279
25 -15 187
36 93 257
5
-16 -72 111
-74 -27 290
-77 62 103
18 9 232
25 35 81
10
92 -98 197
86 98 170
-85 -84 276
82 94 214
81 95 179
-81 -86 262
-90 -80 130
94 -95 175
-86 90 126
-94 -87 173
4
-4 53 150
82 -68 238
19 -79 233
15 0 275
5
89 -98 154
97 -92 219
81 -90 134
81 -89 145
81 88 200
3
98 97 168
-82 -80 193
-99 -96 211
10
83 -81 117
94 -86 130
-88 96 132
86 86 123
95 -80 126
-89 -85 125
99 81 130
-95 -94 135
94 -98 138
87 -92 128
10
87 86 125
84 88 124
97 -97 140
-95 85 129
83 89 124
-85 89 126
86 -97 132
-87 -93 129
95 -94 136
84 -96 129
10
23 54 60
7 5 10
-1 94 96
42 84 95
3 52 54
-60 -66 91
47 -83 97
43 90 101
-23 -9 26
-93 -36 101
10
80 -81 115
82 -98 129
-81 -81 116
-91 91 130
84 -99 131
99 97 140
-96 -97 138
96 88 132
-88 85 124
-95 -95 136
10
99 82 131
85 83 121
-95 86 131
-97 -86 132
82 -83 119
-94 -84 129
-87 -96 132
-98 94 137
-87 -91 127
-95 -83 129
10
-97 -97 186
93 -82 269
92 85 220
99 94 283
97 -97 202
-91 94 264
-82 -80 181
-93 -93 210
-97 -85 202
88 -92 199
1
-82 69 127
6
40 -20 157
2 -19 219
-86 -35 204
51 2 106
-36 40 157
21 -3 299
8
99 91 253
54 -5 75
-57 94 269
-63 23 136
-27 -63 212
41 -36 201
-66 -90 270
41 52 279
10
-91 -38 295
-64 -57 291
92 72 259
-41 -69 138
-23 -27 249
-58 -47 210
-63 -79 276
-66 -52 296
-18 -97 242
-83 -61 251
4
87 92 157
90 82 169
-91 -81 243
-87 98 273
10
93 -94 134
-88 83 122
91 88 128
81 -83 117
96 -96 137
-96 -97 138
92 -84 126
90 85 125
-88 96 132
-81 93 125
6
-99 -64 126
43 64 117
95 -93 190
3 40 203
29 38 106
-68 -75 279
4
82 84 180
95 -89 290
98 94 190
-84 -85 213
10
-94 97 171
-89 -84 289
-87 -97 141
-84 -92 155
-85 83 265
-83 97 189
97 -80 254
90 97 190
-95 -80 258
86 -92 264
10
97 91 155
-88 94 298
80 97 209
81 -97 192
-86 -90 248
-92 91 279
-98 95 148
86 -82 294
-95 -86 133
-93 -99 168
3
-21 68 240
65 -22 296
-29 -81 170
5
-95 95 223
-82 84 206
93 87 286
87 -84 264
-96 95 212
7
38 46 237
-52 45 161
-59 25 263
81 59 200
19 -56 277
-60 -85 293
-19 25 273
10
-91 97 230
-86 85 262
92 99 140
93 -84 291
-96 -80 245
-98 89 175
91 -83 169
87 -98 171
-97 88 224
-88 84 255
10
-89 92 131
-90 89 128
94 92 133
-85 91 126
-89 -86 126
-81 94 126
93 -86 129
-83 -89 123
-95 81 127
-95 -98 139
10
-97 -86 149
90 91 257
89 -89 204
-84 -82 137
-92 -97 266
-86 97 290
-80 -89 187
87 89 188
-94 81 154
-95 -96 149
10
84 89 124
94 -87 130
93 -86 128
-91 -99 137
-84 -97 131
-84 -95 128
-84 -99 131
-99 -85 132
94 -88 130
-93 -96 135
1
-52 44 226
10
-88 -97 132
-82 -98 129
-86 91 127
95 82 127
-96 83 128
-97 -88 132
95 92 134
-89 87 126
90 97 134
90 -84 125
10
96 87 132
-81 83 117
88 92 129
-91 -80 123
-98 -96 140
81 96 128
87 82 121
94 -99 139
-84 -93 128
-93 85 128
10
94 86 234
-96 -95 258
-99 -89 282
-82 88 181
-93 -94 265
84 -94 175
93 -89 199
92 87 162
-84 98 278
-93 85 225
9
90 85 248
96 -94 196
96 -85 191
-88 -90 148
97 80 266
82 85 191
86 -95 258
-91 81 157
-82 88 291
9
-48 69 87
-93 -84 296
-62 44 119
31 -75 168
62 37 201
-48 19 123
-62 41 131
-17 2 73
-44 33 288
10
-90 86 207
96 90 138
-97 -80 221
95 98 279
-88 88 138
-95 86 211
-84 -90 212
-91 84 246
-82 89 208
-83 83 273
7
-53 78 235
-46 -85 238
28 12 296
-28 7 265
5 78 227
0 77 157
-52 -83 160
3
95 83 212
-89 -91 216
-81 -82 209
7
97 -99 251
86 -83 278
-83 -99 258
88 -92 284
96 92 222
91 91 144
90 -98 161
10
-81 -93 206
-85 -88 176
-92 84 216
-93 -94 250
-95 99 196
-99 95 198
-80 -94 277
-95 82 297
-80 -85 199
-82 -88 193
10
-31 -34 48
33 -43 56
11 94 96
-45 0 47
10 -41 44
-52 64 84
-42 81 93
-59 15 62
85 95 129
75 -93 121
3
-87 88 181
99 82 228
-80 -90 238
4
-98 82 284
89 97 233
84 88 252
-89 87 244
2
91 -81 231
85 88 126
5
85 32 203
98 -13 262
1 -66 187
-59 -92 210
-37 -86 160
10
-91 -86 127
-89 -97 133
-91 -89 129
-88 96 132
95 85 129
96 -80 126
-97 93 136
-83 89 123
93 91 132
-88 -93 130
10
83 -99 170
93 -96 258
98 -82 194
-90 96 268
-86 -80 169
-90 97 225
91 97 300
95 -82 144
-81 81 176
93 -95 211
4
91 82 179
-96 80 144
81 -83 287
95 -99 244
10
-97 -80 191
81 96 272
-97 -82 180
-85 89 278
99 -81 272
95 80 174
-88 94 167
80 -90 195
-93 -94 281
82 91 126
2
100 0 101
-90 0 91
4
-87 -83 253
81 -96 254
-86 -90 173
81 92 242
10
89 90 128
82 88 123
-84 89 125
90 -80 122
91 95 133
-84 -80 118
92 95 134
95 -80 127
-88 -83 122
-81 -84 119
8
-91 87 258
-87 -85 295
-98 -82 218
-86 -96 229
-87 -80 258
81 -83 221
-83 93 233
89 94 139
5
93 96 223
-92 88 131
-91 -98 295
-84 -97 181
92 92 202
8
-88 -91 168
-92 80 195
87 83 260
-80 -91 235
86 93 265
96 93 203
93 -89 201
80 97 134
10
86 80 219
-97 -92 255
82 91 163
97 80 178
89 85 251
97 95 158
-90 -91 129
98 -88 271
-80 -86 163
-93 91 169
3
49 -59 83
-51 96 220
75 -99 195
6
83 91 178
96 -98 281
80 94 277
-88 89 149
-92 89 169
99 -80 267
9
96 93 203
93 -89 201
80 97 134
99 84 220
-95 -83 196
-98 -85 201
-88 -88 128
-91 -81 260
-88 88 175
9
87 -83 130
-37 -73 288
76 51 168
-48 -72 260
-20 17 259
97 36 240
15 -54 97
-76 -39 90
37 -10 198
10
21 -29 77
1 28 255
-60 70 280
-28 83 145
-96 -90 210
-21 96 291
-36 -44 86
11 -52 151
-81 96 209
-83 54 142
10
94 -80 235
82 -86 264
-89 -81 231
-88 -94 225
-96 89 264
82 90 286
92 82 202
-86 -95 273
88 87 228
97 -93 250
10
-80 85 124
96 -87 214
-91 -99 198
89 87 182
88 86 162
91 97 242
-84 -97 277
-96 -82 146
96 86 210
-84 80 275
8
18 9 232
25 35 81
32 -34 278
4 -53 55
-31 -81 270
0 44 56
-64 5 175
-8 57 118
10
-92 81 231
-81 -88 155
-86 92 131
-99 95 178
-88 -96 267
-82 -90 230
90 -93 208
-97 -89 263
-90 -89 149
-82 87 279
10
95 -93 260
-86 96 211
91 90 177
-81 -80 124
-91 91 144
97 94 165
-90 -86 194
89 85 167
-93 -80 222
92 -84 218
1
68 35 93
9
7 93 214
71 92 202
-96 40 114
53 36 223
-72 8 238
-91 -38 295
-64 -57 291
92 72 259
-41 -69 138
3
-83 83 178
-87 -83 253
81 -96 254
10
-81 80 115
-80 85 125
-98 -90 230
91 87 227
-93 -98 189
82 81 273
-93 88 260
-98 -93 232
91 -87 192
88 98 283
10
-66 -90 270
41 52 279
66 72 158
86 52 214
84 -51 156
30 2 116
82 54 217
37 98 176
62 -31 242
0 -12 142
4
91 -92 265
-81 96 209
-83 94 222
86 -86 261
10
87 -90 144
-94 -85 269
-84 86 155
-82 -92 150
-88 80 139
92 -84 274
-89 93 280
-80 93 190
84 97 263
-94 -93 200
10
30 29 43
5 64 66
96 43 107
23 -71 76
71 -37 82
71 92 118
47 -25 55
17 -15 24
6 23 25
15 -1 17
9
97 96 196
83 -82 221
-94 95 281
97 -83 164
89 -97 257
86 -88 296
-82 97 218
89 -95 215
-87 -98 294
6
-61 -66 174
46 9 110
-56 35 106
21 -19 31
71 -18 248
-13 46 59
3
83 -87 247
-87 91 248
93 -82 215
7
-64 -57 291
92 72 259
-41 -69 138
-23 -27 249
-58 -47 210
-63 -79 276
-66 -52 296
10
-99 -95 140
-83 -87 122
-92 81 125
88 -93 130
84 -90 126
-85 92 128
98 85 132
-98 98 140
82 -98 130
-95 96 138
10
94 94 222
-98 82 248
93 -87 199
-99 96 300
-91 90 210
-95 86 142
-87 -94 242
-84 -89 185
-89 -84 154
93 -93 202
10
-86 95 130
97 93 136
85 -87 124
92 92 132
-95 99 139
86 92 128
99 89 135
81 -96 128
-85 -84 122
87 81 121
5
81 91 251
-80 -86 212
96 90 285
-85 83 199
-83 -91 218
1
36 -18 59
4
-88 89 248
-93 -84 296
-82 84 289
91 -95 298
3
1 82 278
55 -10 203
14 55 134
5
0 0 4
3 0 5
-3 0 5
0 3 5
0 -3 5
2
37 -87 170
-76 -19 144
5
98 89 152
85 95 157
92 -94 289
84 -93 199
-91 -81 246
10
-98 91 135
90 89 129
87 89 127
-90 -81 124
-81 86 120
-86 84 122
-92 -92 132
-85 -96 131
97 92 136
96 87 131
10
-84 -95 128
85 94 128
89 -99 135
-93 86 128
93 -85 128
86 93 128
-89 84 124
95 94 135
-99 -97 140
82 -80 116
8
-56 60 299
70 71 182
95 -86 140
-61 -97 173
0 -97 207
53 -77 238
-78 -40 110
-28 -83 267
10
90 -96 230
87 98 204
88 90 229
91 -90 214
93 95 294
83 99 166
-90 88 202
89 91 149
97 -89 294
90 -86 140
10
90 85 125
83 92 125
-91 -98 135
-94 -83 127
-82 85 120
-91 -97 135
-85 91 126
87 95 130
85 89 125
91 82 124
10
-93 85 128
84 -99 131
94 -85 128
99 -84 131
-87 -80 120
-93 -82 125
80 87 120
88 81 121
80 -96 126
-88 87 125
7
-95 -20 195
57 -52 120
37 -28 146
6 -50 222
-56 11 235
27 17 138
-10 -76 81
10
95 -95 245
80 -89 241
-87 -89 144
82 -94 225
-83 -97 243
-90 83 184
86 90 276
82 -98 140
96 93 276
83 -98 215
10
-89 -97 133
-95 89 132
81 -88 121
96 -95 137
96 -93 135
96 -80 126
90 86 126
84 -91 125
-86 96 130
-92 80 123
10
25 -14 266
48 61 273
20 -97 163
7 0 266
-60 -18 65
32 -68 178
14 -81 288
-17 -79 99
48 1 281
55 -71 170
1
-12 57 134
10
82 -91 124
-80 82 116
91 -82 124
92 90 130
88 92 129
95 -90 132
91 93 132
-99 -87 133
96 99 139
-94 80 125
9
80 -80 245
-88 91 236
-95 87 180
-97 83 132
94 98 178
93 92 145
83 -98 132
86 84 259
91 -91 261
9
4 28 241
14 85 272
62 67 296
-54 4 152
10 28 280
-90 -83 289
-59 -91 180
-56 60 299
70 71 182
10
-92 89 144
-84 99 271
99 84 253
90 94 151
86 82 180
99 85 155
99 81 256
80 -99 142
-86 92 282
80 92 202
1
95 87 260
1
-88 89 248
7
55 26 163
-81 -35 247
-53 94 244
-84 74 285
-33 2 247
1 51 63
-60 -6 75
10
-94 -81 129
-94 98 287
-96 84 268
90 -82 285
-91 80 158
-86 86 139
-86 93 214
-84 -90 195
-94 -84 297
-96 -93 162
6
-95 -83 279
91 83 125
92 -96 139
90 -81 243
-88 -87 181
-83 -90 143
5
93 -82 215
91 -81 231
85 88 126
-82 96 283
96 82 277
10
98 96 266
-94 -99 209
-95 -95 282
-90 -99 291
-82 96 258
97 93 234
93 -94 272
98 98 278
88 -88 223
-93 -80 178
10
-84 -88 124
-89 -95 133
83 91 125
-91 -84 125
-87 -91 128
97 93 136
93 -81 125
-82 93 125
-89 -88 127
-93 83 127
5
-95 94 230
-84 -85 168
94 -93 285
98 82 234
88 -84 256
10
84 95 169
91 -94 297
-83 83 213
83 -91 149
81 -98 261
-85 -92 130
86 -85 128
93 -99 263
-98 -81 298
-94 -81 229
7
-84 -85 168
94 -93 285
98 82 234
88 -84 256
97 80 294
97 84 130
94 97 233
9
17 24 265
94 37 213
67 91 231
94 71 190
23 87 91
56 -30 205
22 -68 120
96 -87 180
-11 -98 101
6
-96 91 208
-88 98 173
83 98 273
-87 89 167
85 -88 230
87 -81 138
10
80 98 128
-90 -92 130
-88 86 125
-82 89 123
-80 -94 125
-84 93 127
82 -88 122
99 -99 142
95 -80 126
-87 -97 132
7
50 -40 228
-60 -55 150
48 -96 232
-45 -30 93
7 10 30
7 -56 87
-48 67 138
7
-68 -75 279
-75 -48 192
92 -77 238
27 -64 89
31 17 229
49 96 184
-91 -23 247
10
-88 93 130
83 91 125
-87 -88 125
-82 -92 126
87 91 128
-91 -93 133
98 85 131
96 -86 131
84 -99 132
-87 96 131
10
-63 68 94
29 79 86
-10 97 99
-80 -67 106
-31 97 103
13 45 48
-85 -45 98
26 83 88
-6 91 93
-87 -82 121
6
-98 -97 164
-83 -81 131
87 86 230
-92 95 247
-97 -91 267
88 -81 236
8
83 84 150
98 91 163
95 -99 167
87 -99 251
82 -84 216
-98 -87 263
-92 -91 153
-94 -96 294
7
83 -80 128
86 -92 239
-87 90 159
84 -83 220
98 89 199
84 -91 239
91 -97 251
3
80 -92 269
97 87 220
95 87 260
10
-93 -95 134
-93 -86 129
83 81 118
-96 -97 138
86 -87 124
83 -88 123
-92 84 126
-94 95 135
-81 83 117
80 86 119
10
-91 97 245
-83 88 143
-92 -86 264
-89 -85 210
-96 99 151
-80 94 291
-88 97 145
96 85 291
95 98 289
96 99 149
5
-48 69 87
-93 -84 296
-62 44 119
31 -75 168
62 37 201
5
-78 42 105
-77 -40 257
89 -18 143
17 -92 241
21 -30 53
5
-82 -82 215
-78 49 225
-23 -60 132
50 96 111
87 92 157
9
80 94 231
-80 -88 132
99 90 237
-82 -84 246
-85 89 209
80 -88 144
89 -99 279
-88 91 275
91 -95 296
6
69 -86 148
-28 -52 283
20 -53 249
97 22 295
85 -40 240
-95 -20 195
7
82 94 274
97 98 188
82 -91 129
80 -92 269
97 87 220
95 87 260
99 93 241
3
-81 96 159
-96 -84 163
91 -92 265
10
96 92 234
-88 -94 172
-82 -83 287
-97 87 211
84 99 156
94 88 130
84 -81 264
91 -84 144
94 -87 215
97 86 233
10
82 -91 125
-80 82 117
91 -82 124
92 90 130
88 92 130
95 -90 133
91 93 132
-99 -87 133
96 99 139
-94 80 126
8
94 -88 130
98 96 293
94 -82 176
95 96 284
-93 -89 250
-88 -90 150
97 -82 299
-99 98 244
4
-96 -77 296
72 -84 242
10 85 262
-88 96 285
2
-82 84 289
91 -95 298
8
6 3 20
12 -39 261
69 -86 148
-28 -52 283
20 -53 249
97 22 295
85 -40 240
-95 -20 195
10
-3 -41 43
-5 14 16
36 96 104
-93 88 130
34 -92 100
46 -61 78
57 -92 110
-66 55 87
13 -56 59
77 76 110
4
53 24 68
-89 -91 287
37 -87 170
-76 -19 144
2
80 -92 269
97 87 220
10
-91 -86 128
-89 -97 134
-91 -89 129
-88 96 132
95 85 130
96 -80 126
-97 93 136
-83 89 123
93 91 132
-88 -93 130
10
-85 -98 131
82 80 116
96 97 139
83 93 126
-89 98 134
-85 85 123
-87 87 126
-80 -93 124
-92 99 137
89 96 132
10
84 91 169
91 81 160
88 -83 176
97 84 250
84 95 137
87 84 176
-95 -92 150
82 87 244
83 -94 128
89 -81 224
8
-97 90 144
-87 86 232
-98 -98 182
-83 81 283
98 93 245
97 84 299
-99 92 224
99 92 249
7
-81 -89 253
-83 -87 288
-98 -87 198
-83 -99 144
-86 -92 255
-98 -97 164
-83 -81 131
10
-88 83 122
-89 96 132
86 81 120
-83 93 126
87 81 120
-96 -97 138
-83 80 117
89 90 128
85 -85 122
-85 96 130
2
-7 -30 135
-60 -16 195
1
-89 -91 287
7
-92 85 248
-99 85 134
81 99 177
99 -96 187
-80 -85 227
-89 -82 294
-99 97 253
8
82 92 220
81 -80 207
-89 -92 185
88 -94 296
-96 83 220
97 -92 280
98 92 169
84 -87 211
10
92 84 127
85 -82 121
84 83 121
96 -84 129
-86 91 127
96 -89 132
86 -94 129
-82 87 121
-83 96 128
84 94 128
3
-91 -81 243
-87 98 273
97 -99 144
7
-93 94 183
-84 94 247
-93 82 147
81 91 251
-80 -86 212
96 90 285
-85 83 199
10
-92 81 259
80 97 138
-84 89 287
93 -99 151
89 82 240
-97 89 273
98 90 241
-87 98 263
-84 92 284
-85 -89 228
9
95 -81 205
95 94 251
-86 -91 216
92 92 300
-82 96 170
93 -95 202
-85 -91 205
83 -99 180
86 -87 277
10
82 -91 290
88 -87 210
-91 -98 180
91 -89 251
97 82 260
-97 92 201
-96 94 217
-91 82 136
-82 -92 245
91 88 195
9
80 99 143
81 -83 253
-88 -95 215
88 -96 200
-89 -85 260
83 -81 226
-83 96 274
84 -83 261
-96 -97 186
10
82 95 127
-97 88 132
89 89 128
96 -99 139
-90 -89 129
95 -82 128
88 -93 131
84 -99 131
80 -85 119
-93 -95 135
6
-23 -27 249
-58 -47 210
-63 -79 276
-66 -52 296
-18 -97 242
-83 -61 251
4
-33 -22 141
-29 41 103
21 80 209
-86 91 136
10
84 89 137
-86 -94 169
90 96 186
88 87 280
97 82 251
97 81 232
86 88 215
-96 -92 242
-82 -91 186
96 81 230
10
93 95 267
-82 89 218
-86 -82 166
82 -96 242
91 85 241
99 98 300
82 97 148
-89 -92 247
-86 -94 142
-97 81 239
6
96 70 290
-65 83 216
-23 -91 258
-49 59 126
-99 -95 201
-10 64 267
4
83 87 162
96 -90 173
82 -88 179
96 -87 180
1
-99 -91 145
10
-80 91 123
-96 -81 127
-98 -84 131
96 96 137
89 -90 128
-98 89 134
91 82 124
-86 98 132
88 90 127
-89 92 130
2
91 -98 154
-93 86 211
10
81 -95 127
86 85 123
-98 88 134
-94 98 137
89 99 135
84 -96 130
-90 98 135
-82 -99 130
-91 -82 125
96 -95 138
3
-99 -91 259
-84 95 192
98 -96 208
10
96 -88 132
95 91 133
80 99 129
93 97 136
-97 -90 134
-86 -83 121
93 -97 136
-97 96 138
-90 -80 122
88 83 122
4
20 -85 296
-47 49 136
-9 -24 227
-13 -35 147
10
83 -96 232
89 94 151
-80 91 140
-84 88 268
-93 91 169
99 -93 161
-84 -89 205
-92 -82 218
-92 80 135
85 -90 271
10
-85 91 126
-99 81 129
-80 80 115
88 -99 134
82 86 120
93 84 127
-89 -83 123
92 97 135
-87 -89 126
-83 84 120
7
-95 -88 172
92 -97 228
87 -84 230
91 97 291
89 96 161
-91 -83 183
-80 97 294
10
94 92 134
95 -95 136
88 89 127
99 -89 135
-86 95 131
96 -99 140
85 -95 129
-91 -99 136
-94 96 137
87 -87 126
6
85 -80 260
-95 -80 205
97 -92 292
97 -88 261
86 -90 294
-96 91 208
1
82 97 258
10
4 -91 191
51 -37 153
-17 19 270
99 -40 131
-11 52 143
-37 -67 234
46 -75 182
-37 -90 126
33 -3 192
-28 2 228
8
96 86 190
86 -85 297
82 85 161
-92 -92 240
-88 -90 264
-89 97 249
-80 99 234
88 99 139
10
0 0 1
89 -82 142
-81 97 237
93 -94 299
92 83 298
89 -89 146
82 -84 131
83 -90 186
91 -87 134
-97 95 208
2
-15 -53 102
74 59 293
10
83 -89 123
-84 96 130
-82 99 131
-89 -94 132
95 -99 140
-82 90 124
83 -97 130
83 86 122
80 85 119
-99 82 131
10
-94 -91 133
-91 99 136
-80 90 123
-81 92 124
99 -89 135
98 97 140
91 91 130
94 94 135
-83 81 117
81 98 129
10
-86 -95 130
-95 96 138
-81 -82 117
-83 96 128
94 -92 134
-92 -91 132
86 -91 128
85 94 128
-92 -90 131
-86 94 129
8
94 -95 209
93 87 169
85 81 210
94 92 259
91 83 246
82 80 211
-92 90 297
-94 -81 227
3
-99 -81 187
-83 -84 151
83 80 217
6
97 -92 219
81 -90 134
81 -89 145
81 88 200
-80 90 225
-88 83 232
10
80 98 128
-90 -92 131
-88 86 125
-82 89 123
-80 -94 125
-84 93 128
82 -88 122
99 -99 143
95 -80 126
-87 -97 133
10
97 -83 214
83 99 215
-91 -88 191
-87 -84 156
91 99 268
81 -84 247
96 80 134
89 91 241
91 80 183
-88 87 146
8
97 0 230
17 24 265
94 37 213
67 91 231
94 71 190
23 87 91
56 -30 205
22 -68 120
10
-80 90 122
86 -83 121
-82 -87 121
-97 -84 130
82 -87 121
-98 81 129
87 -94 130
-93 -87 129
92 -83 125
87 92 128
9
-93 -91 213
85 86 247
-98 -82 214
84 91 203
83 -96 175
85 -97 250
-94 95 197
95 89 139
-85 99 254
5
99 -85 144
-83 86 176
97 94 146
-99 -82 134
-91 -98 278
10
14 56 59
33 -6 35
27 -10 30
-7 -75 77
47 37 61
-12 88 90
57 20 62
-65 -70 97
55 -6 57
-64 -78 102
10
-87 -91 127
-92 85 127
-96 91 134
-87 -97 132
-96 -85 130
95 94 135
-96 88 132
-96 -98 139
99 -94 138
-93 93 133
10
19 18 28
74 -15 77
11 -46 49
-6 39 41
-53 39 67
83 -16 86
60 -21 65
74 38 85
1 83 85
-91 95 133
10
-83 -81 294
-100 -100 159
100 82 287
-81 -85 263
-80 -84 213
99 -100 217
-91 -84 205
-88 -85 126
100 100 235
-96 -99 149
4
-93 -94 144
-81 92 281
-86 94 197
-99 -81 187
10
94 91 203
88 96 228
-95 93 188
-99 85 204
-97 -82 150
80 -84 211
90 -82 165
88 -81 266
-82 90 257
-88 96 236
9
-95 -94 263
-92 92 268
95 -99 160
98 83 291
-95 -83 134
-99 81 298
80 88 189
-98 -84 293
92 86 161
10
-87 97 183
-83 -87 161
-93 93 199
-95 -87 176
-92 86 202
83 -81 263
95 -84 165
-89 -90 158
84 94 250
89 -83 160
5
7 93 214
71 92 202
-96 40 114
53 36 223
-72 8 238
10
70 42 243
-71 -21 149
-27 98 195
57 -79 279
-99 -64 126
43 64 117
95 -93 190
3 40 203
29 38 106
-68 -75 279
2
86 91 162
-95 -98 178
9
-66 88 166
26 47 169
-44 -83 198
82 -74 161
-41 -75 143
-55 89 295
11 -63 274
-17 -68 265
33 -13 177
4
-83 17 116
-12 57 134
-4 -87 182
16 27 242
10
86 -89 125
-97 82 129
89 -91 129
83 90 124
-82 88 122
-88 -99 134
-93 86 128
83 -82 118
85 -94 128
94 -85 128
6
91 -49 253
-53 78 235
-46 -85 238
28 12 296
-28 7 265
5 78 227
10
93 -94 135
-88 83 123
91 88 128
81 -83 117
96 -96 137
-96 -97 138
92 -84 126
90 85 125
-88 96 132
-81 93 126
9
-81 95 206
91 -89 207
85 87 241
80 87 256
-80 89 228
96 91 185
89 95 149
87 90 218
-90 -80 194
6
19 73 253
58 -16 147
32 9 119
-48 69 87
-93 -84 296
-62 44 119
10
-86 91 186
89 82 154
-84 88 161
88 92 249
91 98 258
83 -83 124
98 98 175
-97 89 190
-80 -87 187
-92 -81 153
1
-81 92 281
5
-65 -5 142
74 7 232
-7 28 298
99 22 246
-80 -30 89
10
-97 98 139
-84 -91 125
-98 88 133
90 -81 123
-82 85 120
84 98 131
-94 -85 128
91 -82 124
83 82 118
85 89 125
0
