106.323667
19.821579
262.000000
166.698504
113.000000
62.418347
127.636040
57.346328
83.000000
85.775645
178.998203
67.000000
19.465775
93.555524
166.191252
14.142136
118.018465
63.996855
62.331525
185.906372
158.949344
17.783687
132.764115
96.491780
134.080715
104.000000
101.592356
84.927448
29.879929
17.171673
242.000000
70.445371
17.695606
18.966741
61.451085
73.180356
195.000000
53.000000
129.000000
154.704346
17.029242
293.000000
246.000000
15.646792
131.124082
89.000000
29.577296
112.795449
62.062314
19.358461
24.097925
67.020008
134.080715
27.327118
94.187909
83.306602
75.039513
54.370377
13.147621
147.074718
19.390164
20.085884
128.810846
160.104531
113.939552
179.533743
88.000000
199.258813
22.320774
158.908512
77.000000
30.000000
88.644093
148.861594
188.000000
111.949878
116.305296
67.000000
74.703876
148.000000
105.741866
17.369341
117.449443
123.487863
191.474156
17.320508
102.498113
21.136283
49.618083
45.317843
87.999929
91.072810
154.631146
136.661622
92.280300
16.830947
107.452423
199.000000
17.452175
47.919301
88.358440
18.804502
67.000000
21.582737
45.217027
129.000000
204.956307
91.729967
84.566060
16.806109
91.384551
82.055528
62.024818
88.813468
182.000000
19.025976
272.000000
150.613890
169.685958
146.924800
292.000000
254.000000
21.771067
115.476085
227.000000
93.199237
117.897910
15.542537
93.707384
103.616015
121.000000
271.000000
98.745138
92.895653
119.205080
94.000000
17.320508
115.000000
65.180331
44.865201
183.000000
141.095914
47.834775
170.501579
4.000000
194.274607
17.736304
17.647980
159.416023
103.534594
247.000000
118.435478
217.000000
84.491563
108.580439
63.623733
93.000000
17.647980
124.357895
69.752146
191.474156
17.458287
166.070624
167.200374
137.247388
232.176624
101.520688
20.090767
91.606495
61.000000
19.127238
51.662124
128.932153
213.591064
239.000000
148.567000
277.000000
140.000000
53.000000
92.280300
17.912840
17.658304
170.515045
136.000000
138.686939
81.930086
103.000000
17.378769
54.679105
176.201583
16.000000
98.458088
53.235367
84.423317
115.639751
221.892203
135.563585
110.811006
81.139153
30.000000
57.095574
68.000000
11.312689
104.664556
19.059335
7.488229
128.357663
215.000000
109.000000
64.896405
143.456741
12.000000
83.307897
101.268014
164.000000
68.000000
110.080922
67.883536
74.238899
150.000000
131.235463
128.392876
18.581608
19.764719
6.189560
17.287291
20.127431
153.405039
127.000000
106.000000
74.703876
138.000000
147.119563
15.681231
74.918509
155.260894
98.956789
60.510926
170.000000
196.464159
160.369938
102.198006
18.784194
105.422019
18.865531
226.000000
18.002403
20.021823
125.765642
114.479806
69.687408
101.721648
134.314972
172.497501
119.205080
159.794071
13.316326
175.160843
220.793914
126.000000
155.203573
17.136976
104.948577
128.357663
86.856139
13.801120
160.104531
17.518518
117.986539
117.902058
82.361144
56.234347
83.000000
137.340851
39.342816
68.516939
75.008678
171.726598
86.920028
26.905821
101.479853
72.225180
93.000000
108.055356
169.685958
90.804919
116.000000
194.956551
71.685709
13.868091
139.459526
24.097965
193.250865
138.000000
21.293326
108.820389
22.910240
186.228414
59.000000
236.330847
134.000000
4.000000
139.684419
141.868141
20.817301
17.695606
86.022753
108.084345
17.479674
16.983942
81.000000
100.279349
16.227738
65.000000
134.000000
17.640328
33.671189
146.602020
64.915628
260.000000
248.000000
54.370377
104.539531
53.750455
126.000000
157.153691
18.192851
152.814711
76.615509
81.906744
19.227640
91.334452
18.996026
30.000000
88.998805
17.990944
21.999969
123.330236
87.399242
77.718255
218.765620
17.956280
110.873463
84.844642
45.217027
85.069350
110.928073
141.677591
120.719380
133.251783
77.928636
17.723928
105.738231
230.610164
265.626439
20.000000
8.024282
67.435460
218.765620
17.264286
17.596288
59.345939
130.415829
131.000000
18.363461
135.000000
287.000000
86.404593
118.617955
18.207579
139.680625
146.231798
105.758195
119.543152
115.890199
97.228906
17.030877
210.000000
103.000000
87.655773
69.613593
125.891745
141.789356
145.000000
17.904059
124.869446
20.867070
150.052105
17.440422
133.058188
72.439872
17.377209
103.802509
21.062748
185.175623
258.000000
103.011494
126.182748
1.000000
102.000000
20.874450
19.107559
19.234749
148.861594
136.468383
123.025591
19.618018
76.477637
70.316425
18.162062
113.502923
47.405971
11.536081
17.918842
11.620910
112.223848
136.444352
116.067299
76.199405
113.719824
113.721667
74.918509
108.330355
119.945585
115.253807
18.028333
215.800300
18.595159
115.332421
85.314937
76.677269
281.000000
89.000000
17.320345
