10
-97 -92 166
83 -90 298
-83 -88 282
98 91 263
86 -99 194
87 -91 245
-80 -94 255
84 -86 159
-90 -91 162
-99 -89 173
2
95 81 243
-95 -94 228
4
-96 -99 140
-82 -81 125
-82 80 248
92 97 199
10
85 94 128
87 -84 122
87 -93 129
86 97 131
86 87 124
86 93 128
88 -86 125
-84 95 128
94 -85 128
-85 -96 130
9
-61 -66 174
46 9 110
-56 35 106
21 -19 31
71 -18 248
-13 46 59
99 91 253
54 -5 75
-57 94 269
10
-95 -86 131
-91 86 127
85 94 129
94 85 128
97 -87 133
-81 -83 118
-99 -99 142
-97 90 134
95 -97 138
82 -81 117
1
-65 39 157
8
66 72 158
86 52 214
84 -51 156
30 2 116
82 54 217
37 98 176
62 -31 242
0 -12 142
6
87 97 285
-90 -96 251
92 -84 205
-93 84 193
-81 94 141
89 -89 189
9
94 -88 250
-84 -94 144
80 -82 256
-99 -96 260
-98 -96 281
-97 81 229
89 -92 150
-97 -86 182
88 98 167
10
95 93 134
-83 -88 122
96 85 130
92 -97 135
98 -87 133
98 -86 132
-93 97 136
81 -89 122
-93 92 132
88 -92 129
2
-99 -96 281
-99 -91 145
6
86 -93 255
93 91 168
97 -95 298
87 -95 142
98 98 144
-83 97 131
10
-84 96 130
88 -90 128
-88 -88 126
87 -87 126
-86 91 128
80 -80 116
81 -94 127
85 96 131
84 87 122
80 95 127
10
-75 -48 192
92 -77 238
27 -64 89
31 17 229
49 96 184
-91 -23 247
-60 37 266
21 -52 88
0 -76 195
-97 49 224
10
60 27 67
57 2 59
89 -75 118
-30 -78 85
69 71 101
-21 96 100
-82 45 95
22 25 35
-75 16 78
-11 81 83
5
-99 -87 266
-95 93 269
94 -95 253
83 -80 245
-88 -89 296
8
-9 47 160
-78 42 105
-77 -40 257
89 -18 143
17 -92 241
21 -30 53
21 -29 77
1 28 255
10
-94 -82 215
-81 -87 191
81 94 269
90 -80 232
-97 84 274
-83 89 248
88 88 133
-99 84 222
88 85 250
95 99 195
10
-89 -91 129
90 90 129
85 -81 119
-91 87 127
88 99 134
95 -96 137
-92 82 125
83 -87 122
-90 -81 123
88 -89 127
10
96 -97 233
86 -93 259
90 90 154
83 -81 154
-91 87 176
94 87 221
93 -95 255
98 82 236
-89 90 153
83 98 160
8
-90 84 251
80 -80 145
-84 92 263
87 92 242
91 83 210
93 -90 131
-87 97 168
96 -81 247
9
25 -14 266
48 61 273
20 -97 163
7 0 266
-60 -18 65
32 -68 178
14 -81 288
-17 -79 99
48 1 281
10
90 -96 133
98 -94 138
96 -99 140
99 84 131
89 -82 123
-87 87 125
88 -97 133
93 -83 126
84 86 122
88 84 124
4
86 92 138
84 -91 277
90 82 168
82 94 274
8
-84 96 259
-93 -91 213
85 86 247
-98 -82 214
84 91 203
83 -96 175
85 -97 250
-94 95 197
10
-96 82 128
89 -80 121
-91 -92 131
80 89 121
-82 -97 129
-89 83 123
-81 -86 120
88 91 128
-80 91 123
-93 88 130
6
57 -52 120
37 -28 146
6 -50 222
-56 11 235
27 17 138
-10 -76 81
3
80 99 239
91 -85 229
89 -93 132
6
-96 -90 210
-81 96 159
-96 -84 163
91 -92 265
-83 94 222
86 -86 261
10
-85 90 217
-91 98 215
88 86 235
-97 -95 171
96 -97 158
-91 84 295
-83 -85 258
91 -89 209
97 90 134
87 -86 204
6
93 -97 264
-96 -92 155
-94 -87 223
-97 82 243
98 89 152
85 95 157
4
82 97 258
-88 99 147
-82 81 234
-97 82 227
6
-96 97 146
-94 -90 201
91 -90 193
-99 98 148
-85 86 257
90 -97 223
10
85 92 128
-86 83 122
95 87 131
89 94 132
-80 91 124
82 99 131
83 -92 125
-91 -80 123
94 -92 134
83 -99 132
10
-81 93 125
95 91 133
-93 -84 127
-90 84 125
91 -89 129
83 80 117
81 -94 126
-98 -92 136
-88 -97 132
-84 -81 118
7
87 91 261
94 91 216
83 87 162
96 -90 173
82 -88 179
96 -87 180
-91 -98 273
3
-70 -95 160
-75 64 111
36 -48 86
7
-86 94 197
-99 -81 187
-83 -84 151
83 80 217
-81 -86 270
86 89 143
-96 95 288
10
91 82 216
-82 86 172
-95 84 271
85 96 300
80 -88 199
-91 -93 288
99 -91 149
-91 94 203
-83 -99 202
-86 88 133
2
2 10 255
23 29 203
9
99 -91 273
-91 92 140
-97 93 175
-84 -84 165
-96 95 171
-88 82 221
97 99 250
91 84 197
94 90 269
10
97 88 133
-85 -98 132
81 -88 122
-90 97 135
93 -98 137
-86 83 121
-89 88 128
-95 -82 128
83 -82 118
-99 -87 133
5
0 0 4
3 0 5
-3 0 5
0 3 5
0 -3 5
3
89 99 158
86 91 162
-95 -98 178
7
87 81 140
98 -81 240
80 91 159
80 99 239
91 -85 229
89 -93 132
-82 -82 215
10
-95 99 140
82 -80 116
-90 -93 131
-98 83 131
-86 96 130
-97 -93 137
-88 -84 123
90 -92 130
-87 -95 131
85 84 121
4
87 -1 202
-51 -53 271
-60 87 206
49 -59 83
9
-23 -27 249
-58 -47 210
-63 -79 276
-66 -52 296
-18 -97 242
-83 -61 251
7 46 212
-32 75 95
-17 -11 159
10
92 -82 125
-99 -82 131
-91 -82 124
-83 -93 127
86 -84 123
-98 -95 139
82 93 125
-99 81 129
98 -93 137
85 -80 119
2
0 0 53
30 40 102
1
91 -98 154
10
85 82 208
90 -91 289
82 -96 183
94 -97 243
80 -98 147
-96 88 176
87 -94 261
81 -85 242
-83 -91 249
86 -89 291
10
88 -99 134
-88 99 134
87 83 122
83 90 124
98 -84 131
93 96 135
95 -98 138
-88 -80 120
-94 -84 128
-88 94 130
10
-85 92 181
84 91 189
-89 -88 127
-92 95 237
-94 81 234
91 -80 140
-87 -94 274
87 81 121
85 85 147
82 -91 244
10
-37 76 86
-55 -27 63
-4 -55 57
-56 -6 58
19 -62 66
64 -56 87
2 94 96
-33 0 35
-26 -52 60
19 83 87
7
-83 -91 218
-89 99 211
-99 -95 201
-90 84 219
-97 -96 210
-89 89 129
-90 -96 213
10
80 90 122
83 98 130
87 -88 125
-89 -99 135
-80 98 128
-99 83 131
83 92 125
99 89 135
-94 99 138
-91 -81 123
6
55 -59 136
9 8 285
-15 -47 146
-15 14 137
-24 -45 156
14 -13 165
8
57 -52 120
37 -28 146
6 -50 222
-56 11 235
27 17 138
-10 -76 81
92 -4 164
-33 4 205
10
96 96 137
-93 -97 136
97 -96 138
-89 -80 121
-93 -96 135
86 -84 122
93 -93 133
-88 -97 132
91 -94 132
91 95 133
2
-21 33 276
-11 43 184
6
56 72 123
11 91 145
10 -38 281
47 61 276
18 -21 116
0 11 297
10
37 67 122
95 67 197
19 73 253
58 -16 147
32 9 119
-48 69 87
-93 -84 296
-62 44 119
31 -75 168
62 37 201
2
54 90 233
36 -18 59
10
98 -87 182
-86 -95 209
-99 85 266
-89 -96 279
89 -93 268
88 -97 288
-95 96 182
89 -94 152
89 83 214
-85 96 181
10
-95 -97 233
-88 99 159
-95 -91 257
84 86 156
-96 84 294
-94 91 258
-93 81 165
-90 90 193
85 -86 124
90 -89 178
1
-93 -84 296
1
-7 -30 135
4
89 88 265
-95 -87 253
-95 94 230
-84 -85 168
3
91 -62 248
49 12 113
2 10 255
2
86 92 138
84 -91 277
6
81 98 142
82 86 227
80 88 136
-90 -94 178
-82 -91 210
88 -91 199
8
-90 94 166
-94 85 241
-88 80 241
98 83 266
82 -88 171
-86 94 131
90 -91 281
-99 -87 275
5
-36 -78 110
89 -76 134
97 -19 284
26 -3 263
-23 -19 168
10
53 66 295
46 -69 111
-16 -91 226
74 -27 152
31 -96 159
87 -50 237
93 39 119
-55 -99 295
18 81 261
0 -10 165
10
-59 -56 87
-99 -71 193
6 13 211
3 -67 204
-87 11 240
33 -82 257
71 -81 153
5 68 216
-2 56 97
56 42 224
6
-60 70 280
-28 83 145
-96 -90 210
-21 96 291
-36 -44 86
11 -52 151
1
-81 -86 270
9
97 -82 299
-99 98 244
-90 87 200
80 95 251
82 -82 168
-81 89 221
-82 -85 261
94 -84 156
98 -88 236
10
-95 91 134
-87 -93 129
-88 -94 130
-99 -89 135
81 -88 121
80 -81 116
-89 89 128
-91 96 135
85 -90 125
-86 -94 130
6
31 -75 168
62 37 201
-48 19 123
-62 41 131
-17 2 73
-44 33 288
10
82 -80 155
-98 96 220
-82 93 254
-80 94 268
-81 -86 211
80 82 151
-99 -86 274
-87 -89 283
-91 83 195
95 87 155
5
-28 70 162
-67 95 165
84 -24 226
39 92 299
8 -42 115
4
-14 21 81
64 -17 251
-77 -56 114
-70 -26 215
6
89 92 137
-93 -93 252
87 -96 132
-80 -80 274
98 -89 202
-80 85 130
10
97 -98 293
90 89 200
81 95 158
-80 95 127
-82 92 125
-98 98 259
-96 -89 295
-82 85 252
-98 97 174
-89 -82 223
2
87 -1 202
-51 -53 271
10
-89 -84 145
-80 96 256
-92 83 269
94 98 287
86 -87 130
-95 -94 230
-84 86 215
-91 -89 149
94 -81 146
91 87 247
10
7 46 212
-32 75 95
-17 -11 159
8 -61 160
33 -17 187
-16 -72 111
-74 -27 290
-77 62 103
18 9 232
25 35 81
1
-60 87 206
2
82 97 258
-88 99 147
10
-94 81 126
-96 -96 137
-87 -97 132
-96 81 127
-92 89 130
98 -80 128
80 80 115
-99 89 135
-94 -95 135
-99 97 140
10
-93 -93 138
-87 -85 186
-80 87 288
97 -92 188
85 -92 273
89 -84 216
96 93 244
93 -82 220
93 -87 290
-97 98 230
4
-73 -66 203
63 41 182
-56 -37 173
86 -87 186
4
54 90 233
36 -18 59
-79 97 262
-51 -32 173
10
-29 79 102
99 54 260
27 -37 293
55 26 163
-81 -35 247
-53 94 244
-84 74 285
-33 2 247
1 51 63
-60 -6 75
10
96 92 193
-81 -90 200
90 -87 264
97 90 203
-84 -94 290
95 -80 182
-96 -92 297
-92 92 260
-90 91 133
-88 83 242
10
-98 -82 277
-93 -80 162
96 -82 156
89 -88 175
-87 91 285
95 -95 160
92 -85 274
94 80 256
86 -96 136
-93 89 212
1
82 -91 129
10
90 -99 206
-99 91 222
86 82 129
99 96 235
-95 85 230
-86 81 267
82 -97 166
-96 93 227
-80 -81 240
-81 -93 219
1
-81 -51 164
1
-31 -20 187
6
99 91 253
94 -85 293
-97 94 227
-83 83 178
-87 -83 253
81 -96 254
10
-88 93 240
-93 -98 150
-97 -96 197
-95 -88 279
-86 85 226
-95 87 273
99 -82 282
-89 -89 171
-88 94 273
81 88 129
10
-99 -80 253
-83 97 281
91 -93 198
-95 90 177
-84 -92 164
90 -80 187
93 -81 134
85 81 253
98 -80 261
-88 -84 245
10
-84 95 232
86 -96 193
-83 -84 210
-87 99 275
-96 94 153
98 97 140
-99 -95 157
86 95 296
80 87 135
-91 -95 190
9
96 -99 294
88 -88 132
91 -86 297
-87 86 241
-97 -94 258
-93 95 248
99 96 227
-93 88 263
94 93 223
2
-68 3 138
51 88 173
1
80 28 150
10
-80 95 215
85 82 165
-90 -81 240
88 87 234
91 82 291
97 -95 174
87 88 280
83 -94 135
-94 -94 247
-98 -80 176
10
95 -85 130
-90 -97 134
96 -87 131
-81 -99 130
92 -99 138
83 85 121
82 97 129
-95 -88 131
-94 -83 127
85 84 121
1
-86 94 197
10
95 82 247
-94 87 162
91 81 127
-83 -92 209
-98 96 270
84 -80 148
86 93 225
84 98 132
93 -97 281
82 -91 269
3
10 10 20
10 -10 20
-10 -10 20
1
87 93 251
4
-91 -98 273
-96 97 264
-95 82 244
-85 84 263
10
94 96 137
-99 89 136
-87 -92 128
-85 -98 132
80 -97 127
91 -95 134
89 98 134
94 -88 130
-97 94 137
-89 -85 126
10
82 82 215
-94 83 130
93 80 266
-93 94 215
97 98 214
92 -95 259
-90 -96 223
82 83 257
95 -82 163
84 88 218
4
97 -99 144
-99 -84 200
83 84 247
95 -93 190
1
-4 -87 182
10
90 -82 136
94 -91 219
97 94 182
-88 93 164
94 -96 197
87 87 190
93 -80 207
95 93 184
82 -90 205
-91 90 198
10
91 -99 254
92 -81 293
99 -88 189
94 -93 179
-87 -85 232
-80 80 136
-94 -87 195
-83 96 176
-94 -82 281
-93 87 237
10
-87 87 257
-99 -97 194
-87 89 213
81 -99 256
-86 96 204
-98 91 295
93 -88 169
87 90 292
-93 99 145
97 -92 187
5
97 -99 251
86 -83 278
-83 -99 258
88 -92 284
96 92 222
6
85 -95 261
96 93 149
-91 82 290
83 -93 252
-89 99 259
99 94 214
10
98 -93 137
87 97 132
82 95 128
93 91 132
90 -89 129
96 91 134
96 88 133
80 -87 120
95 -90 132
84 -91 126
1
-97 94 227
4
99 92 215
88 -82 300
82 80 259
85 -95 261
10
83 -87 296
82 89 221
-85 94 291
82 -90 232
-83 88 198
81 80 246
97 -90 265
96 90 155
-84 -80 123
88 -95 283
10
96 93 265
-90 -84 148
-93 -86 165
97 80 227
-95 -90 250
81 92 234
-80 -89 134
97 86 211
89 -95 294
-91 -99 260
10
86 87 188
92 92 252
96 -87 261
94 99 261
-88 88 279
-88 -98 292
91 -96 157
96 81 215
-91 83 146
-82 -94 216
4
-8 -31 237
2 -5 190
-93 54 199
48 29 135
10
-96 82 128
89 -80 122
-91 -92 132
80 89 121
-82 -97 130
-89 83 123
-81 -86 121
88 91 129
-80 91 123
-93 88 131
10
98 -82 129
91 -86 279
-86 88 195
84 91 164
95 -80 262
93 93 247
-98 -96 230
-81 -87 161
90 89 288
-92 92 242
8
94 -99 154
83 89 163
87 -94 131
-98 -88 221
-83 96 140
-96 87 202
-93 98 288
-92 -97 143
10
94 -94 299
-83 88 149
84 -80 133
-90 -80 222
87 -84 284
-99 97 278
-91 -91 250
93 -93 218
80 96 234
87 94 157
7
86 91 136
87 84 226
85 -94 242
88 81 291
80 -97 153
87 -80 212
-80 -98 246
8
96 -87 180
-11 -98 101
-96 37 279
-15 42 214
-85 4 241
23 91 104
96 -18 199
80 14 283
3
-81 96 209
-83 94 222
86 -86 261
10
95 89 132
-96 87 131
-89 -96 132
-91 90 129
91 94 132
-86 99 133
92 -88 129
-87 -87 125
92 89 130
85 -83 120
10
-83 -95 209
-96 92 147
-91 -82 273
-85 -90 239
94 99 142
-99 -90 213
-98 99 202
86 -97 189
-84 -91 145
98 80 275
10
-85 -90 125
80 -92 123
-89 88 127
87 -83 122
-84 96 129
-80 -96 126
-94 -89 131
-82 84 119
85 95 129
-84 -84 120
10
-20 -44 161
71 23 263
9 -86 287
-8 -50 176
94 19 151
-23 -55 150
-53 19 102
82 -55 131
36 42 154
48 0 199
9
95 -86 140
-61 -97 173
0 -97 207
53 -77 238
-78 -40 110
-28 -83 267
96 96 213
-55 10 158
-9 84 88
10
-90 84 157
82 92 257
87 -84 243
-98 -89 259
90 -97 140
83 90 147
87 -83 130
88 84 179
92 -87 299
-92 -89 218
10
-89 -89 142
85 -84 167
-93 -82 182
96 86 246
80 83 217
-85 99 138
-84 -99 237
87 95 130
-88 91 290
-82 -91 191
7
94 37 213
67 91 231
94 71 190
23 87 91
56 -30 205
22 -68 120
96 -87 180
3
-47 -57 107
-47 -40 232
-78 21 83
7
19 73 253
58 -16 147
32 9 119
-48 69 87
-93 -84 296
-62 44 119
31 -75 168
4
91 91 144
90 -98 161
87 81 140
98 -81 240
10
-57 -55 81
56 87 105
24 92 97
-82 87 121
-4 -48 50
-65 -13 68
-77 0 79
61 -73 97
0 36 38
0 10 12
7
10 -38 281
47 61 276
18 -21 116
0 11 297
60 19 287
31 -25 189
9 -13 261
10
92 94 133
95 85 129
82 -90 124
94 -85 128
93 90 131
-89 -90 128
-84 -87 123
-85 90 125
98 92 137
-95 -84 128
4
-99 -96 281
-99 -91 145
86 93 204
83 -87 247
1
14 -99 165
3
91 -81 231
85 88 126
-82 96 283
1
84 -91 277
10
87 94 296
-88 90 142
82 -89 183
98 96 164
92 -84 165
-88 -85 139
98 81 162
-91 -91 138
-94 -81 232
86 87 188
8
96 96 213
-55 10 158
-9 84 88
26 -90 226
15 12 133
74 -75 230
2 69 246
20 22 200
7
21 -29 77
1 28 255
-60 70 280
-28 83 145
-96 -90 210
-21 96 291
-36 -44 86
10
5 -13 15
-3 -20 22
56 50 77
13 -29 33
-16 33 38
78 40 89
-64 -61 90
18 68 72
6 72 74
7 -22 25
10
-90 -83 220
-84 -80 130
99 84 268
-80 90 291
-97 88 238
87 -86 126
89 -86 229
-82 -94 229
-96 85 266
82 97 285
3
-96 -98 254
89 -96 212
97 -99 251
10
-88 98 252
-92 -86 255
87 92 194
-83 -98 195
-94 98 234
-92 90 240
-99 94 277
94 -80 267
94 -99 139
-84 -82 180
10
91 -87 127
82 89 124
95 94 136
96 91 135
-98 99 142
-81 -98 129
-94 -89 131
-99 -81 130
86 92 127
-94 81 127
10
91 -87 127
82 89 123
95 94 135
96 91 134
-98 99 141
-81 -98 129
-94 -89 131
-99 -81 129
86 92 127
-94 81 126
10
80 81 116
-86 84 122
90 85 125
86 83 122
84 -94 128
-81 89 123
89 -91 129
-97 80 127
90 87 127
-80 -91 124
2
-80 -90 238
-96 -98 254
2
-81 63 111
48 32 199
8
-94 -98 200
-88 86 141
94 -89 290
85 -89 191
94 85 156
-86 91 244
92 86 189
-80 -81 287
10
99 99 292
85 -92 267
-94 90 171
-85 80 210
-85 -86 273
-94 -98 238
86 92 298
96 -81 270
-89 -85 194
-91 83 257
8
84 -24 226
39 92 299
8 -42 115
22 80 279
25 -15 187
36 93 257
-11 82 97
43 -33 217
10
95 -80 126
97 80 127
-82 93 126
86 82 120
98 -81 130
85 -82 121
84 83 121
-91 -88 128
98 89 134
91 91 131
10
17 -54 58
10 91 93
-41 56 71
-83 -16 86
-13 -16 22
-10 -51 53
72 98 123
54 85 102
63 90 111
61 98 117
3
-80 97 294
81 -92 256
80 -96 144
10
92 -91 251
-80 87 167
82 -88 298
-97 81 130
95 83 276
-84 89 202
90 85 201
-83 85 134
-94 90 253
-98 -88 249
8
89 -93 286
-88 -81 289
92 80 291
-90 -97 298
91 -81 202
-81 93 274
92 94 226
-80 95 296
1
21 80 209
3
-86 -90 173
81 92 242
86 92 138
5
-89 99 211
-99 -95 201
-90 84 219
-97 -96 210
-89 89 129
4
99 69 246
-34 19 125
-71 -41 226
-22 60 286
4
-21 33 276
-11 43 184
-84 -90 217
14 26 296
5
93 -83 167
-80 81 183
-88 93 276
98 86 272
-92 85 248
7
-86 -92 206
-84 -84 126
-96 81 269
-86 -99 204
-80 82 168
88 -93 283
-84 98 210
10
97 -89 134
83 82 118
-88 98 134
-82 -97 129
86 -88 125
-89 95 133
95 -84 128
91 99 136
84 95 128
88 87 125
5
97 80 294
97 84 130
94 97 233
87 91 261
94 91 216
10
88 91 183
-88 -89 193
-96 97 200
-80 86 270
91 -91 263
93 -85 198
-84 -89 297
95 95 140
94 -94 213
-93 96 227
6
99 91 253
54 -5 75
-57 94 269
-63 23 136
-27 -63 212
41 -36 201
2
-98 82 219
-97 -80 218
10
91 -98 275
96 87 221
86 -94 271
95 -81 150
-97 84 293
-80 84 186
-82 -84 182
85 -88 192
83 87 252
94 -95 299
10
97 88 132
-85 -98 131
81 -88 121
-90 97 134
93 -98 137
-86 83 121
-89 88 127
-95 -82 127
83 -82 118
-99 -87 133
10
-87 95 174
80 85 147
-95 85 217
-86 -97 190
-95 -90 279
-89 85 149
-81 97 153
97 -84 300
-95 93 277
83 85 187
7
92 -4 164
-33 4 205
-1 14 296
29 -49 132
-86 -93 241
20 70 297
-48 -79 190
8
-17 19 270
99 -40 131
-11 52 143
-37 -67 234
46 -75 182
-37 -90 126
33 -3 192
-28 2 228
4
-98 82 219
-97 -80 218
89 -98 154
97 -92 219
10
85 93 129
-97 85 131
-93 -89 130
-94 -83 128
95 80 127
-80 82 116
-88 -89 128
-89 -80 122
88 87 126
94 85 128
2
-82 96 283
96 82 277
10
-85 98 132
-92 81 125
-82 98 129
-87 84 123
-86 -87 125
-88 -83 123
-93 87 129
82 92 125
92 80 124
-99 -97 141
10
94 90 132
-82 81 117
98 -99 141
97 99 140
96 92 134
95 -91 133
95 99 139
80 91 123
-82 91 124
-89 -89 127
4
96 90 183
-93 87 151
88 -99 178
-92 -87 251
7
-81 94 141
89 -89 189
-86 -93 241
80 90 182
-88 -99 159
-85 81 192
-85 -83 287
10
-85 81 124
85 -95 137
-92 85 268
98 -83 134
93 -98 171
-91 -82 132
88 -85 132
-81 82 159
-82 -81 250
86 81 204
10
95 -93 260
-86 96 211
91 90 177
-81 -80 124
-91 91 144
97 94 165
-90 -86 194
89 85 167
-93 -80 222
92 -84 218
6
-87 95 232
-89 85 135
90 -98 193
-82 -86 172
-85 -84 244
87 93 138
3
-81 -86 270
86 89 143
-96 95 288
5
-66 -90 270
41 52 279
66 72 158
86 52 214
84 -51 156
10
-84 96 137
-83 92 264
-96 96 230
84 -86 183
-91 99 148
87 83 278
96 94 282
85 -86 132
94 -82 196
-99 83 245
3
48 48 84
-74 -21 215
-74 39 172
2
10 10 20
10 -10 20
10
-97 96 196
-85 95 267
-97 -90 268
96 -80 261
-96 84 286
88 85 152
80 -90 280
82 80 128
-92 -97 240
87 80 267
10
-88 -91 269
96 93 217
91 -81 247
85 -81 220
97 -89 151
94 95 247
-99 87 152
-92 82 129
95 83 173
-88 -80 263
10
-83 81 117
88 -80 120
86 93 128
-88 98 133
81 -85 119
-81 -92 124
95 -86 130
-98 87 133
-88 87 125
-90 -81 123
10
82 -81 224
88 -88 197
-83 -90 164
86 -84 191
-94 -89 178
97 80 280
-86 82 187
-84 -84 131
-92 84 270
83 -84 130
4
-97 89 145
87 96 268
91 98 190
83 -85 158
5
83 -85 158
-86 -81 145
80 82 140
-99 -91 259
-84 95 192
10
-90 -99 220
-90 84 143
-95 87 188
-95 81 201
86 -84 127
-87 88 233
88 95 259
-85 84 230
81 -80 287
98 97 151
10
99 -92 265
-91 82 243
93 -96 251
85 -95 211
-88 -80 286
-90 80 203
95 -88 187
95 97 208
97 91 175
93 -90 230
9
-93 -96 240
91 -88 278
91 95 188
-94 -95 229
-98 91 207
-96 98 233
82 83 119
97 92 260
97 87 209
8
92 -84 129
83 96 223
-85 -99 272
-81 -85 287
90 -90 207
93 -81 141
-90 98 281
98 91 219
3
-81 -51 164
60 -3 75
95 -56 230
10
86 -95 199
81 81 228
-96 98 263
80 -84 199
87 -83 125
90 -93 135
91 -98 226
91 -89 206
-92 -98 175
95 -88 144
9
-86 80 163
84 -90 296
99 -92 289
-83 -85 264
-94 85 290
-83 82 268
82 92 220
81 -80 207
-89 -92 185
10
99 95 222
94 89 282
-91 -84 175
92 99 236
-80 92 204
94 -95 279
80 85 187
-83 90 195
92 98 247
81 85 210
3
-19 3 249
23 72 109
99 69 246
4
-99 85 134
81 99 177
99 -96 187
-80 -85 227
10
-90 -81 242
-82 89 286
97 98 180
97 83 196
-95 -90 234
-93 83 191
-85 -81 147
-86 -95 130
94 -98 262
85 97 148
7
-69 -22 92
-99 97 253
47 -81 198
85 32 203
98 -13 262
1 -66 187
-59 -92 210
10
90 98 193
-82 -94 228
-83 85 209
-90 -87 206
-97 -90 145
-80 92 243
84 -97 236
-92 -96 300
90 81 216
94 91 295
10
85 82 267
98 -83 290
-87 -93 285
93 -98 154
97 80 273
-81 -91 224
-86 83 284
-88 91 274
85 83 167
-99 99 256
10
-98 -84 177
-80 -96 262
-85 84 247
81 -88 227
-86 84 213
84 -99 298
-83 -91 185
84 -83 182
90 -87 190
-81 -86 141
10
99 -88 292
85 84 132
-97 -89 298
86 94 251
-84 88 137
-99 -83 266
-80 -91 292
-97 -96 271
-84 -86 135
80 81 215
10
81 96 282
91 85 143
-94 95 289
-81 -92 148
89 -95 185
-89 -97 144
-92 -94 230
-86 84 174
94 -96 280
95 96 212
10
61 74 197
56 0 128
43 19 299
97 79 155
-81 0 146
-61 -56 167
-68 -39 278
4 45 164
66 -76 289
4 28 241
2
-83 -84 151
83 80 217
10
55 38 68
73 -1 75
91 -40 101
-12 -86 88
-21 59 64
86 -14 89
86 71 113
54 -96 112
-21 -57 62
23 -98 102
10
82 -96 129
93 95 134
90 80 122
-96 -88 132
-82 -86 121
-90 -93 132
97 -80 127
-86 -82 121
-95 91 133
-99 81 130
10
97 98 299
-84 -99 157
94 -94 271
81 -98 208
86 95 239
-91 81 300
-95 -89 150
92 80 200
-90 98 151
94 -95 228
4
-27 -17 40
16 16 242
-53 -37 160
57 -76 169
10
-97 88 219
91 -95 202
-98 -97 198
91 -91 183
-87 -83 166
-96 -98 253
-87 94 166
83 94 151
-95 88 210
-95 -85 196
3
98 81 190
-93 -95 223
-83 -82 212
5
87 93 251
96 -95 281
-93 -94 144
-81 92 281
-86 94 197
5
-87 98 273
97 -99 144
-99 -84 200
83 84 247
95 -93 190
5
-91 -38 295
-64 -57 291
92 72 259
-41 -69 138
-23 -27 249
10
6 3 20
12 -39 261
69 -86 148
-28 -52 283
20 -53 249
97 22 295
85 -40 240
-95 -20 195
57 -52 120
37 -28 146
10
-88 -89 128
91 -82 124
-83 -88 123
98 85 132
91 -85 127
-95 95 137
-83 80 118
80 84 118
88 80 120
-81 92 125
10
-93 -93 133
-89 98 134
-93 81 125
80 -89 121
83 87 122
83 -85 120
84 -92 126
80 -91 123
-84 87 122
87 -92 128
8
89 91 200
99 -85 274
-83 -97 185
-87 94 291
-92 -96 176
82 -84 181
92 -92 243
-95 -90 182
3
10 85 262
-88 96 285
-21 33 276
2
55 -10 203
14 55 134
5
27 33 233
76 -75 111
-93 -74 211
-41 12 197
-26 34 200
9
98 -91 191
90 -92 293
-84 -92 133
-91 97 141
-96 -84 175
-93 -98 187
90 95 137
85 92 270
93 96 191
10
-79 54 97
61 -19 65
0 18 20
-66 95 117
-65 -28 72
-37 93 102
21 -96 100
57 70 92
-38 44 60
1 5 7
3
99 93 241
98 -96 222
92 89 176
10
66 -6 295
36 10 173
-73 47 200
68 -79 170
-52 -47 256
-65 -5 142
74 7 232
-7 28 298
99 22 246
-80 -30 89
2
99 91 253
94 -85 293
3
36 77 186
1 96 246
44 40 176
9
90 98 225
-91 82 155
96 -97 153
86 94 176
-96 89 269
94 89 157
96 -91 246
98 -88 226
-94 -91 209
6
91 97 291
89 96 161
-91 -83 183
-80 97 294
81 -92 256
80 -96 144
10
87 -81 120
-91 -93 132
-80 87 120
89 -99 135
-91 96 134
95 -99 139
-95 -93 134
94 99 138
-85 91 126
91 80 123
10
81 -91 124
-96 -95 138
-95 82 127
87 -90 127
-89 97 134
93 99 137
88 86 126
80 97 127
-97 -92 135
-95 -81 127
10
93 91 132
98 87 133
81 -83 117
81 88 121
98 -84 131
86 93 128
-83 90 124
-81 81 116
-85 -81 119
-81 -85 119
7
-18 -97 242
-83 -61 251
7 46 212
-32 75 95
-17 -11 159
8 -61 160
33 -17 187
5
99 92 215
88 -82 300
82 80 259
85 -95 261
96 93 149
5
96 70 290
-65 83 216
-23 -91 258
-49 59 126
-99 -95 201
8
-45 -24 268
7 93 214
71 92 202
-96 40 114
53 36 223
-72 8 238
-91 -38 295
-64 -57 291
9
-60 37 266
21 -52 88
0 -76 195
-97 49 224
47 76 258
71 18 260
63 -45 239
-6 -61 220
40 62 89
10
90 -87 218
-90 -87 182
-80 88 256
-88 82 176
-86 90 248
86 96 158
-99 -93 275
80 -95 177
89 92 139
80 -84 202
6
-95 94 230
-84 -85 168
94 -93 285
98 82 234
88 -84 256
97 80 294
4
-92 98 253
94 -92 258
-82 96 148
87 -82 248
10
-89 -83 193
84 89 211
93 -84 145
98 -90 219
-83 -86 269
-88 -99 300
-98 86 198
-81 -92 227
-90 91 236
-97 86 295
2
-88 83 232
-96 -90 210
4
-31 25 105
32 -31 130
19 -43 150
-21 68 240
4
85 -90 290
-80 -80 220
-85 90 145
85 90 170
10
91 -82 189
-82 93 219
83 88 254
-87 90 194
81 -83 259
95 -86 130
-82 -93 237
94 95 215
95 -87 163
95 90 287
8
-75 55 128
4 44 177
91 -49 253
-53 78 235
-46 -85 238
28 12 296
-28 7 265
5 78 227
3
98 97 168
-82 -80 193
-99 -96 211
7
84 -84 253
82 89 220
-85 -90 150
-99 94 169
88 -94 152
-88 85 275
81 99 280
7
24 -61 119
-85 7 140
66 11 211
47 64 266
25 -14 266
48 61 273
20 -97 163
9
30 9 228
18 -81 140
61 -68 96
83 0 280
66 -32 227
-87 30 177
4 -23 117
98 9 187
4 -91 191
6
0 77 157
-52 -83 160
24 -61 119
-85 7 140
66 11 211
47 64 266
3
-97 -80 218
89 -98 154
97 -92 219
3
83 85 160
-83 -95 158
84 91 164
4
45 54 264
9 -19 246
-93 86 291
53 -65 210
10
-96 -83 128
-99 86 134
88 -87 125
89 -87 126
-90 -80 122
-98 80 129
85 80 119
-91 90 129
81 -85 119
99 88 134
10
-84 84 198
90 81 219
-83 82 299
95 91 215
84 -84 120
-85 90 226
84 -89 270
87 94 288
88 -89 278
-80 -88 122
9
-36 -78 110
89 -76 134
97 -19 284
26 -3 263
-23 -19 168
8 -52 68
56 72 123
11 91 145
10 -38 281
10
-96 -86 130
-84 98 131
-88 -98 133
-97 -89 133
-98 80 129
-89 92 130
83 94 127
96 -91 135
-87 -92 129
93 94 135
10
-98 90 237
-98 -97 195
-83 -80 239
-90 93 285
80 90 233
92 -88 254
96 -99 201
-93 86 198
-88 -98 251
81 -93 206
10
-92 88 259
-90 -84 213
-95 95 169
-87 92 141
86 -95 227
84 87 294
90 81 136
-99 -85 136
-83 99 273
98 -97 235
10
-93 -93 133
-89 98 135
-93 81 126
80 -89 122
83 87 123
83 -85 120
84 -92 127
80 -91 123
-84 87 123
87 -92 129
8
-59 -56 87
-99 -71 193
6 13 211
3 -67 204
-87 11 240
33 -82 257
71 -81 153
5 68 216
10
80 -85 118
-83 -94 127
-87 -97 133
83 -86 122
94 97 138
-86 85 122
82 82 117
-91 -88 128
85 -93 129
-89 90 129
5
95 92 164
-82 -80 116
90 95 178
-95 96 151
97 -94 205
10
-91 83 126
-84 -90 126
94 86 130
83 80 118
-98 -92 137
-92 -88 129
-82 81 118
-85 -95 129
-86 82 120
88 88 126
1
86 93 204
10
-88 -80 120
-91 82 124
94 -88 130
94 91 132
86 -92 127
-95 -84 128
-87 -96 131
84 86 122
-94 95 135
-97 98 139
5
70 42 243
-71 -21 149
-27 98 195
57 -79 279
-99 -64 126
10
87 87 290
96 -95 223
94 -99 279
92 84 201
96 -96 277
-98 -92 256
95 -92 198
94 94 221
-99 89 149
-85 84 275
10
-86 91 218
80 99 280
-80 -84 141
-95 89 276
95 -89 153
95 96 235
86 -92 269
80 80 161
94 -95 279
-84 -85 123
10
-83 -97 129
-81 -82 118
-84 -93 128
83 85 121
-88 -99 134
91 -87 128
-85 89 126
-88 -87 125
-98 85 132
-99 -95 140
2
95 87 260
99 93 241
10
-97 98 268
92 -92 240
-85 -97 260
-94 -96 177
89 92 254
86 -85 189
89 96 145
99 86 147
-95 -84 215
84 83 280
10
-94 -93 135
88 81 122
-86 -90 127
-89 -94 131
81 -93 125
91 -94 133
-94 -95 136
-80 -85 118
-81 -81 117
-91 86 128
7
96 70 290
-65 83 216
-23 -91 258
-49 59 126
-99 -95 201
-10 64 267
-57 -56 267
8
0 -76 195
-97 49 224
47 76 258
71 18 260
63 -45 239
-6 -61 220
40 62 89
-79 -71 124
9
-85 -22 150
-73 27 135
-38 78 149
-62 17 226
-20 -50 219
93 91 160
26 99 161
68 31 244
-80 74 113
9
-84 -85 236
-87 95 194
-97 86 142
95 -92 296
-81 -92 188
92 97 244
88 -96 279
96 -96 284
-91 80 241
8
82 83 119
97 92 260
97 87 209
92 81 147
-98 89 277
95 -99 184
-98 95 218
83 -88 130
2
96 90 183
-93 87 151
4
55 -10 203
14 55 134
36 77 186
1 96 246
8
56 72 123
11 91 145
10 -38 281
47 61 276
18 -21 116
0 11 297
60 19 287
31 -25 189
2
-69 -71 171
-55 -64 129
9
49 39 93
86 31 206
-15 -18 250
15 41 271
-15 -94 228
81 -77 201
0 16 109
-58 82 175
9 17 121
10
-80 -88 121
-91 93 133
-92 -97 135
97 94 137
95 99 140
94 -93 135
-82 89 123
89 91 130
-91 81 123
-87 -96 131
10
-63 -94 115
-25 -16 31
63 -48 81
66 -26 72
40 89 99
65 77 102
46 -81 95
4 26 28
96 -79 126
-18 71 75
5
-48 19 123
-62 41 131
-17 2 73
-44 33 288
49 39 93
10
-24 -59 65
28 -73 80
-93 93 133
25 23 35
-17 -47 51
89 57 107
-1 92 94
-96 -58 114
-51 -58 79
-32 67 76
10
83 -99 179
81 -91 228
99 90 267
-96 93 206
-96 96 203
-82 -91 139
-83 -95 257
94 -93 287
85 87 219
86 90 254
2
-25 71 244
11 0 272
6
81 -85 230
93 -83 167
-80 81 183
-88 93 276
98 86 272
-92 85 248
2
-5 -75 115
-26 2 286
4
-81 63 111
48 32 199
-31 -20 187
-78 -36 225
10
87 -81 121
-91 -93 133
-80 87 120
89 -99 135
-91 96 135
95 -99 140
-95 -93 135
94 99 138
-85 91 126
91 80 124
10
95 -87 292
80 -90 122
85 -96 249
-87 98 148
-97 -88 290
94 -86 174
86 84 242
-82 97 142
91 -99 264
-82 87 256
3
-93 86 291
53 -65 210
46 13 209
10
-82 89 123
-85 99 132
-93 -92 133
-93 -82 126
-89 81 122
81 80 116
-86 91 127
94 90 132
96 -98 139
-99 97 140
10
95 93 134
86 88 125
94 98 137
-82 93 125
97 85 130
-96 96 137
-84 82 119
-84 -99 131
-98 -90 135
94 -86 129
6
86 91 136
87 84 226
85 -94 242
88 81 291
80 -97 153
87 -80 212
10
-84 99 254
84 94 241
87 86 283
99 -93 263
-95 80 254
94 -92 255
-94 -86 172
84 81 288
86 -82 250
96 -99 281
10
97 93 191
91 -88 157
-92 -92 158
81 -95 163
-80 85 280
91 -84 275
-90 -97 187
-82 -98 211
88 -81 131
-88 -93 193
6
-59 -56 87
-99 -71 193
6 13 211
3 -67 204
-87 11 240
33 -82 257
10
95 85 217
80 88 125
81 -87 267
97 86 140
96 81 189
89 -92 281
-80 82 197
81 89 155
-94 -91 204
99 -93 295
10
88 -99 135
-88 99 134
87 83 123
83 90 125
98 -84 131
93 96 135
95 -98 138
-88 -80 120
-94 -84 128
-88 94 130
5
93 -93 157
-86 -97 179
83 80 125
96 -99 185
-93 -99 277
5
59 0 211
1 -25 220
73 -63 223
-40 1 210
-88 33 232
10
85 99 133
88 -81 121
-93 -86 129
-90 83 124
90 98 136
-81 -85 119
91 -88 129
85 88 124
86 -90 126
97 -91 135
10
12 20 25
16 -66 69
-15 -52 56
-83 55 101
11 69 71
84 -82 119
-71 18 75
3 -74 76
-16 -35 40
71 62 96
9
-11 82 97
43 -33 217
-29 79 102
99 54 260
27 -37 293
55 26 163
-81 -35 247
-53 94 244
-84 74 285
1
10 10 16
5
-80 90 225
-88 83 232
-96 -90 210
-81 96 159
-96 -84 163
10
88 -89 127
92 -84 126
-98 -95 138
80 92 124
99 -94 139
82 -89 123
84 -90 126
96 -87 132
-86 89 126
-89 -93 130
7
1 43 109
-75 -97 178
-66 -72 226
-24 -24 81
-96 61 209
-6 -19 204
0 42 230
2
-93 85 193
-82 69 127
6
87 81 140
98 -81 240
80 91 159
80 99 239
91 -85 229
89 -93 132
10
88 93 130
82 -87 122
88 -81 122
91 85 127
90 -95 133
-81 -96 128
-88 -91 129
-89 -85 125
81 97 129
-95 92 134
8
7 -56 87
-48 67 138
1 43 109
-75 -97 178
-66 -72 226
-24 -24 81
-96 61 209
-6 -19 204
7
98 -96 222
92 89 176
-88 89 248
-93 -84 296
-82 84 289
91 -95 298
82 97 258
10
-91 83 125
-84 -90 125
94 86 129
83 80 117
-98 -92 136
-92 -88 129
-82 81 117
-85 -95 129
-86 82 120
88 88 126
8
99 84 220
-95 -83 196
-98 -85 201
-88 -88 128
-91 -81 260
-88 88 175
96 -99 294
88 -88 132
10
87 98 133
81 -88 121
85 89 125
-86 -91 128
-92 -80 124
93 81 125
-90 -93 131
-90 81 123
83 98 130
91 96 135
9
98 96 155
-96 -94 186
85 86 194
-82 -80 267
95 -91 217
-93 93 205
85 84 263
-97 -87 241
-97 -94 259
3
1 5 13
5 -3 13
-3 -3 13
9
82 85 161
-92 -92 240
-88 -90 264
-89 97 249
-80 99 234
88 99 139
89 -93 286
-88 -81 289
92 80 291
10
95 82 217
-89 -83 260
97 82 179
-98 88 185
-98 92 192
-92 -96 210
84 -80 211
92 98 281
-85 82 235
-94 -83 135
10
96 96 137
-93 -97 137
97 -96 139
-89 -80 121
-93 -96 135
86 -84 123
93 -93 134
-88 -97 132
91 -94 133
91 95 133
7
87 -81 229
85 92 229
98 -93 275
81 -86 183
-99 -92 230
-97 -86 222
-88 90 202
6
82 97 258
-88 99 147
-82 81 234
-97 82 227
-84 93 274
89 99 158
10
-85 -90 126
80 -92 124
-89 88 127
87 -83 122
-84 96 130
-80 -96 126
-94 -89 132
-82 84 119
85 95 130
-84 -84 120
10
-85 -96 131
93 83 126
-96 94 136
-81 -82 118
-82 97 129
99 -99 142
-93 85 128
89 -85 125
-86 -80 119
93 -95 134
10
7 -56 87
-48 67 138
1 43 109
-75 -97 178
-66 -72 226
-24 -24 81
-96 61 209
-6 -19 204
0 42 230
8 -13 181
10
-88 93 182
-83 -89 287
-80 96 198
96 83 273
88 99 210
-89 -97 155
-98 -82 299
80 85 160
98 83 186
88 -92 161
8
92 -89 177
-90 87 139
-81 -98 142
-97 98 280
-92 88 218
-94 88 234
81 82 191
-99 -97 258
9
81 94 174
-93 85 170
-88 98 272
-92 93 277
-94 -96 259
-94 -84 211
-81 89 152
89 82 123
-92 87 291
1
-4 -98 188
5
58 2 67
68 -24 165
97 0 230
17 24 265
94 37 213
2
-31 25 105
32 -31 130
3
-15 -53 102
74 59 293
-25 71 244
10
92 -81 125
96 83 129
81 82 118
-88 82 123
82 98 129
97 -80 127
-92 -89 130
-92 87 128
-90 -80 122
-92 80 123
1
37 -87 170
8
81 -90 236
98 -92 158
93 85 207
-95 97 241
99 80 275
-99 87 290
82 -88 151
95 -96 292
4
-69 -71 171
-55 -64 129
-81 -51 164
60 -3 75
10
-83 81 117
88 -80 121
86 93 129
-88 98 134
81 -85 119
-81 -92 125
95 -86 131
-98 87 134
-88 87 125
-90 -81 124
6
7 46 212
-32 75 95
-17 -11 159
8 -61 160
33 -17 187
-16 -72 111
10
-22 -34 42
25 -98 103
-27 -74 80
69 -28 76
-28 5 30
50 88 103
-40 81 92
-12 -50 53
-98 74 124
-23 74 79
9
81 86 254
-82 87 261
-97 90 144
-87 86 232
-98 -98 182
-83 81 283
98 93 245
97 84 299
-99 92 224
6
-57 -56 267
-89 89 129
-70 -56 213
-69 -59 187
-67 55 157
-89 85 135
10
-84 -80 119
-81 -96 128
84 84 121
87 -85 124
85 89 125
-95 87 131
80 81 115
-97 86 132
89 88 127
89 82 123
10
97 90 296
-99 91 296
92 -87 254
94 96 177
-87 -95 190
-96 -94 296
-92 81 286
-85 -92 151
-88 -83 155
97 88 150
7
-60 37 266
21 -52 88
0 -76 195
-97 49 224
47 76 258
71 18 260
63 -45 239
3
10 10 20
10 -10 20
-10 10 120
3
-99 -84 200
83 84 247
95 -93 190
2
91 91 144
90 -98 161
10
23 12 27
-32 -45 57
45 62 78
32 -76 84
-66 -6 68
-65 -93 115
-57 62 86
73 34 82
-72 17 75
-38 -16 43
8
92 -99 140
-82 98 296
-91 99 138
-81 -87 241
88 88 250
-96 -94 176
-95 -80 129
92 -89 229
6
-99 -96 281
-99 -91 145
86 93 204
83 -87 247
-87 91 248
93 -82 215
9
-96 37 279
-15 42 214
-85 4 241
23 91 104
96 -18 199
80 14 283
-48 9 143
-92 69 291
59 0 211
10
-99 -82 208
89 -84 167
-80 -83 150
-81 -92 197
92 94 213
-87 94 137
88 -80 246
-92 -89 255
-90 97 300
84 98 175
7
-26 34 200
-99 -21 121
-23 -4 192
63 0 89
-61 -66 174
46 9 110
-56 35 106
6
84 -24 226
39 92 299
8 -42 115
22 80 279
25 -15 187
36 93 257
3
-65 39 157
-93 -12 116
-33 -22 141
10
-96 98 139
-86 81 121
-96 96 138
-81 87 120
92 86 127
84 98 132
-81 -93 126
-86 96 130
93 86 128
96 96 137
8
-95 -86 280
87 -87 271
-99 83 294
80 -84 290
-86 93 234
80 99 143
81 -83 253
-88 -95 215
10
-61 -38 73
9 13 17
-99 -36 107
15 -93 96
-15 -85 88
97 -92 135
47 42 65
-17 12 22
98 8 100
-28 99 104
10
94 -92 133
80 99 129
-98 -89 135
81 89 122
-87 86 125
-98 -82 129
81 91 124
-93 80 124
95 -96 137
99 87 133
10
96 -87 180
-11 -98 101
-96 37 279
-15 42 214
-85 4 241
23 91 104
96 -18 199
80 14 283
-48 9 143
-92 69 291
10
-97 -91 166
98 83 194
96 88 289
-92 -88 229
97 -80 149
-82 -93 212
91 -80 228
-90 -84 198
-81 -92 147
-99 -87 190
10
-85 -90 133
96 -86 191
89 -98 204
92 -92 280
98 -95 176
84 97 250
89 -91 174
88 81 250
82 -93 279
94 -96 136
10
-83 -81 215
-80 96 268
87 86 237
87 84 128
-87 81 149
-94 -98 272
88 -83 184
-99 89 162
-95 91 174
-82 83 148
5
47 76 258
71 18 260
63 -45 239
-6 -61 220
40 62 89
10
88 -88 126
96 90 133
99 97 140
-86 83 121
-97 91 135
-84 -84 120
89 99 135
-99 -80 129
80 -83 117
94 -91 132
4
-83 -84 151
83 80 217
-81 -86 270
86 89 143
10
93 -91 132
83 -99 131
-94 83 128
-94 87 131
-89 -91 129
95 -99 140
-94 -90 133
89 -93 131
-92 81 125
-81 82 117
1
-15 -53 102
10
-90 90 249
-88 -98 219
81 98 292
83 96 231
89 85 214
98 -81 218
-95 99 208
-86 -82 160
90 -89 184
-86 96 240
10
-94 -89 131
-94 99 138
-99 86 133
92 92 132
-90 -98 135
-82 -86 120
-98 99 141
87 84 122
97 -87 132
93 94 134
4
90 -100 160
-80 -80 150
90 80 150
80 80 245
5
-81 -89 253
-83 -87 288
-98 -87 198
-83 -99 144
-86 -92 255
9
76 -52 161
-9 88 131
36 -88 241
-68 27 109
31 -93 180
-78 -52 156
88 96 141
-1 -13 107
-95 -16 230
10
95 93 134
-83 -88 123
96 85 131
92 -97 135
98 -87 133
98 -86 133
-93 97 136
81 -89 122
-93 92 133
88 -92 130
1
91 -81 231
10
80 90 122
83 98 131
87 -88 125
-89 -99 136
-80 98 128
-99 83 132
83 92 126
99 89 135
-94 99 139
-91 -81 123
10
94 -88 273
89 93 155
86 91 185
89 -95 206
82 -81 217
-82 -89 221
0 0 1
94 85 295
88 91 219
-92 98 256
10
-82 95 128
-91 83 126
82 90 123
99 -96 140
95 95 137
89 94 132
-87 -82 122
82 -94 127
90 -81 123
-91 95 134
10
-91 97 135
-88 -84 123
91 -98 135
-93 98 137
97 -95 138
81 83 118
90 -87 127
90 -89 128
91 -83 125
84 82 119
9
-83 -97 185
-87 94 291
-92 -96 176
82 -84 181
92 -92 243
-95 -90 182
-94 97 190
83 -92 157
87 -81 167
3
80 -80 115
82 -99 173
-86 -95 267
5
21 -29 77
1 28 255
-60 70 280
-28 83 145
-96 -90 210
6
-75 -48 192
92 -77 238
27 -64 89
31 17 229
49 96 184
-91 -23 247
8
-90 87 200
80 95 251
82 -82 168
-81 89 221
-82 -85 261
94 -84 156
98 -88 236
99 -81 250
7
81 88 200
-80 90 225
-88 83 232
-96 -90 210
-81 96 159
-96 -84 163
91 -92 265
7
87 86 230
-92 95 247
-97 -91 267
88 -81 236
93 -97 264
-96 -92 155
-94 -87 223
10
11 -7 195
87 -83 130
-37 -73 288
76 51 168
-48 -72 260
-20 17 259
97 36 240
15 -54 97
-76 -39 90
37 -10 198
5
-82 81 234
-97 82 227
-84 93 274
89 99 158
86 91 162
7
81 -92 256
80 -96 144
-97 89 145
87 96 268
91 98 190
83 -85 158
-86 -81 145
10
-88 -91 128
-91 -96 134
89 -93 130
94 90 132
93 -88 130
93 95 134
-91 91 130
91 -80 123
99 92 137
-91 98 135
2
29 84 160
68 35 93
2
100 0 101
-90 0 91
6
-48 9 143
-92 69 291
59 0 211
1 -25 220
73 -63 223
-40 1 210
5
-86 -90 173
81 92 242
86 92 138
84 -91 277
90 82 168
10
100 -84 207
81 88 187
80 -91 267
-90 -89 156
-89 92 182
-87 -100 198
-100 100 167
89 -84 264
80 -95 221
100 -100 252
1
-86 -90 173
1
99 93 241
3
-4 -87 182
16 27 242
-81 63 111
10
-82 89 123
-85 99 132
-93 -92 132
-93 -82 125
-89 81 122
81 80 115
-86 91 127
94 90 132
96 -98 139
-99 97 140
0
