134.831742
196.591544
99.011716
16.930720
24.097965
20.071234
157.000000
116.000000
105.822219
86.504712
16.327639
145.000000
46.767702
17.989262
87.999929
12.398729
223.991015
45.217027
103.907890
18.128550
94.003326
73.457963
65.000000
20.541190
138.000000
132.353949
17.893741
81.000000
132.000000
133.251783
72.043063
77.215527
147.000000
104.357806
21.022799
18.158889
141.789356
58.295599
83.539544
57.460381
203.000000
118.757565
18.267352
4.000000
100.011924
104.416985
17.659478
83.000000
95.000000
17.847206
53.000000
154.000000
97.800714
17.547023
22.168731
13.786724
125.998450
16.769527
126.781026
81.000000
17.662448
184.000000
108.166176
84.844642
59.000000
101.322266
62.511452
296.000000
135.000000
163.988454
113.000000
138.000000
94.249496
85.260387
102.821236
98.548158
66.986242
85.407869
270.000000
124.183705
20.565479
73.000000
121.531595
110.080922
79.108161
44.703058
113.267884
202.000000
105.215877
67.883536
206.000000
147.000000
19.124060
124.877907
159.597422
59.000000
54.370377
92.744530
110.862685
129.000000
113.163123
164.000000
187.000000
169.685958
56.746887
88.340224
55.875138
124.776798
133.247679
150.000000
107.972329
19.374770
197.000000
89.462489
14.142136
251.000000
239.154479
19.731012
75.011275
135.302594
182.000000
82.677959
97.238917
84.838998
199.258813
149.000000
84.144489
227.000000
212.069055
62.683713
113.588405
81.539142
135.000000
21.046629
98.395952
45.908751
76.328556
109.256307
35.870404
195.448881
16.538376
60.380178
17.771247
85.881639
47.574536
75.607541
47.779892
70.316425
81.669241
84.844642
119.205080
8.151233
116.000000
17.637452
112.886317
165.000000
126.000000
277.000000
71.147488
88.000000
75.094133
7.068689
95.182961
208.266543
119.444456
18.270122
16.561862
19.356083
238.000000
111.000000
106.848784
158.748716
84.566060
17.844083
9.510262
144.000000
124.350297
192.802136
209.000000
91.307936
125.998450
125.000000
181.152129
127.846715
117.364818
20.171568
130.000000
102.136861
74.703876
202.927157
115.987949
17.177447
110.080769
132.000000
103.011494
129.672300
18.070876
265.236626
22.054186
16.808180
100.550380
103.163826
39.270683
72.225180
89.911473
142.449794
144.153979
51.651895
84.000000
17.320508
121.188419
57.744870
15.777922
95.572758
85.226823
82.291377
58.396825
144.983735
108.579618
128.774124
74.937214
115.391416
141.220595
135.147637
109.000000
86.404593
52.735682
92.000000
103.067307
132.075086
134.060196
58.791654
64.893649
114.238604
136.468383
12.631721
18.828473
111.697815
40.000000
100.136905
159.247977
134.809218
135.302594
138.000000
20.000000
19.552469
16.514570
135.110777
262.000000
134.000000
111.000000
43.741013
6.108798
170.642742
88.358440
251.658928
176.000000
83.445098
108.522984
17.821871
18.415562
16.940684
94.184777
149.000000
125.891745
113.721667
67.027335
97.255964
152.814711
141.898985
111.828419
201.681923
104.746200
131.124082
97.805952
128.000000
128.392876
90.268302
110.933145
92.280300
110.811006
151.102628
101.446105
209.831234
16.924141
87.631390
62.418347
19.107555
149.112546
51.737317
19.844921
86.766915
16.749748
64.856696
19.650807
204.000000
16.736207
123.252190
109.893428
80.294338
20.548307
241.000000
90.617136
21.090460
125.891745
57.006663
101.208403
134.034940
90.247817
135.695314
134.000000
108.166176
129.000000
93.000000
20.827315
9.750820
71.249017
10.235143
123.651654
244.000000
127.846715
115.000000
111.000000
20.832835
45.900891
205.791384
21.122533
16.812208
109.256307
156.982402
104.371564
87.000000
101.642445
17.547023
87.952163
204.552209
19.005118
9.872024
97.000000
16.000000
133.251783
20.535122
81.000000
127.000000
104.416985
22.233930
80.172698
170.515045
19.650807
83.011870
20.037914
102.457933
12.000000
126.182748
91.964269
17.662448
148.450534
123.953333
20.011713
18.778320
80.172698
96.856576
90.757727
102.498113
188.000000
67.000000
104.746200
102.000000
17.122688
170.000000
138.945070
71.457828
17.607333
71.291918
11.687327
130.415829
128.311362
20.765299
79.177991
88.000000
17.320508
168.656894
119.205080
9.632958
33.877470
112.886317
103.534594
85.627986
64.704566
115.000000
116.000000
21.417088
119.791383
8.384944
17.797217
35.870404
110.768546
100.340293
102.555559
89.000000
18.131912
83.539544
21.062461
102.000000
138.324972
16.486402
94.187909
144.000000
89.453613
19.858865
231.000000
18.288386
1.000000
21.209831
18.851392
114.556060
115.000000
77.000000
88.998805
124.183705
127.514772
137.735150
68.516939
156.422263
67.020008
17.929547
93.000000
13.801120
143.000000
91.307936
116.442597
173.000000
241.000000
108.671922
16.226687
