3 3 3
2 6 3
1 4 5
2 2 6 4
2 5 1 3
2 4 3 2
3 3 2
1 1 1
2 2 1
2 1 1 2
2 2 2 1
7 1 2
1 1 2 1 3 1 2
3
3 1 3 1 3
3 2 3 2 3
16 14 5
1 3 1 1 3 2 1 3 2 1 1 3 3 2 3 1
1 3 2 3 3 1 2 3 1 1 1 1 3 2
2 2 3 2
3 1 1 1 3
3 1 1 3 1
3 3 1 1 1
4 1 3 1 1 1
3 3 6
2 4 3
5 1 6
2 2 4 5
2 3 2 1
2 4 3 6
2 5 1 2
2 6 5 4
2 1 6 3
5 5 10
7 2 8 3 5
9 4 6 1 10
2 7 2 9
2 8 3 4
2 5 7 6
2 2 8 1
2 3 5 10
2 9 4 7
2 6 1 2
2 10 9 8
2 4 6 3
2 1 10 5
7 7 14
4 14 11 7 2 6 12
9 5 13 8 1 3 10
3 4 14 11 9
3 7 2 6 5
3 12 4 14 13
3 11 7 2 8
3 6 12 4 1
3 14 11 7 3
3 2 6 12 10
3 9 5 13 4
3 8 1 3 14
3 10 9 5 11
3 13 8 1 7
3 3 10 9 2
3 5 13 8 6
3 1 3 10 12
5 5 16
1 2 10 5 6
9 7 8 3 4
2 1 2 9
2 10 5 7
2 6 1 8
2 2 10 3
2 5 6 4
2 9 7 1
2 8 3 2
2 4 9 10
2 7 8 5
2 3 4 6
2 1 9 9
2 2 9 9
2 10 9 9
2 5 9 9
2 6 9 9
3 7 8 3 10
7 7 22
3 4 11 12 1 14 10
2 6 13 7 8 5 9
2 3 4 2
2 11 12 6
2 1 14 13
2 10 3 7
2 4 11 8
2 12 1 5
2 14 10 9
2 2 6 3
2 13 7 4
2 8 5 11
2 9 2 12
2 6 13 1
2 7 8 14
2 5 9 10
2 3 2 2
2 4 2 2
2 11 2 2
2 12 2 2
2 1 2 2
2 14 2 2
2 10 2 2
5 6 13 7 8 5 11
7 7 22
14 5 7 6 11 1 13
4 8 10 2 12 3 9
3 14 5 7 4
3 6 11 1 8
3 13 14 5 10
3 7 6 11 2
3 1 13 14 12
3 5 7 6 3
3 11 1 13 9
3 4 8 10 14
3 2 12 3 5
3 9 4 8 7
3 10 2 12 6
3 3 9 4 11
3 8 10 2 1
3 12 3 9 13
2 14 4 4
2 5 4 4
2 7 4 4
2 6 4 4
2 11 4 4
2 1 4 4
2 13 4 4
5 8 10 2 12 3 7
3 3 2
2 1 3
1 2 3
3 2 1 4 3
3 1 2 4 3
5 4 2
4 6 2 3 1
4 5 3 1
2 4 6 2
2 6 2 5
6 12 2
1 1 1 1 1 1
1 1 1 1 1 1 1 1 1 1 1 1
7 1 1 1 1 1 1 1 1
4 1 1 1 1 1
13 9 2
1 1 1 1 1 1 1 1 1 1 1 1 1
1 1 1 1 1 1 1 1 1
7 1 1 1 1 1 1 1 1
4 1 1 1 1 1
10 12 2
1 1 1 1 1 1 1 1 1 1
1 1 1 1 1 1 1 1 1 1 1 1
9 1 1 1 1 1 1 1 1 1 1
7 1 1 1 1 1 1 1 1
6 16 2
1 1 1 1 1 1
1 1 1 1 1 1 1 1 1 1 1 1 1 1 1 1
9 1 1 1 1 1 1 1 1 1 1
7 1 1 1 1 1 1 1 1
1 17 2
1
1 1 1 1 1 1 1 1 1 1 1 1 1 1 1 1 1
6 1 1 1 1 1 1 1
8 1 1 1 1 1 1 1 1 1
2 13 2
1 1
1 1 1 1 1 1 1 1 1 1 1 1 1
6 1 1 1 1 1 1 1
8 1 1 1 1 1 1 1 1 1
24 1 3
3 3 2 3 3 3 2 3 3 3 2 2 3 2 3 3 3 2 2 2 2 2 2 2
1
2 1 1 1
3 3 1 2 1
2 3 2 1
24 1 3
1 2 1 1 1 1 2 1 1 1 1 1 1 1 2 2 2 2 2 2 2 2 2 2
3
2 3 3 3
3 1 3 2 3
2 1 2 3
25 1 3
1 3 3 1 3 3 1 1 1 3 1 3 3 1 1 3 1 1 1 1 3 3 1 1 3
2
2 2 2 2
3 3 2 1 2
2 3 1 2
25 1 3
1 1 1 3 3 3 1 3 1 1 3 3 1 3 3 1 3 1 1 3 3 3 1 3 3
2
2 2 2 2
3 1 2 3 2
2 1 3 2
16 16 31
21 21 21 21 21 21 21 21 21 21 21 21 21 21 21 21
12 12 12 12 12 12 12 12 12 12 12 12 12 12 12 12
2 21 21 12
2 12 21 15
2 15 21 11
2 11 21 2
2 2 21 20
2 20 21 16
2 16 21 22
2 22 21 17
2 17 21 5
2 5 21 25
2 25 21 29
2 29 21 3
2 3 21 24
2 24 21 19
2 19 21 13
2 13 12 28
2 28 12 7
2 7 12 26
2 26 12 9
2 9 12 8
2 8 12 30
2 30 12 18
2 18 12 23
2 23 12 4
2 4 12 27
2 27 12 10
2 10 12 1
2 1 12 14
2 14 12 6
2 12 12 13
2 14 12 13
16 16 32
2 2 2 2 2 2 2 2 2 2 2 2 2 2 2 2
23 23 23 23 23 23 23 23 23 23 23 23 23 23 23 23
2 2 2 23
2 23 2 14
2 14 2 11
2 11 2 13
2 13 2 6
2 6 2 28
2 28 2 8
2 8 2 19
2 19 2 22
2 22 2 7
2 7 2 26
2 26 2 1
2 1 2 27
2 27 2 4
2 4 2 9
2 9 23 17
2 17 23 30
2 30 23 10
2 10 23 5
2 5 23 25
2 25 23 18
2 18 23 12
2 12 23 21
2 21 23 16
2 16 23 3
2 3 23 29
2 29 23 24
2 24 23 20
2 20 23 15
2 23 23 9
2 20 23 9
2 23 23 23
16 16 31
19 19 19 19 19 19 19 19 19 19 19 19 19 19 19 19
3 3 3 3 3 3 3 3 3 3 3 3 3 3 3 3
2 19 19 3
2 19 3 18
2 19 18 17
2 19 17 13
2 19 13 26
2 19 26 9
2 19 9 30
2 19 30 29
2 19 29 1
2 19 1 5
2 19 5 23
2 19 23 28
2 19 28 27
2 19 27 14
2 19 14 16
2 3 16 4
2 3 4 24
2 3 24 12
2 3 12 8
2 3 8 2
2 3 2 7
2 3 7 10
2 3 10 15
2 3 15 21
2 3 21 25
2 3 25 20
2 3 20 22
2 3 22 11
2 3 11 6
2 3 3 16
2 3 11 16
16 16 32
30 30 30 30 30 30 30 30 30 30 30 30 30 30 30 30
29 29 29 29 29 29 29 29 29 29 29 29 29 29 29 29
2 30 30 29
2 30 29 25
2 30 25 23
2 30 23 20
2 30 20 1
2 30 1 12
2 30 12 2
2 30 2 24
2 30 24 6
2 30 6 10
2 30 10 7
2 30 7 21
2 30 21 18
2 30 18 16
2 30 16 5
2 29 5 3
2 29 3 27
2 29 27 13
2 29 13 22
2 29 22 17
2 29 17 11
2 29 11 8
2 29 8 28
2 29 28 14
2 29 14 9
2 29 9 15
2 29 15 19
2 29 19 26
2 29 26 4
2 29 29 5
2 29 26 5
2 29 29 29
25 25 60
2 1 1 1 1 2 2 2 2 2 1 1 1 1 1 1 1 2 2 2 2 2 2 1 1
2 2 2 1 1 2 1 1 1 1 2 2 2 2 2 1 1 1 1 1 1 1 2 2 2
2 1 1 1
2 1 2 2
2 1 1 2
2 2 1 2
2 2 2 1
2 1 1 1
2 1 2 1
2 2 1 2
2 2 2 1
2 1 1 2
2 1 2 2
2 2 2 1
2 2 1 2
2 1 1 1
2 2 2 2
2 2 2 2
2 1 2 2
2 1 2 2
2 1 1 2
2 2 2 1
2 2 2 2
2 2 1 2
2 2 2 2
2 1 1 2
2 2 1 1
2 1 2 2
2 2 2 2
2 1 1 1
2 2 1 1
2 2 2 2
2 1 1 2
2 1 1 1
2 2 1 1
2 1 1 2
2 1 2 2
2 1 2 1
2 2 1 1
2 2 1 1
2 2 1 1
2 1 2 1
2 2 1 2
2 1 1 1
2 1 1 1
2 2 2 1
2 1 2 2
2 2 1 1
2 2 2 2
2 2 2 1
2 1 1 1
2 1 1 1
2 2 2 1
2 2 2 2
2 1 2 1
2 2 1 2
2 2 2 2
2 1 1 2
2 2 2 1
2 2 1 1
2 2 2 1
2 2 1 2
25 25 60
4 1 1 1 1 2 1 1 4 1 2 4 4 3 1 1 3 1 5 3 2 2 2 3 2
4 1 2 4 4 3 1 1 3 1 5 3 2 2 2 3 2 4 1 1 1 1 2 1 1
2 5 4 3
2 4 4 5
2 1 5 4
2 5 2 5
2 3 3 2
2 4 5 3
2 3 1 5
2 3 4 1
2 2 1 4
2 4 1 3
2 3 3 4
2 5 4 5
2 2 2 4
2 1 4 4
2 3 1 2
2 4 1 4
2 2 1 3
2 2 5 1
2 2 3 5
2 4 5 1
2 1 5 2
2 3 2 4
2 3 2 4
2 1 4 1
2 3 4 2
2 2 4 5
2 2 5 5
2 5 3 4
2 4 2 2
2 1 5 4
2 3 3 1
2 2 4 5
2 1 5 5
2 2 4 3
2 1 3 4
2 2 1 5
2 5 4 4
2 3 2 5
2 1 3 5
2 3 2 2
2 4 1 2
2 2 2 3
2 2 3 4
2 5 3 2
2 1 3 4
2 1 1 1
2 3 1 5
2 2 3 5
2 4 2 1
2 4 4 2
2 5 2 3
2 1 1 2
2 3 3 3
2 3 2 4
2 3 4 5
2 2 5 2
2 4 5 1
2 5 5 2
2 4 5 3
2 2 5 2
25 25 16
12 12 12 12 12 12 12 12 12 12 12 12 12 12 12 12 12 12 12 12 12 12 12 12 12
14 14 14 14 14 14 14 14 14 14 14 14 14 14 14 14 14 14 14 14 14 14 14 14 14
2 12 12 14
2 12 12 4
2 12 12 1
2 12 12 13
2 12 12 11
2 12 12 10
2 12 12 9
2 12 12 8
2 14 14 12
2 14 14 5
2 14 14 2
2 14 14 16
2 14 14 15
2 14 14 6
2 14 14 7
2 14 14 3
25 25 16
11 11 11 11 11 11 11 11 11 11 11 11 11 11 11 11 11 11 11 11 11 11 11 11 11
17 17 17 17 17 17 17 17 17 17 17 17 17 17 17 17 17 17 17 17 17 17 17 17 17
2 11 11 15
2 11 11 18
2 11 11 14
2 11 11 9
2 11 11 10
2 11 11 1
2 11 11 2
2 11 11 8
2 17 17 13
2 17 17 7
2 17 17 4
2 17 17 5
2 17 17 16
2 17 17 3
2 17 17 12
2 17 17 6
1 4 10
1
1 2 2 1
2 2 2 2
5 2 2 1 2 2 2
4 2 2 2 1 2
5 2 2 2 2 2 2
4 1 1 2 1 2
2 2 1 2
2 1 1 2
5 2 2 2 1 1 2
5 1 1 2 1 2 2
5 2 2 2 2 2 2
7 7 10
1 2 1 2 1 1 1
1 2 2 2 2 2 1
4 2 2 1 2 1
5 2 2 1 2 1 1
3 2 2 2 1
4 2 2 2 1 1
2 2 1 1
3 2 1 1 1
5 1 1 1 1 1 1
4 2 2 2 1 1
2 2 1 1
5 1 1 2 2 2 1
2 8 10
1 1
2 1 2 2 2 2 2 1
5 2 2 2 1 1 2
5 1 2 2 2 1 2
4 2 2 1 1 2
4 2 2 1 1 2
4 1 1 1 1 2
5 1 2 1 1 2 2
2 1 1 2
3 1 1 1 2
4 2 2 2 1 2
3 1 1 1 2
7 3 10
1 2 2 1 1 1 1
2 2 2
3 1 2 2 2
2 2 1 2
4 1 1 2 2 2
2 2 2 2
3 2 2 1 2
4 2 2 1 2 2
5 2 2 2 1 1 2
5 1 2 2 2 1 2
2 1 2 2
5 1 2 1 2 1 2
6 1 10
2 1 2 1 1 2
2
4 2 1 2 1 1
5 2 2 2 2 2 1
3 1 1 2 1
5 1 1 2 2 1 1
5 2 2 1 1 1 1
5 1 2 2 2 1 1
5 1 1 1 2 2 1
2 2 1 1
2 2 1 1
2 1 2 1
1 9 10
2
2 2 2 2 1 2 1 1 1
2 2 2 1
2 1 2 1
4 2 2 1 1 1
3 1 1 2 1
5 2 2 2 2 2 1
5 1 2 2 1 2 1
3 2 1 1 1
4 1 1 1 1 1
3 1 2 1 1
4 2 2 1 1 1
9 6 10
1 2 1 1 1 1 1 1 1
2 2 2 1 2 1
4 2 2 2 2 1
5 2 2 2 1 2 1
4 1 2 2 2 1
4 1 2 1 1 1
4 1 1 1 1 1
4 2 1 1 1 1
5 2 2 1 2 1 1
3 2 1 2 1
4 2 2 1 1 1
5 1 2 2 2 2 1
6 4 10
1 2 2 2 1 2
2 1 1 1
3 1 2 1 2
5 1 1 2 1 2 2
2 2 2 2
3 2 2 2 2
2 2 2 2
3 2 1 2 2
3 1 2 2 2
5 2 1 1 1 1 2
3 2 2 2 2
2 2 1 2
4 6 10
2 1 2 2
1 1 1 2 2 1
4 2 1 1 2 1
5 1 1 1 1 1 1
5 2 2 2 2 1 1
5 1 1 2 2 1 1
5 2 2 2 1 1 1
2 2 2 1
2 2 2 1
5 2 2 2 2 2 1
3 1 1 2 1
3 1 1 2 1
4 9 10
2 1 2 2
1 2 1 2 1 1 2 2 1
5 2 1 2 2 1 2
5 2 2 1 1 1 2
3 2 1 2 2
5 1 1 1 2 1 2
4 2 1 1 1 2
2 1 2 2
3 2 2 2 2
3 2 1 1 2
2 1 1 2
4 2 2 2 1 2
3 3 10
2 2 2
1 2 2
4 2 2 2 2 1
4 2 2 2 1 1
2 2 1 1
4 1 1 1 2 1
3 2 1 2 1
5 1 2 2 1 1 1
4 2 1 1 1 1
3 2 2 1 1
2 2 2 1
2 2 1 1
4 2 10
2 2 2 2
2 1
5 2 1 1 2 1 1
5 2 2 1 1 2 1
5 1 2 1 2 1 1
2 2 1 1
3 1 1 2 1
3 2 2 1 1
2 2 2 1
3 1 2 1 1
4 1 2 1 2 1
5 2 2 2 1 1 1
9 4 10
1 1 1 1 1 2 2 1 1
2 1 1 2
2 2 2 1
4 1 2 1 1 1
3 1 2 2 1
3 2 1 1 1
3 1 1 2 1
5 1 2 2 1 1 1
3 2 2 1 1
2 2 1 1
3 2 1 1 1
2 2 1 1
6 9 10
1 1 1 1 1 1
1 1 2 1 1 1 1 2 1
5 1 1 2 2 1 1
5 2 2 2 1 2 1
4 2 1 2 2 1
2 1 2 1
2 2 2 1
3 1 1 1 1
3 1 2 2 1
4 2 1 2 2 1
5 1 2 1 1 1 1
5 1 2 2 2 1 1
7 5 10
1 2 2 2 2 1 2
2 2 1 2 1
4 1 1 2 1 2
3 2 2 1 2
4 2 2 2 2 2
3 2 1 2 2
5 2 2 2 2 2 2
4 2 1 1 1 2
2 2 2 2
3 2 2 1 2
3 1 2 2 2
5 2 1 2 1 1 2
8 2 10
1 2 2 1 1 1 2 2
2 2
2 2 2 2
2 2 2 2
2 1 1 2
5 1 1 2 1 1 2
4 2 1 2 1 2
4 2 2 2 1 2
3 2 1 1 2
3 1 2 2 2
5 1 2 2 2 1 2
3 2 2 1 2
10 1 10
1 1 1 2 1 2 1 2 2 1
2
4 1 1 2 1 2
4 1 1 1 1 2
3 2 1 1 2
3 1 2 1 2
3 1 1 1 2
3 1 1 2 2
4 1 2 1 2 2
3 1 2 2 2
3 2 1 2 2
2 1 1 2
2 6 10
2 2
2 1 2 1 2 1
5 1 1 2 2 1 2
4 2 2 1 2 2
4 1 1 2 1 2
5 2 2 2 1 1 2
5 2 2 2 2 1 2
2 2 2 2
4 1 2 2 2 2
3 1 1 2 2
5 2 2 1 1 2 2
4 1 1 2 1 2
9 1 10
1 1 1 1 2 2 2 2 1
2
4 2 2 1 1 1
5 1 2 1 2 2 1
3 2 1 2 1
5 1 2 2 2 2 1
5 1 1 1 2 1 1
2 2 1 1
4 2 1 2 2 1
5 2 2 1 1 1 1
3 1 2 2 1
4 2 1 1 1 1
1 4 10
2
1 1 1 2
4 2 1 2 2 2
4 2 1 1 1 2
3 2 1 2 2
5 2 1 2 2 2 2
5 1 1 1 1 2 2
3 1 1 2 2
3 1 1 2 2
4 2 2 1 2 2
4 1 2 1 1 2
4 1 1 1 2 2
15 14 60
2 2 1 1 1 1 3 2 1 3 1 3 1 2 3
3 2 2 1 2 3 1 1 2 1 3 2 2 2
2 2 3 3
2 3 2 2
2 2 2 3
2 2 2 3
2 3 3 3
2 2 2 3
2 2 2 3
2 3 2 2
2 2 2 2
2 2 2 3
2 3 3 3
2 3 3 2
2 3 2 3
2 2 2 3
2 2 2 3
2 2 2 2
2 2 2 2
2 3 2 2
2 3 2 3
2 2 2 3
2 3 3 2
2 3 3 3
2 2 2 2
2 3 2 3
2 3 2 2
2 2 2 3
2 2 2 2
2 3 3 2
2 2 3 2
2 2 2 3
2 3 2 3
2 3 2 3
2 2 3 3
2 3 3 3
2 3 2 3
2 3 2 3
2 2 3 3
2 3 2 2
2 3 2 2
2 3 3 2
2 2 2 2
2 2 2 2
2 2 2 3
2 2 2 2
2 2 2 2
2 3 3 3
2 3 3 3
2 2 3 2
2 3 3 2
2 2 3 3
2 3 3 3
2 3 3 3
2 3 2 2
2 3 3 3
2 3 2 3
2 2 3 3
2 3 2 3
2 2 2 3
2 3 2 3
2 3 2 2
9 20 60
1 2 1 1 3 1 1 3 1
1 1 1 1 1 2 2 2 2 3 2 2 3 3 1 2 2 3 3 2
2 3 3 3
2 3 3 3
2 3 3 2
2 3 2 3
2 3 3 2
2 3 3 2
2 2 3 2
2 2 2 2
2 2 2 3
2 3 3 2
2 2 2 3
2 3 3 3
2 3 2 2
2 2 2 3
2 3 3 3
2 2 3 2
2 2 3 2
2 3 3 3
2 2 3 3
2 3 2 2
2 3 2 2
2 3 2 3
2 2 3 3
2 3 3 3
2 3 2 3
2 3 3 3
2 3 2 2
2 2 3 3
2 3 3 2
2 2 3 2
2 2 2 3
2 3 3 2
2 3 2 3
2 3 2 3
2 2 2 3
2 2 2 2
2 3 3 2
2 3 2 3
2 3 2 3
2 2 3 2
2 2 3 3
2 3 2 3
2 2 3 2
2 3 3 2
2 2 2 2
2 2 3 2
2 3 3 2
2 2 3 3
2 2 3 2
2 3 3 2
2 2 2 2
2 3 2 2
2 3 2 2
2 3 3 3
2 3 2 3
2 3 3 2
2 2 2 3
2 3 3 2
2 2 2 2
2 3 2 3
19 6 60
3 3 3 1 2 2 1 3 2 2 3 2 2 3 3 3 3 2 1
1 3 3 2 2 3
2 1 1 3
2 3 1 1
2 3 3 3
2 1 1 3
2 1 1 3
2 1 1 1
2 1 1 3
2 1 3 1
2 3 1 1
2 3 3 1
2 1 3 1
2 1 3 3
2 1 1 1
2 3 1 3
2 1 3 1
2 1 3 3
2 1 1 1
2 3 1 3
2 1 3 1
2 3 3 1
2 1 1 1
2 3 3 3
2 3 1 3
2 3 1 1
2 3 1 1
2 3 3 3
2 3 1 1
2 1 3 1
2 1 1 3
2 3 1 3
2 3 3 1
2 1 1 1
2 1 3 3
2 3 1 1
2 1 3 1
2 1 1 3
2 1 3 1
2 3 1 1
2 1 1 3
2 1 1 3
2 3 3 1
2 1 3 1
2 1 1 3
2 1 3 1
2 1 3 3
2 1 1 3
2 1 3 3
2 1 3 3
2 1 1 3
2 1 1 3
2 3 3 1
2 1 3 3
2 3 1 3
2 3 3 1
2 3 1 3
2 1 3 1
2 1 3 1
2 1 3 3
2 1 1 1
2 3 3 1
2 21 60
1 2
1 1 1 2 1 1 2 2 2 1 1 1 1 1 2 2 1 1 1 1 2
2 2 2 2
2 1 1 2
2 2 2 2
2 1 2 2
2 1 2 2
2 2 2 2
2 2 2 2
2 2 2 2
2 1 1 2
2 1 1 2
2 1 2 2
2 2 1 2
2 1 2 2
2 2 2 2
2 1 1 2
2 2 2 2
2 1 2 2
2 1 1 2
2 1 1 2
2 2 1 2
2 2 2 2
2 2 1 2
2 2 1 2
2 1 2 2
2 2 2 2
2 2 2 2
2 2 2 2
2 1 1 2
2 2 2 2
2 1 2 2
2 2 2 2
2 1 1 2
2 1 2 2
2 1 2 2
2 1 1 2
2 1 2 2
2 2 1 2
2 1 1 2
2 2 1 2
2 2 2 2
2 1 1 2
2 1 2 2
2 2 1 2
2 1 2 2
2 2 1 2
2 2 1 2
2 1 2 2
2 1 2 2
2 1 2 2
2 2 2 2
2 1 2 2
2 2 2 2
2 1 2 2
2 2 1 2
2 1 1 2
2 2 2 2
2 1 2 2
2 2 1 2
2 2 1 2
2 1 1 2
11 7 60
2 2 1 1 2 1 2 1 1 1 1
2 2 1 2 1 1 1
2 1 1 1
2 1 2 1
2 1 2 1
2 2 2 1
2 2 1 1
2 1 1 1
2 2 1 1
2 2 1 1
2 1 1 1
2 2 2 1
2 2 2 1
2 1 2 1
2 2 2 1
2 1 1 1
2 1 1 1
2 1 2 1
2 2 2 1
2 1 1 1
2 1 2 1
2 1 2 1
2 1 2 1
2 2 1 1
2 2 1 1
2 1 2 1
2 1 2 1
2 2 1 1
2 1 2 1
2 1 1 1
2 1 1 1
2 2 1 1
2 2 2 1
2 1 2 1
2 1 1 1
2 2 1 1
2 1 1 1
2 2 1 1
2 2 2 1
2 2 1 1
2 2 1 1
2 2 1 1
2 2 1 1
2 2 2 1
2 1 2 1
2 1 1 1
2 1 1 1
2 2 1 1
2 2 1 1
2 1 2 1
2 1 2 1
2 2 1 1
2 1 2 1
2 1 1 1
2 2 1 1
2 1 1 1
2 1 2 1
2 2 1 1
2 1 2 1
2 2 1 1
2 1 2 1
2 1 2 1
13 3 60
1 2 1 1 1 2 2 2 2 1 1 2 1
2 1 1
2 1 1 2
2 1 1 2
2 1 2 2
2 2 1 2
2 2 1 2
2 1 2 2
2 1 2 2
2 2 2 2
2 2 1 2
2 2 1 2
2 1 1 2
2 2 1 2
2 2 2 2
2 2 2 2
2 1 2 2
2 2 2 2
2 2 2 2
2 2 1 2
2 2 1 2
2 2 1 2
2 2 1 2
2 2 1 2
2 1 2 2
2 1 1 2
2 2 2 2
2 2 2 2
2 1 1 2
2 2 1 2
2 2 2 2
2 1 2 2
2 2 1 2
2 1 1 2
2 1 1 2
2 1 1 2
2 1 2 2
2 2 1 2
2 2 2 2
2 2 1 2
2 2 1 2
2 2 1 2
2 1 2 2
2 1 1 2
2 1 1 2
2 1 2 2
2 1 2 2
2 2 2 2
2 1 1 2
2 1 2 2
2 1 1 2
2 1 2 2
2 1 2 2
2 2 2 2
2 1 1 2
2 2 1 2
2 2 1 2
2 1 1 2
2 1 1 2
2 2 2 2
2 2 2 2
2 1 2 2
11 21 60
1 2 2 2 2 1 1 2 2 2 2
1 2 1 2 1 2 2 1 1 1 1 2 2 2 2 2 1 1 2 2 2
2 2 2 2
2 2 2 2
2 2 1 2
2 1 2 2
2 2 1 2
2 1 2 2
2 2 2 2
2 1 1 2
2 1 2 2
2 1 1 2
2 2 2 2
2 1 2 2
2 1 2 2
2 2 2 2
2 1 2 2
2 2 1 2
2 1 1 2
2 2 1 2
2 1 2 2
2 1 2 2
2 2 2 2
2 2 2 2
2 2 2 2
2 1 1 2
2 2 1 2
2 2 2 2
2 1 2 2
2 2 1 2
2 1 2 2
2 1 1 2
2 1 2 2
2 1 1 2
2 2 2 2
2 1 2 2
2 1 1 2
2 1 2 2
2 2 1 2
2 2 2 2
2 1 2 2
2 2 1 2
2 1 1 2
2 1 1 2
2 2 2 2
2 2 2 2
2 2 1 2
2 2 1 2
2 2 1 2
2 2 1 2
2 1 2 2
2 2 2 2
2 2 2 2
2 2 2 2
2 2 1 2
2 1 2 2
2 2 2 2
2 2 2 2
2 1 1 2
2 2 1 2
2 1 1 2
2 1 2 2
1 4 60
2
1 2 2 2
2 1 1 2
2 2 1 2
2 1 2 2
2 2 2 2
2 1 2 2
2 1 1 2
2 2 1 2
2 2 2 2
2 1 1 2
2 1 1 2
2 1 1 2
2 2 2 2
2 2 2 2
2 2 2 2
2 1 1 2
2 1 2 2
2 2 2 2
2 2 2 2
2 1 2 2
2 1 2 2
2 2 2 2
2 1 2 2
2 1 1 2
2 1 2 2
2 2 1 2
2 1 1 2
2 1 2 2
2 1 2 2
2 1 1 2
2 2 1 2
2 2 1 2
2 1 2 2
2 2 1 2
2 1 2 2
2 1 1 2
2 1 2 2
2 2 1 2
2 2 1 2
2 2 2 2
2 2 1 2
2 1 1 2
2 1 1 2
2 2 2 2
2 1 2 2
2 2 1 2
2 2 2 2
2 1 1 2
2 2 2 2
2 1 2 2
2 1 2 2
2 1 1 2
2 2 1 2
2 1 1 2
2 1 2 2
2 2 2 2
2 1 1 2
2 2 1 2
2 1 1 2
2 1 2 2
2 1 2 2
7 8 60
2 2 1 1 2 1 2
2 2 2 1 2 1 2 1
2 1 1 1
2 2 2 1
2 1 1 1
2 2 1 1
2 2 1 1
2 1 2 1
2 1 2 1
2 1 2 1
2 2 1 1
2 1 1 1
2 2 1 1
2 1 1 1
2 1 1 1
2 2 1 1
2 1 2 1
2 1 1 1
2 2 1 1
2 2 1 1
2 2 2 1
2 2 2 1
2 2 1 1
2 2 2 1
2 2 2 1
2 1 2 1
2 2 1 1
2 2 1 1
2 2 2 1
2 2 1 1
2 2 2 1
2 1 1 1
2 1 1 1
2 1 1 1
2 1 1 1
2 2 2 1
2 2 2 1
2 1 2 1
2 2 2 1
2 2 1 1
2 1 2 1
2 2 1 1
2 1 2 1
2 2 1 1
2 2 1 1
2 2 1 1
2 2 2 1
2 2 2 1
2 2 2 1
2 2 1 1
2 2 2 1
2 2 1 1
2 2 1 1
2 2 2 1
2 1 2 1
2 1 1 1
2 1 1 1
2 1 2 1
2 1 1 1
2 1 2 1
2 1 1 1
2 1 2 1
15 25 60
1 2 1 2 1 1 2 1 1 1 1 1 2 2 1
2 1 2 1 1 2 2 2 2 2 2 2 1 1 2 1 2 1 1 2 2 1 1 2 2
2 1 2 2
2 2 1 2
2 1 1 2
2 1 2 2
2 2 1 2
2 2 2 2
2 2 2 2
2 2 2 2
2 2 1 2
2 2 1 2
2 1 1 2
2 2 1 2
2 1 2 2
2 1 2 2
2 2 1 2
2 2 1 2
2 1 2 2
2 2 2 2
2 2 2 2
2 1 1 2
2 2 1 2
2 2 2 2
2 1 2 2
2 2 2 2
2 1 1 2
2 1 1 2
2 2 1 2
2 1 1 2
2 2 1 2
2 2 1 2
2 1 2 2
2 1 1 2
2 1 2 2
2 1 1 2
2 1 1 2
2 2 2 2
2 2 1 2
2 2 2 2
2 1 1 2
2 1 2 2
2 2 2 2
2 2 1 2
2 2 1 2
2 1 1 2
2 2 2 2
2 1 2 2
2 2 2 2
2 1 1 2
2 2 2 2
2 2 2 2
2 1 1 2
2 2 1 2
2 1 1 2
2 1 1 2
2 2 1 2
2 1 1 2
2 1 1 2
2 1 1 2
2 1 2 2
2 2 1 2
9 22 60
2 1 2 1 1 1 2 1 1
1 1 1 2 2 1 2 2 2 2 2 1 2 1 1 2 1 2 1 2 1 2
2 1 2 1
2 1 2 1
2 2 2 1
2 1 1 1
2 2 1 1
2 2 2 1
2 1 1 1
2 1 1 1
2 2 2 1
2 2 2 1
2 2 2 1
2 2 1 1
2 1 2 1
2 1 1 1
2 2 2 1
2 2 2 1
2 1 2 1
2 2 2 1
2 1 1 1
2 2 2 1
2 2 2 1
2 1 1 1
2 1 1 1
2 2 1 1
2 2 2 1
2 1 2 1
2 1 1 1
2 1 2 1
2 2 2 1
2 2 2 1
2 2 2 1
2 2 2 1
2 2 2 1
2 1 2 1
2 2 1 1
2 1 1 1
2 2 2 1
2 2 2 1
2 2 2 1
2 1 2 1
2 2 2 1
2 1 1 1
2 1 1 1
2 1 1 1
2 1 2 1
2 1 1 1
2 2 1 1
2 1 2 1
2 2 1 1
2 2 2 1
2 1 1 1
2 2 1 1
2 1 2 1
2 1 2 1
2 2 1 1
2 2 1 1
2 2 2 1
2 2 1 1
2 2 1 1
2 1 1 1
4 6 60
2 2 2 1
1 1 2 2 2 1
2 2 2 1
2 2 2 1
2 1 1 1
2 1 1 1
2 1 2 1
2 2 1 1
2 1 2 1
2 2 2 1
2 2 1 1
2 1 2 1
2 2 1 1
2 2 2 1
2 1 1 1
2 1 2 1
2 2 1 1
2 1 2 1
2 2 1 1
2 2 1 1
2 1 1 1
2 1 1 1
2 1 2 1
2 1 1 1
2 2 1 1
2 1 2 1
2 1 1 1
2 2 2 1
2 2 2 1
2 1 1 1
2 1 2 1
2 2 1 1
2 2 2 1
2 1 2 1
2 2 2 1
2 1 2 1
2 1 1 1
2 2 2 1
2 1 2 1
2 2 2 1
2 2 1 1
2 1 2 1
2 2 2 1
2 2 1 1
2 2 2 1
2 2 1 1
2 2 2 1
2 1 2 1
2 1 2 1
2 2 1 1
2 1 2 1
2 2 1 1
2 2 1 1
2 2 2 1
2 1 1 1
2 2 1 1
2 2 2 1
2 2 2 1
2 1 2 1
2 2 1 1
2 2 1 1
2 1 2 1
6 14 60
2 1 2 1 1 1
2 1 1 2 1 1 1 2 2 1 1 2 2 1
2 1 2 2
2 2 2 2
2 2 2 2
2 1 1 2
2 1 2 2
2 1 2 2
2 2 2 2
2 1 2 2
2 2 1 2
2 2 2 2
2 1 2 2
2 2 1 2
2 1 1 2
2 2 2 2
2 2 1 2
2 1 2 2
2 2 2 2
2 2 1 2
2 2 1 2
2 1 1 2
2 2 2 2
2 1 2 2
2 1 1 2
2 1 2 2
2 1 2 2
2 1 1 2
2 1 1 2
2 1 2 2
2 1 1 2
2 2 2 2
2 1 2 2
2 1 2 2
2 2 2 2
2 2 1 2
2 2 1 2
2 1 2 2
2 2 1 2
2 1 1 2
2 2 1 2
2 1 1 2
2 1 1 2
2 2 2 2
2 1 2 2
2 1 1 2
2 2 2 2
2 2 2 2
2 2 1 2
2 2 1 2
2 2 1 2
2 1 2 2
2 1 2 2
2 1 2 2
2 2 2 2
2 2 1 2
2 1 2 2
2 1 2 2
2 1 2 2
2 2 2 2
2 2 2 2
2 1 1 2
19 23 60
1 1 1 1 2 2 1 1 1 1 2 1 2 1 2 1 2 1 1
2 1 2 1 2 1 2 2 1 1 1 2 1 1 2 2 2 2 2 2 2 1 1
2 1 1 2
2 2 1 2
2 1 2 2
2 2 2 2
2 2 2 2
2 2 2 2
2 2 1 2
2 1 2 2
2 1 2 2
2 1 2 2
2 1 2 2
2 1 1 2
2 1 1 2
2 1 2 2
2 2 1 2
2 1 1 2
2 1 2 2
2 1 1 2
2 1 1 2
2 1 2 2
2 1 2 2
2 2 1 2
2 2 2 2
2 2 1 2
2 1 1 2
2 1 2 2
2 2 1 2
2 1 2 2
2 2 2 2
2 1 1 2
2 1 1 2
2 1 2 2
2 2 2 2
2 1 1 2
2 2 1 2
2 1 2 2
2 1 1 2
2 1 1 2
2 1 2 2
2 2 1 2
2 1 2 2
2 2 1 2
2 1 2 2
2 1 2 2
2 2 2 2
2 1 1 2
2 2 1 2
2 2 2 2
2 2 2 2
2 1 1 2
2 2 1 2
2 1 2 2
2 1 2 2
2 1 1 2
2 1 1 2
2 1 1 2
2 1 1 2
2 1 2 2
2 1 2 2
2 2 2 2
11 9 60
1 2 2 2 1 2 2 2 2 1 1
2 1 2 2 1 1 2 2 2
2 1 1 1
2 1 2 1
2 2 2 1
2 2 2 1
2 1 2 1
2 1 1 1
2 1 2 1
2 1 2 1
2 2 2 1
2 1 1 1
2 1 1 1
2 1 1 1
2 2 1 1
2 1 2 1
2 1 1 1
2 2 2 1
2 1 1 1
2 1 1 1
2 1 1 1
2 1 1 1
2 1 1 1
2 1 1 1
2 2 2 1
2 1 2 1
2 2 2 1
2 2 2 1
2 2 2 1
2 1 2 1
2 2 1 1
2 2 1 1
2 1 2 1
2 2 1 1
2 2 2 1
2 1 1 1
2 2 1 1
2 2 2 1
2 2 2 1
2 2 1 1
2 2 2 1
2 2 2 1
2 1 2 1
2 2 1 1
2 2 1 1
2 2 1 1
2 2 1 1
2 2 1 1
2 2 2 1
2 2 1 1
2 2 2 1
2 2 1 1
2 1 1 1
2 2 1 1
2 2 2 1
2 2 1 1
2 1 2 1
2 2 1 1
2 1 1 1
2 1 1 1
2 1 1 1
2 1 2 1
12 2 60
1 1 1 2 1 2 1 2 1 2 2 1
1 1
2 2 2 1
2 2 2 1
2 1 1 1
2 2 1 1
2 2 1 1
2 1 1 1
2 1 2 1
2 2 1 1
2 1 1 1
2 2 1 1
2 1 1 1
2 1 2 1
2 2 2 1
2 2 2 1
2 2 2 1
2 2 2 1
2 1 1 1
2 2 2 1
2 2 1 1
2 1 1 1
2 2 1 1
2 2 2 1
2 1 2 1
2 2 2 1
2 1 1 1
2 2 2 1
2 2 2 1
2 2 1 1
2 1 2 1
2 1 1 1
2 1 2 1
2 2 1 1
2 2 1 1
2 1 1 1
2 1 2 1
2 1 1 1
2 2 2 1
2 2 1 1
2 1 1 1
2 2 2 1
2 1 2 1
2 2 1 1
2 1 1 1
2 2 1 1
2 2 2 1
2 1 1 1
2 2 1 1
2 2 2 1
2 2 2 1
2 1 1 1
2 1 2 1
2 1 2 1
2 2 1 1
2 2 2 1
2 2 1 1
2 2 1 1
2 2 2 1
2 2 2 1
2 1 1 1
2 2 2 1
16 5 60
1 1 2 2 1 2 2 1 1 2 1 2 1 1 2 2
1 2 1 2 1
2 1 1 2
2 1 2 2
2 1 2 2
2 2 2 2
2 2 2 2
2 2 2 2
2 2 2 2
2 2 1 2
2 2 1 2
2 2 1 2
2 2 2 2
2 1 1 2
2 1 2 2
2 1 1 2
2 1 2 2
2 1 1 2
2 2 2 2
2 1 1 2
2 1 2 2
2 1 2 2
2 2 1 2
2 1 2 2
2 2 2 2
2 1 2 2
2 1 1 2
2 1 2 2
2 1 2 2
2 1 1 2
2 2 1 2
2 2 2 2
2 2 2 2
2 1 2 2
2 2 2 2
2 1 1 2
2 1 1 2
2 1 2 2
2 2 1 2
2 2 2 2
2 1 2 2
2 2 2 2
2 2 2 2
2 2 1 2
2 1 1 2
2 2 1 2
2 1 1 2
2 1 2 2
2 2 1 2
2 2 1 2
2 2 2 2
2 2 2 2
2 2 1 2
2 1 2 2
2 1 1 2
2 2 2 2
2 1 2 2
2 2 2 2
2 1 1 2
2 1 1 2
2 2 1 2
2 2 1 2
17 20 60
2 1 1 1 1 2 1 1 2 2 1 2 1 1 1 2 2
2 2 1 1 2 1 2 2 2 2 1 2 1 1 2 1 1 2 1 1
2 2 1 2
2 2 2 2
2 1 2 2
2 2 1 2
2 1 1 2
2 2 1 2
2 2 2 2
2 1 2 2
2 1 1 2
2 1 2 2
2 1 2 2
2 1 1 2
2 1 2 2
2 2 2 2
2 2 2 2
2 2 2 2
2 1 2 2
2 1 1 2
2 2 2 2
2 2 2 2
2 1 2 2
2 2 1 2
2 1 2 2
2 2 2 2
2 2 1 2
2 1 1 2
2 2 1 2
2 1 1 2
2 2 2 2
2 1 1 2
2 1 1 2
2 2 2 2
2 1 1 2
2 2 1 2
2 2 1 2
2 2 1 2
2 2 2 2
2 1 2 2
2 1 1 2
2 2 2 2
2 2 2 2
2 1 1 2
2 2 1 2
2 1 1 2
2 1 2 2
2 2 1 2
2 1 1 2
2 2 1 2
2 2 1 2
2 1 2 2
2 2 2 2
2 2 1 2
2 1 1 2
2 1 2 2
2 1 2 2
2 1 2 2
2 1 1 2
2 1 2 2
2 1 1 2
2 2 2 2
18 15 60
1 2 2 1 1 1 2 2 2 2 2 1 2 1 1 1 2 1
2 1 2 2 1 2 1 2 2 1 1 1 2 1 2
2 1 1 1
2 1 1 1
2 1 2 1
2 1 2 1
2 1 1 1
2 1 2 1
2 2 2 1
2 2 1 1
2 1 1 1
2 1 2 1
2 1 1 1
2 2 2 1
2 1 1 1
2 2 2 1
2 2 1 1
2 1 1 1
2 1 1 1
2 2 1 1
2 1 2 1
2 2 1 1
2 1 1 1
2 1 1 1
2 1 2 1
2 1 1 1
2 1 2 1
2 2 1 1
2 1 1 1
2 1 2 1
2 2 1 1
2 2 2 1
2 1 1 1
2 2 2 1
2 2 2 1
2 2 2 1
2 1 1 1
2 1 2 1
2 1 1 1
2 1 2 1
2 2 2 1
2 1 1 1
2 1 2 1
2 1 1 1
2 2 2 1
2 1 2 1
2 2 1 1
2 1 2 1
2 2 1 1
2 1 1 1
2 1 2 1
2 1 1 1
2 1 1 1
2 2 2 1
2 1 2 1
2 1 1 1
2 1 1 1
2 2 1 1
2 1 2 1
2 2 2 1
2 2 1 1
2 1 2 1
13 7 60
2 1 1 1 1 2 1 1 1 2 2 2 1
2 2 2 2 2 2 1
2 1 2 2
2 1 1 2
2 1 2 2
2 2 1 2
2 1 2 2
2 1 1 2
2 2 1 2
2 2 1 2
2 2 1 2
2 2 2 2
2 2 2 2
2 2 2 2
2 1 2 2
2 1 1 2
2 2 1 2
2 1 1 2
2 1 1 2
2 1 2 2
2 1 1 2
2 2 2 2
2 2 2 2
2 2 2 2
2 1 2 2
2 2 1 2
2 1 2 2
2 1 2 2
2 1 2 2
2 2 2 2
2 2 1 2
2 2 1 2
2 2 2 2
2 2 2 2
2 1 2 2
2 2 1 2
2 2 2 2
2 2 2 2
2 1 1 2
2 1 1 2
2 2 2 2
2 1 2 2
2 2 1 2
2 2 1 2
2 1 2 2
2 1 1 2
2 2 2 2
2 1 1 2
2 1 1 2
2 2 2 2
2 2 1 2
2 1 1 2
2 2 2 2
2 2 2 2
2 2 1 2
2 2 1 2
2 1 1 2
2 2 2 2
2 2 2 2
2 1 2 2
2 2 1 2
2 1 1 2
13 20 60
1 2 2 1 1 2 1 2 2 1 1 1 2
1 1 1 2 2 1 2 1 2 1 1 1 1 1 2 2 1 2 1 1
2 2 1 1
2 1 2 1
2 2 2 1
2 1 1 1
2 2 1 1
2 2 1 1
2 2 1 1
2 2 2 1
2 1 1 1
2 1 2 1
2 2 2 1
2 2 2 1
2 1 2 1
2 2 1 1
2 1 2 1
2 1 2 1
2 2 2 1
2 2 1 1
2 1 1 1
2 2 2 1
2 1 1 1
2 1 1 1
2 2 2 1
2 2 1 1
2 1 1 1
2 2 1 1
2 2 1 1
2 2 1 1
2 2 2 1
2 1 1 1
2 2 2 1
2 1 1 1
2 1 2 1
2 1 1 1
2 2 1 1
2 1 2 1
2 1 2 1
2 2 2 1
2 1 2 1
2 2 1 1
2 2 1 1
2 2 2 1
2 2 2 1
2 2 2 1
2 2 2 1
2 1 2 1
2 1 2 1
2 2 2 1
2 2 2 1
2 1 1 1
2 2 2 1
2 1 2 1
2 1 2 1
2 1 2 1
2 2 2 1
2 1 2 1
2 1 2 1
2 1 2 1
2 1 2 1
2 1 1 1
11 2 60
1 1 2 2 1 2 2 2 2 1 1
2 1
2 1 2 1
2 2 1 1
2 2 1 1
2 1 2 1
2 2 1 1
2 2 1 1
2 1 1 1
2 2 2 1
2 2 2 1
2 2 2 1
2 2 2 1
2 1 2 1
2 2 1 1
2 2 1 1
2 1 2 1
2 2 2 1
2 1 1 1
2 2 2 1
2 2 2 1
2 2 1 1
2 1 2 1
2 1 1 1
2 2 2 1
2 1 2 1
2 2 1 1
2 1 1 1
2 1 1 1
2 2 1 1
2 1 2 1
2 1 1 1
2 1 1 1
2 1 1 1
2 2 1 1
2 1 1 1
2 1 1 1
2 2 2 1
2 2 1 1
2 2 2 1
2 2 2 1
2 2 1 1
2 2 2 1
2 1 2 1
2 2 1 1
2 1 2 1
2 2 1 1
2 2 2 1
2 1 1 1
2 2 2 1
2 2 2 1
2 1 1 1
2 2 2 1
2 2 2 1
2 1 1 1
2 1 1 1
2 2 2 1
2 1 1 1
2 1 2 1
2 2 1 1
2 2 1 1
2 2 1 1
20 6 60
2 2 1 1 1 1 1 2 2 1 1 1 1 2 1 1 2 2 1 1
2 2 1 1 2 1
2 1 2 1
2 2 2 1
2 1 1 1
2 2 1 1
2 2 2 1
2 2 1 1
2 2 2 1
2 1 2 1
2 1 2 1
2 1 1 1
2 1 1 1
2 2 1 1
2 1 1 1
2 2 2 1
2 2 2 1
2 1 1 1
2 1 1 1
2 1 2 1
2 2 2 1
2 2 2 1
2 1 1 1
2 2 1 1
2 2 2 1
2 2 1 1
2 2 2 1
2 1 1 1
2 2 2 1
2 2 2 1
2 1 2 1
2 2 1 1
2 2 1 1
2 2 1 1
2 2 1 1
2 2 2 1
2 2 2 1
2 2 1 1
2 2 1 1
2 1 2 1
2 2 1 1
2 2 2 1
2 1 1 1
2 2 2 1
2 2 1 1
2 2 1 1
2 2 1 1
2 2 2 1
2 2 1 1
2 2 2 1
2 2 1 1
2 1 2 1
2 2 1 1
2 1 2 1
2 2 1 1
2 2 2 1
2 2 1 1
2 2 1 1
2 2 2 1
2 2 2 1
2 1 2 1
2 1 1 1
0 0 0
