3 3 3
2 1 4
3 5 6
2 2 1 5
2 6 3 4
2 5 4 2
3 3 2
2 2 2
1 1 2
2 2 2 1
2 1 1 2
7 1 2
1 1 3 1 2 1 3
2
3 1 2 1 2
3 3 2 3 2
16 14 5
2 1 2 2 1 3 2 1 3 2 2 1 1 3 1 2
2 1 3 1 1 2 3 1 2 2 2 2 1 3
2 3 1 3
3 2 2 2 1
3 2 2 1 2
3 1 2 2 2
4 2 1 2 2 2
3 3 6
2 3 1
5 6 4
2 2 3 5
2 1 2 6
2 3 1 4
2 5 6 2
2 4 5 3
2 6 4 1
5 5 10
6 2 8 5 7
10 9 3 1 4
2 6 2 10
2 8 5 9
2 7 6 3
2 2 8 1
2 5 7 4
2 10 9 6
2 3 1 2
2 4 10 8
2 9 3 5
2 1 4 7
7 7 14
5 1 14 9 3 6 4
8 10 2 11 7 13 12
3 5 1 14 8
3 9 3 6 10
3 4 5 1 2
3 14 9 3 11
3 6 4 5 7
3 1 14 9 13
3 3 6 4 12
3 8 10 2 5
3 11 7 13 1
3 12 8 10 14
3 2 11 7 9
3 13 12 8 3
3 10 2 11 6
3 7 13 12 4
5 5 16
8 7 6 4 3
2 1 9 5 10
2 8 7 2
2 6 4 1
2 3 8 9
2 7 6 5
2 4 3 10
2 2 1 8
2 9 5 7
2 10 2 6
2 1 9 4
2 5 10 3
2 8 2 2
2 7 2 2
2 6 2 2
2 4 2 2
2 3 2 2
3 1 9 5 6
7 7 22
8 9 11 4 3 14 6
1 13 2 5 10 12 7
2 8 9 1
2 11 4 13
2 3 14 2
2 6 8 5
2 9 11 10
2 4 3 12
2 14 6 7
2 1 13 8
2 2 5 9
2 10 12 11
2 7 1 4
2 13 2 3
2 5 10 14
2 12 7 6
2 8 1 1
2 9 1 1
2 11 1 1
2 4 1 1
2 3 1 1
2 14 1 1
2 6 1 1
5 13 2 5 10 12 11
7 7 22
8 2 4 5 14 3 11
10 9 1 7 12 13 6
3 8 2 4 10
3 5 14 3 9
3 11 8 2 1
3 4 5 14 7
3 3 11 8 12
3 2 4 5 13
3 14 3 11 6
3 10 9 1 8
3 7 12 13 2
3 6 10 9 4
3 1 7 12 5
3 13 6 10 14
3 9 1 7 3
3 12 13 6 11
2 8 10 10
2 2 10 10
2 4 10 10
2 5 10 10
2 14 10 10
2 3 10 10
2 11 10 10
5 9 1 7 12 13 4
3 3 2
4 3 1
3 4 1
3 4 3 2 1
3 3 4 2 1
5 4 2
3 6 2 1 4
3 5 1 4
2 3 6 2
2 6 2 5
9 16 2
1 1 1 1 1 1 1 1 1
1 1 1 1 1 1 1 1 1 1 1 1 1 1 1 1
7 1 1 1 1 1 1 1 1
4 1 1 1 1 1
14 9 2
1 1 1 1 1 1 1 1 1 1 1 1 1 1
1 1 1 1 1 1 1 1 1
7 1 1 1 1 1 1 1 1
4 1 1 1 1 1
23 12 2
1 1 1 1 1 1 1 1 1 1 1 1 1 1 1 1 1 1 1 1 1 1 1
1 1 1 1 1 1 1 1 1 1 1 1
9 1 1 1 1 1 1 1 1 1 1
7 1 1 1 1 1 1 1 1
19 12 2
1 1 1 1 1 1 1 1 1 1 1 1 1 1 1 1 1 1 1
1 1 1 1 1 1 1 1 1 1 1 1
9 1 1 1 1 1 1 1 1 1 1
7 1 1 1 1 1 1 1 1
9 8 2
1 1 1 1 1 1 1 1 1
1 1 1 1 1 1 1 1
6 1 1 1 1 1 1 1
8 1 1 1 1 1 1 1 1 1
3 18 2
1 1 1
1 1 1 1 1 1 1 1 1 1 1 1 1 1 1 1 1 1
6 1 1 1 1 1 1 1
8 1 1 1 1 1 1 1 1 1
24 1 3
2 2 2 1 1 1 2 2 2 1 2 2 2 2 2 1 2 1 1 1 1 1 1 1
3
2 3 3 3
3 2 3 1 3
2 2 1 3
24 1 3
2 3 2 3 2 2 2 2 2 3 3 2 3 2 3 2 2 2 3 3 3 3 3 3
1
2 1 1 1
3 2 1 3 1
2 2 3 1
25 1 3
3 3 1 3 1 1 1 3 1 1 3 3 3 1 1 1 1 3 3 3 3 1 3 1 3
2
2 2 2 2
3 3 2 1 2
2 3 1 2
25 1 3
3 3 3 3 3 3 3 3 3 2 3 2 3 3 3 2 3 3 2 3 3 2 2 3 2
1
2 1 1 1
3 3 1 2 1
2 3 2 1
16 16 31
10 10 10 10 10 10 10 10 10 10 10 10 10 10 10 10
11 11 11 11 11 11 11 11 11 11 11 11 11 11 11 11
2 10 10 11
2 11 10 30
2 30 10 7
2 7 10 27
2 27 10 1
2 1 10 19
2 19 10 8
2 8 10 24
2 24 10 5
2 5 10 2
2 2 10 22
2 22 10 28
2 28 10 16
2 16 10 4
2 4 10 23
2 23 11 9
2 9 11 3
2 3 11 14
2 14 11 6
2 6 11 26
2 26 11 21
2 21 11 29
2 29 11 18
2 18 11 25
2 25 11 13
2 13 11 20
2 20 11 15
2 15 11 12
2 12 11 17
2 11 11 23
2 12 11 23
16 16 32
13 13 13 13 13 13 13 13 13 13 13 13 13 13 13 13
27 27 27 27 27 27 27 27 27 27 27 27 27 27 27 27
2 13 13 27
2 27 13 4
2 4 13 29
2 29 13 23
2 23 13 20
2 20 13 28
2 28 13 5
2 5 13 11
2 11 13 24
2 24 13 22
2 22 13 10
2 10 13 1
2 1 13 14
2 14 13 9
2 9 13 21
2 21 27 2
2 2 27 8
2 8 27 3
2 3 27 17
2 17 27 7
2 7 27 30
2 30 27 15
2 15 27 18
2 18 27 19
2 19 27 16
2 16 27 26
2 26 27 6
2 6 27 12
2 12 27 25
2 27 27 21
2 12 27 21
2 27 27 27
16 16 31
28 28 28 28 28 28 28 28 28 28 28 28 28 28 28 28
19 19 19 19 19 19 19 19 19 19 19 19 19 19 19 19
2 28 28 19
2 28 19 5
2 28 5 24
2 28 24 30
2 28 30 17
2 28 17 2
2 28 2 3
2 28 3 10
2 28 10 9
2 28 9 15
2 28 15 11
2 28 11 25
2 28 25 21
2 28 21 20
2 28 20 12
2 19 12 7
2 19 7 22
2 19 22 1
2 19 1 26
2 19 26 4
2 19 4 13
2 19 13 8
2 19 8 29
2 19 29 14
2 19 14 23
2 19 23 16
2 19 16 18
2 19 18 6
2 19 6 27
2 19 19 12
2 19 6 12
16 16 32
15 15 15 15 15 15 15 15 15 15 15 15 15 15 15 15
3 3 3 3 3 3 3 3 3 3 3 3 3 3 3 3
2 15 15 3
2 15 3 18
2 15 18 26
2 15 26 10
2 15 10 23
2 15 23 19
2 15 19 17
2 15 17 29
2 15 29 22
2 15 22 8
2 15 8 11
2 15 11 21
2 15 21 13
2 15 13 5
2 15 5 27
2 3 27 4
2 3 4 9
2 3 9 20
2 3 20 25
2 3 25 2
2 3 2 30
2 3 30 28
2 3 28 14
2 3 14 12
2 3 12 1
2 3 1 16
2 3 16 7
2 3 7 6
2 3 6 24
2 3 3 27
2 3 6 27
2 3 3 3
25 25 60
2 2 2 1 1 1 2 1 2 1 2 1 1 1 2 2 1 1 2 2 2 2 2 2 1
2 1 2 1 2 1 1 1 2 2 1 1 2 2 2 2 2 2 1 2 2 2 1 1 1
2 1 1 1
2 2 2 2
2 2 1 2
2 1 2 2
2 2 2 1
2 2 1 2
2 2 1 1
2 2 2 1
2 1 1 1
2 2 1 1
2 2 2 1
2 1 2 2
2 2 2 1
2 2 2 2
2 1 1 2
2 2 1 1
2 1 2 2
2 2 1 1
2 1 2 1
2 2 1 2
2 2 1 1
2 2 1 2
2 2 2 2
2 1 2 2
2 1 2 1
2 1 2 2
2 2 2 2
2 2 2 2
2 1 2 1
2 2 1 2
2 2 2 2
2 1 1 1
2 1 1 1
2 2 2 2
2 2 1 2
2 2 2 1
2 1 2 1
2 2 2 2
2 1 1 1
2 1 2 1
2 1 1 1
2 2 2 2
2 2 2 2
2 2 1 1
2 2 2 1
2 2 2 1
2 1 1 2
2 1 2 1
2 2 1 1
2 1 1 2
2 2 2 2
2 2 1 2
2 2 1 1
2 2 1 1
2 2 2 2
2 1 2 1
2 2 1 2
2 2 2 1
2 1 1 1
2 1 1 1
25 25 60
2 3 3 3 5 3 4 2 5 5 1 1 5 2 5 3 2 5 5 3 1 5 2 2 1
5 1 1 5 2 5 3 2 5 5 3 1 5 2 2 1 2 3 3 3 5 3 4 2 5
2 1 1 3
2 1 2 3
2 4 5 2
2 1 1 4
2 2 3 1
2 2 1 2
2 5 4 5
2 5 1 3
2 2 3 3
2 3 3 2
2 4 4 4
2 1 4 2
2 4 2 3
2 5 3 1
2 3 1 2
2 3 2 1
2 5 2 1
2 5 5 1
2 2 1 5
2 1 1 2
2 1 2 2
2 1 2 4
2 5 1 2
2 1 3 1
2 3 1 3
2 5 2 2
2 3 4 5
2 1 2 2
2 5 2 3
2 3 4 1
2 3 5 1
2 1 4 3
2 3 4 4
2 1 2 4
2 1 4 5
2 2 2 5
2 4 3 1
2 1 1 2
2 4 4 2
2 2 4 5
2 4 2 4
2 5 5 3
2 2 4 2
2 4 5 3
2 1 3 1
2 2 5 5
2 4 1 1
2 3 4 3
2 4 2 4
2 3 4 1
2 5 2 3
2 3 4 1
2 5 5 3
2 3 1 1
2 5 3 2
2 4 2 2
2 3 5 4
2 5 4 4
2 2 5 5
2 3 1 1
25 25 16
6 6 6 6 6 6 6 6 6 6 6 6 6 6 6 6 6 6 6 6 6 6 6 6 6
10 10 10 10 10 10 10 10 10 10 10 10 10 10 10 10 10 10 10 10 10 10 10 10 10
2 6 6 10
2 6 6 3
2 6 6 2
2 6 6 1
2 6 6 5
2 6 6 11
2 6 6 16
2 6 6 14
2 10 10 6
2 10 10 15
2 10 10 9
2 10 10 12
2 10 10 13
2 10 10 4
2 10 10 8
2 10 10 7
25 25 16
15 15 15 15 15 15 15 15 15 15 15 15 15 15 15 15 15 15 15 15 15 15 15 15 15
12 12 12 12 12 12 12 12 12 12 12 12 12 12 12 12 12 12 12 12 12 12 12 12 12
2 15 15 3
2 15 15 1
2 15 15 17
2 15 15 5
2 15 15 14
2 15 15 13
2 15 15 4
2 15 15 7
2 12 12 18
2 12 12 9
2 12 12 10
2 12 12 8
2 12 12 16
2 12 12 11
2 12 12 2
2 12 12 6
7 2 10
1 1 2 2 2 2 1
1 2
5 1 1 1 1 1 2
4 1 1 2 2 2
3 2 2 1 2
2 1 2 2
5 2 2 1 2 1 2
2 2 1 2
3 1 2 1 2
3 2 2 1 2
4 2 2 1 2 2
2 1 2 2
7 9 10
1 1 1 2 2 2 1
2 2 1 2 2 1 2 2 1
3 1 2 2 2
5 2 1 2 1 2 2
2 1 2 2
3 1 2 2 2
5 1 1 1 1 1 2
4 2 2 1 1 2
4 1 2 1 2 2
3 2 1 2 2
3 1 2 1 2
5 1 1 2 2 1 2
4 1 10
2 1 1 2
1
3 1 1 2 2
4 1 2 2 1 2
3 1 1 2 2
3 2 1 2 2
3 1 2 2 2
2 2 1 2
3 2 2 1 2
4 2 1 1 2 2
4 2 1 2 2 2
5 1 2 1 2 2 2
3 2 10
2 1 2
2 1
4 1 2 1 2 1
5 2 2 1 1 1 1
3 1 2 2 1
4 1 2 1 1 1
4 2 2 1 1 1
3 2 2 2 1
5 1 1 1 1 1 1
5 1 1 1 1 2 1
3 2 2 1 1
2 1 1 1
7 2 10
1 2 1 1 2 1 1
2 2
4 1 1 2 2 2
4 1 2 1 1 2
5 1 1 1 1 1 2
3 1 2 2 2
2 2 1 2
2 2 1 2
2 2 1 2
2 2 2 2
5 2 2 2 1 1 2
3 2 1 2 2
1 2 10
1
2 2
2 1 1 1
5 1 1 1 2 1 1
3 1 2 2 1
2 1 2 1
2 1 1 1
3 1 2 2 1
2 1 2 1
4 2 1 1 2 1
2 2 1 1
2 2 1 1
3 3 10
1 2 2
2 2 2
5 2 1 2 2 1 1
4 1 2 1 2 1
3 1 1 2 1
2 2 1 1
5 2 1 2 2 2 1
3 2 2 1 1
4 2 1 1 1 1
4 2 1 1 1 1
4 1 1 1 1 1
2 2 2 1
6 2 10
2 1 2 1 1 2
2 1
3 1 2 1 1
3 2 1 1 1
4 1 2 1 2 1
4 1 2 1 2 1
5 1 1 1 1 2 1
2 1 1 1
2 1 2 1
4 2 2 1 1 1
2 1 2 1
3 2 2 1 1
9 1 10
1 1 1 1 1 1 1 1 2
1
3 2 1 2 2
3 2 1 1 2
5 1 1 2 2 2 2
2 2 2 2
3 2 2 2 2
5 2 1 2 2 1 2
4 1 1 1 1 2
4 1 1 1 1 2
2 1 2 2
3 2 2 1 2
6 3 10
2 2 1 2 2 2
2 1 2
3 2 2 1 2
3 2 2 2 2
5 2 2 2 1 1 2
5 1 2 2 1 2 2
4 2 2 2 1 2
4 2 1 2 2 2
5 1 2 2 1 1 2
2 1 1 2
3 2 2 1 2
3 1 2 2 2
2 2 10
2 2
2 1
3 2 2 1 1
4 1 2 2 2 1
4 2 2 2 2 1
5 1 1 1 2 1 1
2 1 2 1
2 2 1 1
3 1 1 2 1
4 1 2 2 1 1
5 1 2 2 2 2 1
3 1 1 2 1
2 6 10
2 1
2 2 2 1 2 1
4 1 2 2 2 2
4 1 1 1 2 2
5 1 2 2 2 2 2
2 1 2 2
2 1 1 2
2 1 2 2
4 1 1 2 1 2
5 2 1 1 1 1 2
3 1 1 2 2
2 1 1 2
3 10 10
1 1 1
1 1 2 1 2 2 2 1 1 2
5 1 2 2 2 2 2
3 2 2 2 2
2 1 1 2
5 1 1 1 2 2 2
5 2 1 1 1 1 2
3 2 1 1 2
2 1 1 2
4 1 1 1 2 2
3 2 2 1 2
3 2 1 2 2
1 1 10
2
1
4 1 1 1 1 1
4 1 1 1 2 1
5 2 2 1 2 1 1
2 1 2 1
2 1 1 1
5 2 1 1 1 2 1
4 1 1 1 1 1
3 2 2 2 1
5 2 2 2 1 1 1
4 1 1 2 1 1
4 6 10
1 1 2 1
1 1 1 1 1 2
2 2 1 2
3 2 1 2 2
5 1 2 2 1 2 2
2 1 1 2
5 2 2 2 1 1 2
3 1 2 2 2
3 1 1 1 2
3 2 2 1 2
5 1 1 1 2 2 2
5 1 2 2 1 2 2
4 9 10
2 1 1 1
1 2 1 1 1 1 2 1 2
5 2 2 2 1 2 1
3 1 2 1 1
3 1 1 1 1
4 2 2 2 1 1
5 1 1 2 2 1 1
5 2 2 1 2 2 1
2 2 1 1
2 2 2 1
4 2 2 1 2 1
3 2 2 2 1
3 8 10
2 1 1
2 1 2 2 1 1 2 1
5 1 2 1 2 1 1
3 1 2 1 1
4 2 2 1 2 1
2 2 2 1
5 1 2 1 1 2 1
5 2 1 2 2 2 1
2 2 1 1
5 2 1 2 1 1 1
4 2 1 1 2 1
4 1 2 1 2 1
1 10 10
2
1 2 2 1 1 1 2 1 1 1
3 1 2 1 2
5 1 1 1 2 2 2
3 2 1 2 2
3 1 1 1 2
2 1 1 2
3 1 2 2 2
5 1 1 1 1 2 2
3 1 1 1 2
2 2 1 2
5 2 2 2 1 2 2
6 6 10
2 2 2 1 1 2
1 1 2 2 1 2
5 1 1 2 1 1 2
4 2 1 1 1 2
3 2 1 2 2
3 2 1 1 2
3 1 1 1 2
5 2 1 1 2 1 2
4 1 2 1 2 2
2 2 2 2
2 1 2 2
2 2 2 2
1 6 10
1
1 1 1 1 2 1
3 2 1 2 2
2 2 1 2
3 1 2 2 2
5 2 1 2 1 2 2
4 1 2 2 1 2
3 2 2 1 2
3 2 2 1 2
5 1 1 1 2 2 2
4 2 2 1 2 2
5 2 2 2 1 2 2
22 14 60
2 2 1 1 3 3 2 1 1 2 3 1 1 1 3 1 3 3 2 3 2 1
1 3 1 2 2 3 1 1 2 2 2 1 2 2
2 2 1 2
2 1 1 1
2 1 1 1
2 2 1 1
2 1 1 2
2 2 2 1
2 1 1 1
2 1 2 1
2 1 1 2
2 1 1 1
2 2 2 1
2 2 1 1
2 2 1 2
2 2 2 1
2 1 1 1
2 1 2 1
2 1 2 2
2 2 1 2
2 2 2 2
2 2 1 1
2 1 1 1
2 1 2 2
2 2 2 1
2 2 1 1
2 1 2 1
2 2 1 1
2 2 1 2
2 1 2 2
2 1 2 1
2 1 2 2
2 2 1 1
2 2 1 2
2 1 1 1
2 2 1 2
2 1 2 2
2 1 2 1
2 2 1 2
2 1 2 2
2 2 1 2
2 1 1 1
2 1 2 1
2 2 2 2
2 1 1 1
2 1 2 2
2 1 2 1
2 2 2 2
2 2 1 2
2 2 1 1
2 1 2 2
2 1 2 1
2 2 1 2
2 2 2 1
2 1 2 1
2 1 1 2
2 1 2 2
2 1 2 2
2 1 1 2
2 1 1 1
2 2 2 2
2 1 2 1
10 22 60
3 3 1 3 3 1 3 3 1 2
1 1 1 1 1 2 1 2 3 1 1 1 1 2 2 1 1 1 1 3 3 3
2 2 2 3
2 3 3 3
2 3 2 2
2 2 3 2
2 3 2 3
2 2 3 3
2 2 3 2
2 3 2 3
2 2 2 2
2 2 2 3
2 3 2 2
2 3 3 3
2 2 2 3
2 3 3 2
2 2 2 3
2 3 2 2
2 3 3 3
2 3 3 2
2 3 2 2
2 2 2 3
2 3 3 2
2 2 2 3
2 3 2 3
2 2 2 2
2 2 3 2
2 3 3 2
2 2 2 2
2 2 2 3
2 2 3 3
2 2 2 3
2 2 3 3
2 3 3 2
2 2 3 2
2 2 2 3
2 2 3 2
2 2 3 2
2 2 3 3
2 2 3 2
2 2 2 3
2 2 2 2
2 2 3 2
2 2 3 3
2 2 2 2
2 3 2 3
2 2 2 3
2 2 3 3
2 2 3 2
2 3 2 2
2 3 3 2
2 2 2 2
2 3 2 2
2 2 2 2
2 3 2 2
2 2 3 3
2 2 2 2
2 3 2 2
2 3 3 3
2 3 3 2
2 3 3 3
2 2 2 2
13 18 60
2 3 1 3 2 3 3 1 2 3 1 2 1
1 2 2 2 2 1 2 3 3 3 1 3 2 2 1 3 1 3
2 3 2 2
2 3 2 3
2 3 2 2
2 3 3 3
2 2 2 2
2 3 3 2
2 3 3 2
2 2 3 2
2 3 3 3
2 3 2 2
2 2 3 2
2 2 3 2
2 2 3 2
2 2 2 2
2 3 2 3
2 3 2 3
2 2 2 3
2 3 2 3
2 3 2 3
2 3 2 3
2 2 2 3
2 3 2 2
2 3 2 3
2 2 2 2
2 3 2 3
2 2 2 3
2 2 2 3
2 2 2 2
2 2 2 2
2 2 3 3
2 3 3 2
2 2 2 2
2 2 3 2
2 3 3 3
2 2 2 3
2 3 2 2
2 3 2 3
2 3 3 3
2 2 3 3
2 2 3 3
2 2 3 2
2 2 2 3
2 3 2 3
2 3 3 3
2 3 2 2
2 2 2 2
2 3 3 2
2 3 3 3
2 3 2 3
2 2 3 3
2 3 2 3
2 2 2 3
2 2 2 3
2 3 2 2
2 2 3 2
2 3 3 2
2 3 2 2
2 3 2 3
2 2 2 3
2 2 3 3
2 15 60
1 1
2 1 1 2 2 1 1 1 1 1 1 2 2 2 1
2 2 1 1
2 2 1 1
2 2 1 1
2 1 2 1
2 1 2 1
2 2 2 1
2 2 1 1
2 2 1 1
2 2 1 1
2 1 2 1
2 1 1 1
2 2 1 1
2 1 1 1
2 2 1 1
2 2 1 1
2 2 2 1
2 2 2 1
2 1 2 1
2 1 1 1
2 2 2 1
2 2 1 1
2 2 2 1
2 2 1 1
2 2 2 1
2 2 1 1
2 2 1 1
2 1 2 1
2 2 1 1
2 2 2 1
2 2 2 1
2 1 1 1
2 1 1 1
2 1 2 1
2 2 1 1
2 1 1 1
2 1 2 1
2 2 1 1
2 1 2 1
2 2 1 1
2 2 1 1
2 1 2 1
2 2 2 1
2 1 2 1
2 1 2 1
2 2 2 1
2 1 2 1
2 2 1 1
2 2 2 1
2 2 2 1
2 2 1 1
2 1 1 1
2 1 2 1
2 1 2 1
2 2 1 1
2 1 2 1
2 2 2 1
2 1 2 1
2 1 2 1
2 2 1 1
2 1 2 1
15 18 60
2 1 2 1 2 1 1 1 2 1 1 2 2 1 2
2 2 2 1 2 1 1 2 2 1 2 2 1 2 2 2 1 1
2 2 1 1
2 1 1 1
2 1 2 1
2 2 1 1
2 1 2 1
2 2 1 1
2 1 1 1
2 2 2 1
2 2 2 1
2 1 2 1
2 1 1 1
2 1 2 1
2 1 1 1
2 2 2 1
2 1 1 1
2 2 2 1
2 2 1 1
2 2 1 1
2 2 2 1
2 1 2 1
2 2 1 1
2 1 2 1
2 2 2 1
2 2 2 1
2 1 2 1
2 2 2 1
2 1 1 1
2 1 2 1
2 1 1 1
2 1 2 1
2 1 2 1
2 1 2 1
2 2 1 1
2 1 1 1
2 2 1 1
2 2 1 1
2 1 2 1
2 1 1 1
2 1 2 1
2 2 2 1
2 1 1 1
2 2 2 1
2 2 2 1
2 1 1 1
2 2 1 1
2 1 2 1
2 1 1 1
2 1 2 1
2 1 1 1
2 2 1 1
2 1 2 1
2 1 1 1
2 1 2 1
2 1 1 1
2 2 2 1
2 2 2 1
2 2 2 1
2 2 2 1
2 2 1 1
2 1 2 1
20 9 60
1 2 2 2 2 1 1 1 2 2 1 2 1 1 2 2 2 1 1 2
2 1 1 2 1 2 1 2 1
2 1 2 1
2 2 2 1
2 2 1 1
2 2 2 1
2 2 1 1
2 2 2 1
2 2 2 1
2 1 1 1
2 1 2 1
2 2 2 1
2 1 2 1
2 1 1 1
2 1 2 1
2 1 1 1
2 1 1 1
2 1 2 1
2 1 2 1
2 1 2 1
2 1 1 1
2 2 2 1
2 1 2 1
2 1 1 1
2 2 1 1
2 2 2 1
2 1 2 1
2 2 1 1
2 1 1 1
2 2 1 1
2 1 1 1
2 1 1 1
2 2 2 1
2 1 1 1
2 1 2 1
2 2 2 1
2 2 2 1
2 1 2 1
2 1 1 1
2 2 2 1
2 1 2 1
2 1 1 1
2 1 1 1
2 2 1 1
2 1 2 1
2 2 1 1
2 2 1 1
2 2 1 1
2 1 1 1
2 1 2 1
2 2 1 1
2 2 1 1
2 1 2 1
2 2 2 1
2 2 1 1
2 2 1 1
2 2 2 1
2 2 1 1
2 2 1 1
2 2 1 1
2 2 1 1
2 2 1 1
17 17 60
1 1 2 1 2 2 2 2 2 1 1 1 2 2 2 1 2
2 1 1 2 2 2 1 2 1 2 1 1 2 2 2 1 2
2 1 1 2
2 2 1 2
2 2 1 2
2 1 2 2
2 1 2 2
2 1 1 2
2 2 1 2
2 2 1 2
2 1 2 2
2 1 2 2
2 2 1 2
2 2 1 2
2 2 1 2
2 2 2 2
2 1 2 2
2 2 1 2
2 1 1 2
2 1 2 2
2 1 1 2
2 1 1 2
2 1 1 2
2 1 2 2
2 2 2 2
2 1 1 2
2 1 2 2
2 1 1 2
2 1 2 2
2 2 1 2
2 2 1 2
2 1 2 2
2 2 1 2
2 2 2 2
2 2 2 2
2 2 2 2
2 1 2 2
2 1 2 2
2 1 2 2
2 2 1 2
2 2 2 2
2 1 1 2
2 1 2 2
2 1 2 2
2 1 1 2
2 2 1 2
2 1 1 2
2 2 2 2
2 2 1 2
2 2 1 2
2 1 2 2
2 1 1 2
2 1 2 2
2 2 1 2
2 2 2 2
2 1 1 2
2 2 2 2
2 2 1 2
2 2 1 2
2 1 2 2
2 1 1 2
2 1 1 2
25 20 60
1 2 1 1 1 2 2 2 1 2 1 1 1 2 2 1 2 1 1 2 2 1 1 1 2
2 1 1 2 1 2 2 1 1 1 1 1 2 1 1 2 2 2 1 1
2 1 2 2
2 2 1 2
2 1 2 2
2 2 1 2
2 2 1 2
2 2 2 2
2 2 2 2
2 1 2 2
2 2 1 2
2 2 2 2
2 2 1 2
2 1 2 2
2 1 2 2
2 2 2 2
2 1 1 2
2 1 2 2
2 2 1 2
2 2 1 2
2 2 1 2
2 2 2 2
2 2 2 2
2 2 2 2
2 2 2 2
2 2 2 2
2 2 2 2
2 1 2 2
2 2 2 2
2 2 2 2
2 2 2 2
2 1 1 2
2 2 1 2
2 2 1 2
2 1 2 2
2 1 1 2
2 1 2 2
2 1 1 2
2 2 2 2
2 2 1 2
2 2 2 2
2 1 1 2
2 2 2 2
2 1 1 2
2 2 2 2
2 2 1 2
2 1 1 2
2 2 2 2
2 2 1 2
2 1 2 2
2 1 2 2
2 2 2 2
2 2 1 2
2 2 1 2
2 1 1 2
2 2 1 2
2 1 2 2
2 1 2 2
2 1 1 2
2 2 1 2
2 1 1 2
2 2 2 2
22 6 60
2 1 1 1 2 2 1 1 2 2 2 1 1 1 2 1 1 1 2 1 2 1
2 1 1 1 1 2
2 2 1 2
2 1 1 2
2 1 1 2
2 1 1 2
2 2 2 2
2 2 1 2
2 2 2 2
2 2 1 2
2 2 2 2
2 2 1 2
2 1 2 2
2 1 2 2
2 2 1 2
2 2 2 2
2 1 1 2
2 2 1 2
2 1 1 2
2 1 2 2
2 1 1 2
2 1 2 2
2 2 1 2
2 1 2 2
2 1 1 2
2 2 1 2
2 2 1 2
2 2 2 2
2 1 2 2
2 2 2 2
2 2 1 2
2 1 1 2
2 2 2 2
2 2 2 2
2 1 2 2
2 1 1 2
2 2 1 2
2 1 2 2
2 1 1 2
2 1 1 2
2 1 1 2
2 1 1 2
2 2 2 2
2 2 1 2
2 1 2 2
2 2 1 2
2 1 2 2
2 1 1 2
2 1 2 2
2 1 1 2
2 2 1 2
2 2 2 2
2 2 1 2
2 1 2 2
2 1 2 2
2 2 1 2
2 1 1 2
2 1 1 2
2 1 2 2
2 2 1 2
2 2 2 2
2 1 2 2
12 12 60
1 1 1 1 2 2 2 1 1 1 2 2
2 2 1 1 1 2 2 1 2 1 2 2
2 2 1 1
2 1 2 1
2 1 1 1
2 1 2 1
2 2 2 1
2 1 2 1
2 2 2 1
2 2 1 1
2 1 2 1
2 2 2 1
2 2 1 1
2 2 1 1
2 1 1 1
2 2 2 1
2 1 2 1
2 2 2 1
2 1 1 1
2 1 1 1
2 1 1 1
2 1 1 1
2 2 1 1
2 1 1 1
2 2 1 1
2 2 1 1
2 2 2 1
2 1 2 1
2 1 1 1
2 1 1 1
2 1 1 1
2 2 1 1
2 2 1 1
2 1 2 1
2 1 2 1
2 2 1 1
2 1 2 1
2 1 1 1
2 1 1 1
2 1 1 1
2 2 2 1
2 1 1 1
2 1 2 1
2 1 2 1
2 1 1 1
2 2 2 1
2 2 1 1
2 1 1 1
2 2 2 1
2 2 2 1
2 2 2 1
2 1 2 1
2 1 2 1
2 1 1 1
2 2 2 1
2 1 1 1
2 2 2 1
2 2 1 1
2 1 2 1
2 1 2 1
2 2 2 1
2 2 1 1
6 4 60
1 2 2 2 1 2
2 2 1 2
2 2 1 2
2 2 2 2
2 1 1 2
2 2 2 2
2 1 2 2
2 1 1 2
2 2 2 2
2 1 2 2
2 2 2 2
2 1 2 2
2 1 1 2
2 1 2 2
2 2 2 2
2 1 2 2
2 2 1 2
2 2 1 2
2 2 2 2
2 1 1 2
2 1 2 2
2 2 1 2
2 2 2 2
2 1 1 2
2 2 2 2
2 1 1 2
2 1 1 2
2 1 1 2
2 1 2 2
2 2 1 2
2 1 1 2
2 2 2 2
2 1 1 2
2 1 2 2
2 2 2 2
2 2 1 2
2 2 1 2
2 2 1 2
2 2 1 2
2 1 2 2
2 2 2 2
2 2 2 2
2 1 2 2
2 1 1 2
2 1 1 2
2 2 1 2
2 2 2 2
2 2 1 2
2 1 1 2
2 2 2 2
2 2 1 2
2 2 2 2
2 1 2 2
2 2 1 2
2 2 1 2
2 2 2 2
2 2 1 2
2 2 1 2
2 1 2 2
2 2 2 2
2 2 1 2
2 1 2 2
13 3 60
2 2 2 2 2 2 2 1 2 2 1 2 1
1 1 1
2 2 1 2
2 2 1 2
2 1 1 2
2 1 2 2
2 2 1 2
2 2 2 2
2 1 1 2
2 1 1 2
2 1 1 2
2 2 2 2
2 2 1 2
2 1 1 2
2 1 2 2
2 2 2 2
2 2 1 2
2 2 2 2
2 2 1 2
2 1 1 2
2 2 1 2
2 1 2 2
2 1 2 2
2 2 1 2
2 1 1 2
2 1 1 2
2 1 2 2
2 2 1 2
2 1 1 2
2 1 1 2
2 1 1 2
2 2 1 2
2 1 2 2
2 1 1 2
2 1 1 2
2 2 2 2
2 1 1 2
2 1 2 2
2 1 1 2
2 1 1 2
2 2 1 2
2 2 1 2
2 1 2 2
2 1 2 2
2 2 2 2
2 1 2 2
2 1 2 2
2 2 1 2
2 2 2 2
2 2 1 2
2 2 2 2
2 1 2 2
2 2 1 2
2 1 1 2
2 1 2 2
2 2 1 2
2 1 1 2
2 1 1 2
2 2 1 2
2 1 2 2
2 2 1 2
2 2 1 2
23 20 60
2 2 2 2 2 1 1 1 1 2 2 2 2 1 1 2 2 2 1 2 1 1 2
2 2 1 1 2 2 2 1 2 2 1 2 2 1 1 2 2 1 1 1
2 1 1 2
2 2 1 2
2 2 2 2
2 2 1 2
2 1 1 2
2 1 2 2
2 2 1 2
2 1 2 2
2 2 2 2
2 1 2 2
2 1 2 2
2 1 1 2
2 1 1 2
2 2 1 2
2 2 1 2
2 2 2 2
2 2 2 2
2 1 1 2
2 2 2 2
2 2 1 2
2 2 1 2
2 2 1 2
2 2 1 2
2 1 1 2
2 2 1 2
2 1 2 2
2 1 1 2
2 1 1 2
2 2 1 2
2 2 1 2
2 1 2 2
2 2 2 2
2 1 1 2
2 1 1 2
2 2 2 2
2 2 1 2
2 1 2 2
2 2 1 2
2 1 1 2
2 1 1 2
2 1 1 2
2 1 1 2
2 2 1 2
2 2 2 2
2 2 2 2
2 1 2 2
2 2 2 2
2 1 1 2
2 1 2 2
2 1 2 2
2 1 2 2
2 1 1 2
2 1 2 2
2 2 1 2
2 2 1 2
2 2 1 2
2 2 1 2
2 1 2 2
2 2 1 2
2 1 1 2
14 17 60
1 2 1 1 2 2 2 2 1 2 1 1 2 2
1 2 1 2 1 1 1 2 2 2 1 2 1 1 2 2 1
2 1 2 1
2 1 2 1
2 1 2 1
2 1 1 1
2 2 2 1
2 1 2 1
2 1 2 1
2 1 2 1
2 2 2 1
2 2 1 1
2 1 2 1
2 2 2 1
2 2 1 1
2 2 1 1
2 1 1 1
2 1 1 1
2 1 2 1
2 1 2 1
2 1 2 1
2 2 2 1
2 1 1 1
2 1 2 1
2 1 1 1
2 2 1 1
2 1 1 1
2 1 2 1
2 1 1 1
2 2 2 1
2 2 1 1
2 1 2 1
2 1 1 1
2 2 2 1
2 2 2 1
2 1 1 1
2 1 2 1
2 1 1 1
2 1 1 1
2 2 2 1
2 2 2 1
2 1 1 1
2 1 1 1
2 1 2 1
2 2 2 1
2 1 2 1
2 1 2 1
2 2 2 1
2 1 1 1
2 1 2 1
2 2 1 1
2 2 2 1
2 2 2 1
2 2 1 1
2 2 1 1
2 2 2 1
2 2 2 1
2 1 1 1
2 2 1 1
2 1 1 1
2 1 2 1
2 1 2 1
20 16 60
1 1 1 1 1 1 2 2 1 1 1 2 2 2 1 1 2 2 1 2
1 1 1 1 2 1 2 2 1 2 2 2 1 2 2 1
2 1 2 2
2 1 1 2
2 2 1 2
2 2 2 2
2 2 1 2
2 2 1 2
2 1 2 2
2 2 1 2
2 2 2 2
2 1 1 2
2 2 2 2
2 2 1 2
2 2 1 2
2 1 2 2
2 1 1 2
2 1 1 2
2 2 1 2
2 2 1 2
2 1 1 2
2 2 2 2
2 1 2 2
2 1 1 2
2 2 1 2
2 1 1 2
2 1 1 2
2 1 1 2
2 2 2 2
2 2 2 2
2 1 1 2
2 2 1 2
2 1 2 2
2 1 1 2
2 1 1 2
2 1 1 2
2 1 2 2
2 1 1 2
2 1 2 2
2 2 2 2
2 2 1 2
2 2 1 2
2 2 1 2
2 1 2 2
2 1 2 2
2 2 1 2
2 2 2 2
2 1 1 2
2 1 1 2
2 1 1 2
2 1 2 2
2 2 2 2
2 2 2 2
2 1 2 2
2 2 1 2
2 2 1 2
2 2 1 2
2 1 1 2
2 2 1 2
2 2 2 2
2 1 2 2
2 2 2 2
13 1 60
2 2 2 1 2 1 1 2 2 2 1 1 1
1
2 2 1 2
2 1 2 2
2 1 2 2
2 1 1 2
2 1 1 2
2 2 2 2
2 2 2 2
2 1 2 2
2 2 2 2
2 2 1 2
2 1 1 2
2 1 1 2
2 2 1 2
2 2 1 2
2 2 1 2
2 1 1 2
2 2 2 2
2 2 1 2
2 2 2 2
2 1 2 2
2 2 1 2
2 1 1 2
2 2 1 2
2 1 2 2
2 2 1 2
2 2 1 2
2 2 2 2
2 2 2 2
2 1 2 2
2 2 2 2
2 1 2 2
2 2 1 2
2 2 2 2
2 2 1 2
2 2 2 2
2 1 2 2
2 1 1 2
2 1 2 2
2 1 1 2
2 2 1 2
2 1 1 2
2 1 1 2
2 2 2 2
2 1 2 2
2 2 2 2
2 2 1 2
2 1 2 2
2 2 1 2
2 1 1 2
2 2 1 2
2 1 2 2
2 1 2 2
2 1 2 2
2 2 1 2
2 2 1 2
2 1 2 2
2 2 2 2
2 1 2 2
2 2 1 2
2 1 1 2
25 6 60
2 1 2 1 1 2 2 2 2 2 1 2 2 1 2 2 2 1 2 2 1 2 2 2 1
1 2 2 1 1 1
2 2 1 1
2 2 1 1
2 2 2 1
2 2 1 1
2 1 1 1
2 2 1 1
2 1 2 1
2 2 2 1
2 2 2 1
2 1 2 1
2 2 1 1
2 1 2 1
2 1 2 1
2 2 1 1
2 2 1 1
2 2 1 1
2 2 2 1
2 2 1 1
2 1 1 1
2 2 1 1
2 2 1 1
2 1 1 1
2 1 2 1
2 2 1 1
2 1 1 1
2 1 1 1
2 1 1 1
2 2 2 1
2 2 1 1
2 2 1 1
2 2 2 1
2 2 2 1
2 1 1 1
2 2 1 1
2 2 1 1
2 1 2 1
2 1 1 1
2 1 2 1
2 1 2 1
2 1 1 1
2 1 1 1
2 1 1 1
2 2 1 1
2 2 1 1
2 1 2 1
2 1 1 1
2 2 1 1
2 1 2 1
2 1 2 1
2 2 1 1
2 2 2 1
2 2 1 1
2 2 2 1
2 2 1 1
2 2 1 1
2 2 2 1
2 2 2 1
2 2 2 1
2 2 2 1
2 1 1 1
24 1 60
1 1 2 2 1 1 1 1 2 2 1 1 2 2 1 2 2 1 1 1 1 1 1 2
1
2 2 1 1
2 1 2 1
2 1 1 1
2 2 2 1
2 1 2 1
2 2 1 1
2 1 1 1
2 1 2 1
2 1 1 1
2 2 2 1
2 2 1 1
2 2 1 1
2 2 1 1
2 2 2 1
2 2 1 1
2 1 2 1
2 1 2 1
2 1 1 1
2 2 2 1
2 1 1 1
2 2 1 1
2 1 2 1
2 2 2 1
2 2 2 1
2 2 1 1
2 1 2 1
2 2 2 1
2 1 2 1
2 1 2 1
2 2 1 1
2 2 2 1
2 1 1 1
2 1 2 1
2 1 2 1
2 1 1 1
2 1 2 1
2 1 2 1
2 2 2 1
2 2 2 1
2 1 2 1
2 1 1 1
2 1 2 1
2 1 1 1
2 2 1 1
2 2 2 1
2 2 1 1
2 1 1 1
2 2 1 1
2 2 2 1
2 1 2 1
2 2 1 1
2 1 1 1
2 2 2 1
2 1 2 1
2 2 2 1
2 2 2 1
2 2 1 1
2 1 2 1
2 2 1 1
2 2 1 1
23 25 60
2 2 2 1 1 1 2 2 2 1 2 1 2 2 1 2 2 2 1 2 1 2 2
1 2 2 2 1 2 1 1 2 2 2 2 1 1 1 2 1 1 2 2 1 2 2 2 2
2 2 2 1
2 1 1 1
2 2 2 1
2 1 2 1
2 2 1 1
2 2 1 1
2 2 2 1
2 1 1 1
2 2 1 1
2 1 2 1
2 1 1 1
2 1 2 1
2 2 2 1
2 2 2 1
2 1 2 1
2 2 2 1
2 1 2 1
2 2 2 1
2 1 1 1
2 1 1 1
2 2 2 1
2 2 2 1
2 1 2 1
2 1 2 1
2 2 2 1
2 1 2 1
2 2 1 1
2 1 2 1
2 1 2 1
2 2 1 1
2 1 1 1
2 2 1 1
2 1 2 1
2 2 1 1
2 1 1 1
2 1 1 1
2 2 2 1
2 1 1 1
2 1 1 1
2 2 1 1
2 2 2 1
2 2 2 1
2 1 2 1
2 1 1 1
2 1 2 1
2 1 1 1
2 2 1 1
2 2 2 1
2 1 1 1
2 2 2 1
2 1 1 1
2 2 1 1
2 1 1 1
2 1 2 1
2 2 2 1
2 2 1 1
2 1 1 1
2 1 2 1
2 2 1 1
2 2 2 1
22 14 60
2 1 1 1 2 2 2 1 2 1 1 1 1 1 2 1 2 2 2 1 2 1
2 1 2 2 1 2 2 2 1 1 2 2 1 1
2 1 1 1
2 1 1 1
2 2 1 1
2 2 1 1
2 2 1 1
2 1 2 1
2 2 1 1
2 1 1 1
2 2 2 1
2 1 2 1
2 1 1 1
2 2 2 1
2 1 1 1
2 1 1 1
2 2 2 1
2 1 1 1
2 1 1 1
2 2 2 1
2 2 1 1
2 1 2 1
2 1 2 1
2 1 1 1
2 1 2 1
2 2 1 1
2 2 2 1
2 1 1 1
2 1 2 1
2 2 1 1
2 2 1 1
2 1 2 1
2 1 2 1
2 1 2 1
2 1 2 1
2 1 2 1
2 2 1 1
2 2 1 1
2 1 1 1
2 2 2 1
2 1 1 1
2 2 1 1
2 1 2 1
2 2 1 1
2 1 2 1
2 1 1 1
2 1 2 1
2 2 1 1
2 2 2 1
2 1 2 1
2 2 1 1
2 2 1 1
2 2 1 1
2 1 1 1
2 1 2 1
2 1 1 1
2 2 1 1
2 1 2 1
2 1 2 1
2 1 1 1
2 2 1 1
2 1 1 1
8 18 60
2 2 2 2 2 2 1 2
2 2 1 1 2 2 2 1 1 2 2 1 2 2 2 1 2 1
2 2 1 2
2 1 1 2
2 1 1 2
2 2 1 2
2 1 2 2
2 1 1 2
2 2 1 2
2 1 1 2
2 2 1 2
2 1 1 2
2 1 2 2
2 2 2 2
2 2 1 2
2 2 1 2
2 2 2 2
2 2 1 2
2 1 1 2
2 2 1 2
2 1 1 2
2 1 1 2
2 1 1 2
2 1 1 2
2 1 2 2
2 1 1 2
2 2 2 2
2 2 2 2
2 1 1 2
2 1 1 2
2 2 2 2
2 1 1 2
2 2 1 2
2 2 2 2
2 2 1 2
2 2 2 2
2 2 1 2
2 1 2 2
2 1 2 2
2 2 1 2
2 1 1 2
2 1 2 2
2 1 2 2
2 1 2 2
2 2 1 2
2 2 1 2
2 1 2 2
2 1 1 2
2 1 1 2
2 2 2 2
2 2 1 2
2 2 2 2
2 1 1 2
2 2 2 2
2 2 1 2
2 2 2 2
2 2 1 2
2 2 1 2
2 1 2 2
2 1 1 2
2 1 2 2
2 1 1 2
12 7 60
2 1 1 1 2 1 1 1 1 2 2 2
2 1 1 2 1 2 1
2 1 1 1
2 2 2 1
2 2 1 1
2 1 1 1
2 1 1 1
2 1 1 1
2 2 2 1
2 2 2 1
2 1 2 1
2 2 1 1
2 2 1 1
2 2 1 1
2 1 1 1
2 1 2 1
2 1 2 1
2 2 2 1
2 2 1 1
2 1 1 1
2 2 1 1
2 2 1 1
2 1 1 1
2 2 2 1
2 2 1 1
2 2 1 1
2 1 2 1
2 1 1 1
2 1 1 1
2 2 1 1
2 1 2 1
2 1 2 1
2 1 1 1
2 2 1 1
2 2 2 1
2 2 1 1
2 1 1 1
2 1 2 1
2 1 2 1
2 2 1 1
2 2 2 1
2 2 2 1
2 2 1 1
2 1 2 1
2 2 2 1
2 2 2 1
2 1 2 1
2 2 2 1
2 2 2 1
2 2 1 1
2 1 2 1
2 2 1 1
2 2 1 1
2 1 1 1
2 2 1 1
2 2 2 1
2 1 2 1
2 2 1 1
2 1 2 1
2 2 2 1
2 1 1 1
2 1 2 1
14 19 60
1 1 2 2 1 2 2 1 2 1 2 1 2 1
1 1 2 2 2 1 2 2 2 1 1 1 2 2 2 2 1 2 1
2 1 1 1
2 2 1 1
2 1 2 1
2 2 2 1
2 2 2 1
2 2 1 1
2 1 1 1
2 2 2 1
2 2 2 1
2 1 1 1
2 2 2 1
2 2 1 1
2 2 1 1
2 2 1 1
2 2 1 1
2 2 2 1
2 1 2 1
2 2 2 1
2 1 1 1
2 1 2 1
2 1 2 1
2 1 1 1
2 1 1 1
2 2 2 1
2 1 1 1
2 2 2 1
2 2 2 1
2 2 2 1
2 2 1 1
2 2 2 1
2 1 2 1
2 1 1 1
2 1 1 1
2 2 2 1
2 1 2 1
2 1 2 1
2 2 2 1
2 2 2 1
2 2 1 1
2 1 1 1
2 2 1 1
2 2 2 1
2 2 2 1
2 2 1 1
2 1 2 1
2 2 2 1
2 1 2 1
2 1 2 1
2 1 1 1
2 1 1 1
2 2 2 1
2 1 1 1
2 2 2 1
2 1 2 1
2 1 2 1
2 1 2 1
2 2 2 1
2 1 2 1
2 1 2 1
2 1 2 1
0 0 0
