3 3 3
1 6 2
4 5 3
2 1 6 5
2 3 4 2
2 5 2 1
3 3 2
2 2 2
1 1 2
2 2 2 1
2 1 1 2
7 1 2
1 1 2 1 3 1 2
3
3 1 3 1 3
3 2 3 2 3
16 14 5
1 3 1 1 3 2 1 3 2 1 1 3 3 2 3 1
1 3 2 3 3 1 2 3 1 1 1 1 3 2
2 2 3 2
3 1 1 1 3
3 1 1 3 1
3 3 1 1 1
4 1 3 1 1 1
3 3 6
3 6 5
1 4 2
2 3 6 1
2 5 3 4
2 6 5 2
2 1 4 3
2 2 1 6
2 4 2 5
5 5 10
5 3 7 1 9
6 10 2 4 8
2 5 3 6
2 7 1 10
2 9 5 2
2 3 7 4
2 1 9 8
2 6 10 5
2 2 4 3
2 8 6 7
2 10 2 1
2 4 8 9
7 7 14
11 9 14 1 12 8 4
3 10 6 2 13 7 5
3 11 9 14 3
3 1 12 8 10
3 4 11 9 6
3 14 1 12 2
3 8 4 11 13
3 9 14 1 7
3 12 8 4 5
3 3 10 6 11
3 2 13 7 9
3 5 3 10 14
3 6 2 13 1
3 7 5 3 12
3 10 6 2 8
3 13 7 5 4
5 5 16
4 1 8 3 2
10 9 5 7 6
2 4 1 10
2 8 3 9
2 2 4 5
2 1 8 7
2 3 2 6
2 10 9 4
2 5 7 1
2 6 10 8
2 9 5 3
2 7 6 2
2 4 10 10
2 1 10 10
2 8 10 10
2 3 10 10
2 2 10 10
3 9 5 7 8
7 7 22
3 8 14 4 2 10 1
7 9 5 6 11 13 12
2 3 8 7
2 14 4 9
2 2 10 5
2 1 3 6
2 8 14 11
2 4 2 13
2 10 1 12
2 7 9 3
2 5 6 8
2 11 13 14
2 12 7 4
2 9 5 2
2 6 11 10
2 13 12 1
2 3 7 7
2 8 7 7
2 14 7 7
2 4 7 7
2 2 7 7
2 10 7 7
2 1 7 7
5 9 5 6 11 13 14
7 7 22
14 1 13 6 3 8 7
10 5 2 4 12 9 11
3 14 1 13 10
3 6 3 8 5
3 7 14 1 2
3 13 6 3 4
3 8 7 14 12
3 1 13 6 9
3 3 8 7 11
3 10 5 2 14
3 4 12 9 1
3 11 10 5 13
3 2 4 12 6
3 9 11 10 3
3 5 2 4 8
3 12 9 11 7
2 14 10 10
2 1 10 10
2 13 10 10
2 6 10 10
2 3 10 10
2 8 10 10
2 7 10 10
5 5 2 4 12 9 13
3 3 2
4 1 3
1 4 3
3 4 1 2 3
3 1 4 2 3
5 4 2
1 5 3 6 2
1 4 6 2
2 1 5 3
2 5 3 4
11 25 2
1 1 1 1 1 1 1 1 1 1 1
1 1 1 1 1 1 1 1 1 1 1 1 1 1 1 1 1 1 1 1 1 1 1 1 1
7 1 1 1 1 1 1 1 1
4 1 1 1 1 1
4 25 2
1 1 1 1
1 1 1 1 1 1 1 1 1 1 1 1 1 1 1 1 1 1 1 1 1 1 1 1 1
7 1 1 1 1 1 1 1 1
4 1 1 1 1 1
9 1 2
1 1 1 1 1 1 1 1 1
1
9 1 1 1 1 1 1 1 1 1 1
7 1 1 1 1 1 1 1 1
22 20 2
1 1 1 1 1 1 1 1 1 1 1 1 1 1 1 1 1 1 1 1 1 1
1 1 1 1 1 1 1 1 1 1 1 1 1 1 1 1 1 1 1 1
9 1 1 1 1 1 1 1 1 1 1
7 1 1 1 1 1 1 1 1
11 12 2
1 1 1 1 1 1 1 1 1 1 1
1 1 1 1 1 1 1 1 1 1 1 1
6 1 1 1 1 1 1 1
8 1 1 1 1 1 1 1 1 1
10 11 2
1 1 1 1 1 1 1 1 1 1
1 1 1 1 1 1 1 1 1 1 1
6 1 1 1 1 1 1 1
8 1 1 1 1 1 1 1 1 1
24 1 3
1 1 1 2 2 2 1 1 1 2 1 1 1 1 1 1 2 2 2 2 2 2 2 2
3
2 3 3 3
3 1 3 2 3
2 1 2 3
24 1 3
1 2 1 1 1 1 2 1 1 1 1 2 1 2 1 2 1 2 2 2 2 2 2 2
3
2 3 3 3
3 1 3 2 3
2 1 2 3
25 1 3
2 2 1 1 1 2 2 2 1 2 2 2 1 2 2 1 1 2 2 1 1 1 2 1 1
3
2 3 3 3
3 2 3 1 3
2 2 1 3
25 1 3
2 2 2 2 3 2 3 3 2 2 3 2 3 3 3 3 3 2 2 3 2 2 2 3 3
1
2 1 1 1
3 3 1 2 1
2 3 2 1
16 16 31
2 2 2 2 2 2 2 2 2 2 2 2 2 2 2 2
7 7 7 7 7 7 7 7 7 7 7 7 7 7 7 7
2 2 2 7
2 7 2 23
2 23 2 10
2 10 2 21
2 21 2 11
2 11 2 22
2 22 2 15
2 15 2 30
2 30 2 17
2 17 2 5
2 5 2 12
2 12 2 19
2 19 2 6
2 6 2 4
2 4 2 20
2 20 7 25
2 25 7 18
2 18 7 29
2 29 7 1
2 1 7 16
2 16 7 27
2 27 7 8
2 8 7 9
2 9 7 13
2 13 7 28
2 28 7 3
2 3 7 24
2 24 7 14
2 14 7 26
2 7 7 20
2 14 7 20
16 16 32
19 19 19 19 19 19 19 19 19 19 19 19 19 19 19 19
20 20 20 20 20 20 20 20 20 20 20 20 20 20 20 20
2 19 19 20
2 20 19 21
2 21 19 16
2 16 19 11
2 11 19 9
2 9 19 24
2 24 19 28
2 28 19 27
2 27 19 12
2 12 19 15
2 15 19 17
2 17 19 7
2 7 19 25
2 25 19 3
2 3 19 2
2 2 20 13
2 13 20 29
2 29 20 8
2 8 20 5
2 5 20 4
2 4 20 18
2 18 20 22
2 22 20 1
2 1 20 23
2 23 20 14
2 14 20 26
2 26 20 10
2 10 20 6
2 6 20 30
2 20 20 2
2 6 20 2
2 20 20 20
16 16 31
4 4 4 4 4 4 4 4 4 4 4 4 4 4 4 4
12 12 12 12 12 12 12 12 12 12 12 12 12 12 12 12
2 4 4 12
2 4 12 22
2 4 22 17
2 4 17 16
2 4 16 8
2 4 8 1
2 4 1 7
2 4 7 3
2 4 3 23
2 4 23 26
2 4 26 27
2 4 27 20
2 4 20 28
2 4 28 29
2 4 29 24
2 12 24 10
2 12 10 25
2 12 25 11
2 12 11 5
2 12 5 13
2 12 13 18
2 12 18 19
2 12 19 14
2 12 14 6
2 12 6 30
2 12 30 21
2 12 21 15
2 12 15 9
2 12 9 2
2 12 12 24
2 12 9 24
16 16 32
29 29 29 29 29 29 29 29 29 29 29 29 29 29 29 29
17 17 17 17 17 17 17 17 17 17 17 17 17 17 17 17
2 29 29 17
2 29 17 30
2 29 30 5
2 29 5 24
2 29 24 3
2 29 3 22
2 29 22 1
2 29 1 28
2 29 28 9
2 29 9 26
2 29 26 13
2 29 13 19
2 29 19 27
2 29 27 4
2 29 4 15
2 17 15 21
2 17 21 23
2 17 23 16
2 17 16 18
2 17 18 6
2 17 6 12
2 17 12 10
2 17 10 7
2 17 7 25
2 17 25 11
2 17 11 20
2 17 20 14
2 17 14 2
2 17 2 8
2 17 17 15
2 17 2 15
2 17 17 17
25 25 60
2 2 1 2 1 1 1 1 1 1 1 1 1 2 1 1 1 1 2 2 2 2 1 1 2
1 2 2 2 2 1 1 2 2 2 1 2 1 1 1 1 1 1 1 1 1 2 1 1 1
2 2 1 1
2 2 2 2
2 2 1 1
2 2 2 1
2 1 1 1
2 1 1 1
2 1 2 2
2 1 1 1
2 2 1 2
2 2 2 1
2 1 2 1
2 2 1 2
2 2 1 1
2 2 1 1
2 2 2 2
2 2 2 1
2 1 1 1
2 1 2 2
2 2 1 1
2 1 1 1
2 1 2 1
2 2 1 1
2 1 2 1
2 2 2 2
2 1 2 2
2 1 2 1
2 1 2 1
2 1 2 1
2 1 1 1
2 1 1 1
2 1 1 2
2 1 1 2
2 1 2 1
2 2 1 2
2 1 2 1
2 2 2 1
2 2 1 2
2 1 2 1
2 2 2 2
2 2 2 1
2 2 1 2
2 2 2 2
2 1 1 1
2 2 1 2
2 1 1 2
2 1 2 1
2 1 1 2
2 1 1 2
2 2 2 1
2 2 1 2
2 1 2 2
2 1 2 2
2 1 2 2
2 1 1 1
2 2 2 2
2 1 2 1
2 1 1 2
2 1 2 1
2 1 1 2
2 1 2 2
25 25 60
4 4 1 4 2 4 3 2 4 1 5 3 4 2 5 3 4 2 5 2 2 3 2 3 2
5 3 4 2 5 3 4 2 5 2 2 3 2 3 2 4 4 1 4 2 4 3 2 4 1
2 5 2 5
2 4 2 4
2 2 2 4
2 5 4 3
2 4 4 3
2 1 4 2
2 4 2 4
2 3 5 4
2 2 1 1
2 5 3 1
2 3 5 1
2 5 2 4
2 5 1 5
2 3 5 3
2 4 2 1
2 2 5 2
2 2 4 1
2 4 2 1
2 5 1 2
2 2 5 1
2 4 2 2
2 4 4 1
2 5 2 4
2 1 2 4
2 4 3 5
2 1 2 1
2 5 5 5
2 2 1 5
2 3 2 4
2 2 3 5
2 1 3 4
2 2 4 1
2 3 4 2
2 2 3 1
2 4 5 4
2 3 5 2
2 3 2 3
2 2 4 4
2 3 3 4
2 2 1 5
2 4 1 4
2 4 5 5
2 3 5 1
2 4 5 1
2 1 3 1
2 5 3 4
2 1 4 3
2 5 4 4
2 5 3 3
2 2 4 5
2 5 1 1
2 1 4 2
2 4 4 3
2 1 2 2
2 1 5 2
2 5 4 4
2 5 2 3
2 3 3 5
2 1 1 3
2 4 2 4
25 25 16
16 16 16 16 16 16 16 16 16 16 16 16 16 16 16 16 16 16 16 16 16 16 16 16 16
7 7 7 7 7 7 7 7 7 7 7 7 7 7 7 7 7 7 7 7 7 7 7 7 7
2 16 16 7
2 16 16 15
2 16 16 10
2 16 16 12
2 16 16 11
2 16 16 9
2 16 16 2
2 16 16 1
2 7 7 16
2 7 7 4
2 7 7 6
2 7 7 3
2 7 7 14
2 7 7 13
2 7 7 8
2 7 7 5
25 25 16
11 11 11 11 11 11 11 11 11 11 11 11 11 11 11 11 11 11 11 11 11 11 11 11 11
4 4 4 4 4 4 4 4 4 4 4 4 4 4 4 4 4 4 4 4 4 4 4 4 4
2 11 11 9
2 11 11 15
2 11 11 10
2 11 11 8
2 11 11 2
2 11 11 3
2 11 11 1
2 11 11 6
2 4 4 7
2 4 4 17
2 4 4 12
2 4 4 5
2 4 4 14
2 4 4 16
2 4 4 18
2 4 4 13
9 4 10
1 1 1 2 1 1 1 1 1
1 1 1 1
3 1 2 1 1
4 1 1 1 1 1
2 1 1 1
3 2 2 1 1
3 2 2 2 1
5 2 1 1 2 2 1
4 1 1 1 2 1
3 1 1 1 1
3 2 2 1 1
5 1 2 2 1 2 1
7 1 10
1 2 1 2 1 1 1
2
3 1 2 2 2
2 2 1 2
2 1 2 2
4 2 1 2 2 2
4 2 1 2 2 2
5 1 2 2 1 1 2
5 2 2 1 1 2 2
3 2 1 2 2
3 2 1 1 2
2 2 2 2
10 3 10
2 2 1 2 2 1 2 2 2 1
2 2 2
5 1 1 2 1 2 1
5 1 1 1 1 1 1
2 1 2 1
4 2 1 2 2 1
4 1 2 2 1 1
2 2 2 1
4 2 1 1 1 1
3 1 2 1 1
2 1 1 1
2 1 2 1
7 7 10
2 1 1 2 2 2 2
1 1 2 2 1 1 2
4 2 2 2 2 1
2 1 1 1
3 1 1 1 1
5 2 2 1 2 2 1
4 2 2 2 1 1
5 1 1 1 2 2 1
3 1 2 2 1
3 2 2 1 1
3 2 2 1 1
2 1 1 1
3 2 10
1 1 1
1 2
2 1 2 2
4 1 2 1 2 2
4 1 1 1 1 2
5 2 1 2 1 1 2
4 1 1 2 1 2
5 1 2 1 1 1 2
3 1 2 1 2
4 1 2 2 1 2
4 1 2 2 2 2
3 1 2 1 2
8 6 10
1 1 2 2 1 2 2 2
1 2 2 1 2 2
4 2 1 2 1 1
5 2 1 2 1 1 1
4 1 2 2 2 1
2 1 1 1
2 1 2 1
4 1 1 2 2 1
5 2 2 1 1 1 1
3 1 2 2 1
2 1 1 1
3 2 2 1 1
4 8 10
2 2 2 1
2 1 1 2 2 1 2 2
4 1 2 2 1 1
2 2 1 1
3 1 2 1 1
3 1 2 1 1
4 2 1 2 2 1
3 1 2 1 1
3 1 1 2 1
2 1 1 1
2 2 2 1
5 1 2 1 2 1 1
2 7 10
2 2
1 1 2 2 2 2 1
5 1 2 2 1 1 2
4 2 2 1 2 2
5 2 2 1 1 2 2
3 2 1 2 2
5 1 2 2 1 2 2
3 1 1 2 2
4 1 1 1 1 2
4 1 2 1 1 2
4 2 1 2 2 2
3 1 2 2 2
4 3 10
1 2 2 1
1 2 2
2 2 1 2
3 2 1 1 2
4 2 2 2 2 2
2 2 1 2
2 2 2 2
2 2 1 2
3 2 1 2 2
4 1 2 1 1 2
3 2 1 1 2
4 1 2 2 1 2
10 2 10
2 2 1 2 1 1 2 1 1 1
1 1
4 2 2 2 2 2
2 1 2 2
2 1 2 2
3 1 1 2 2
5 1 2 1 1 2 2
4 2 1 1 1 2
5 2 2 2 1 2 2
3 1 1 1 2
4 2 2 1 1 2
3 2 1 1 2
1 7 10
1
1 1 1 2 2 2 2
4 2 2 2 1 2
2 1 1 2
2 2 1 2
3 2 1 2 2
5 1 2 2 1 2 2
3 1 1 2 2
5 1 2 1 2 2 2
3 1 1 2 2
4 1 1 1 1 2
3 1 2 2 2
4 10 10
1 1 1 1
2 1 2 1 2 2 1 1 1 1
5 1 1 1 2 1 1
3 1 1 2 1
2 1 2 1
3 2 2 1 1
5 2 2 1 1 1 1
2 2 1 1
2 1 1 1
2 2 2 1
4 2 1 2 1 1
5 1 1 2 1 1 1
4 2 10
2 1 1 1
1 2
3 1 2 1 1
4 2 2 1 1 1
4 2 1 2 2 1
5 1 1 1 2 1 1
2 1 2 1
5 1 1 1 2 2 1
4 1 2 1 2 1
4 1 1 1 2 1
5 1 2 1 2 2 1
5 1 2 2 1 2 1
3 2 10
2 2 1
2 1
4 2 1 1 2 1
3 2 1 2 1
3 1 2 2 1
5 2 1 2 1 2 1
5 1 1 1 2 1 1
3 2 1 1 1
4 2 1 1 1 1
3 1 1 1 1
4 2 1 1 2 1
2 2 2 1
2 2 10
2 2
1 1
4 1 1 2 2 1
4 1 1 1 1 1
4 1 2 1 2 1
3 1 2 1 1
4 1 2 1 1 1
4 1 1 2 2 1
2 1 2 1
4 2 1 1 2 1
3 2 2 2 1
5 1 2 1 2 1 1
10 10 10
1 1 2 1 2 2 2 2 1 2
1 1 1 2 2 2 2 2 1 1
5 2 2 1 2 1 2
3 2 2 2 2
5 2 2 2 1 2 2
3 2 1 2 2
5 2 1 1 1 2 2
5 2 2 2 2 1 2
4 2 1 2 1 2
4 2 1 2 1 2
5 1 2 2 1 2 2
5 2 2 2 1 2 2
3 9 10
1 2 2
1 1 1 1 2 1 2 2 1
3 2 2 1 2
4 2 2 2 2 2
4 2 1 1 2 2
3 2 2 1 2
3 2 2 1 2
4 1 2 2 1 2
5 2 1 1 1 1 2
3 2 1 1 2
2 2 2 2
4 1 2 2 2 2
9 9 10
1 1 1 1 1 2 2 1 2
1 1 1 2 2 1 2 2 2
5 1 2 2 2 2 2
4 2 1 1 2 2
5 1 2 2 1 2 2
4 1 2 2 1 2
4 2 2 1 1 2
5 1 2 2 1 1 2
2 1 1 2
3 2 2 1 2
5 1 1 2 1 1 2
4 2 1 2 1 2
9 7 10
2 2 1 1 1 2 2 1 1
1 2 2 1 2 1 2
4 2 2 1 2 1
5 2 2 2 1 2 1
4 2 2 1 2 1
5 2 2 2 1 1 1
5 1 2 2 1 1 1
3 1 2 1 1
4 2 2 2 1 1
2 1 1 1
2 1 2 1
2 1 2 1
9 1 10
2 1 2 1 2 1 1 2 2
2
4 1 1 2 2 1
3 1 2 1 1
2 2 2 1
5 1 1 1 2 2 1
5 1 1 2 1 2 1
4 1 1 1 2 1
2 2 1 1
5 2 1 2 2 1 1
2 2 1 1
4 1 1 1 1 1
7 13 60
1 1 1 2 3 2 3
2 2 1 1 2 1 1 3 3 3 1 2 2
2 1 3 3
2 1 1 1
2 1 3 3
2 3 1 3
2 3 1 3
2 1 3 3
2 1 1 1
2 3 3 1
2 1 3 1
2 1 3 1
2 1 1 1
2 3 3 1
2 1 1 3
2 3 3 3
2 3 1 1
2 3 1 3
2 1 1 1
2 3 1 1
2 1 3 3
2 3 3 1
2 1 1 1
2 1 3 3
2 3 3 1
2 1 3 3
2 1 3 1
2 3 3 1
2 3 3 3
2 3 3 1
2 3 3 3
2 1 1 3
2 3 1 1
2 1 1 1
2 1 1 1
2 3 1 3
2 1 3 3
2 3 3 1
2 3 1 1
2 3 1 3
2 3 3 3
2 3 1 1
2 1 3 1
2 1 1 3
2 3 3 1
2 3 3 1
2 3 3 3
2 1 1 3
2 3 3 1
2 3 1 3
2 1 1 1
2 1 1 1
2 1 1 3
2 3 3 1
2 1 1 3
2 3 1 3
2 3 1 1
2 3 1 3
2 1 3 3
2 1 3 1
2 3 3 3
2 1 1 1
12 3 60
1 3 2 1 1 1 1 2 2 2 1 1
2 2 2
2 3 3 1
2 1 1 1
2 3 3 3
2 1 3 3
2 1 3 3
2 3 3 1
2 3 3 1
2 3 3 1
2 3 1 3
2 1 3 3
2 3 3 3
2 3 1 3
2 1 1 3
2 1 3 1
2 1 1 1
2 1 1 1
2 1 1 3
2 3 1 3
2 1 1 3
2 1 1 3
2 1 3 1
2 1 1 1
2 1 3 3
2 3 3 3
2 1 1 3
2 3 1 3
2 3 3 3
2 1 3 1
2 3 1 1
2 1 1 1
2 3 3 3
2 3 1 1
2 1 3 1
2 3 3 3
2 1 3 1
2 3 1 1
2 3 3 1
2 1 3 3
2 3 1 3
2 1 1 3
2 3 1 3
2 1 1 1
2 1 3 3
2 1 1 1
2 3 3 1
2 1 1 3
2 3 3 1
2 1 3 1
2 1 3 3
2 3 3 3
2 3 1 1
2 1 1 1
2 1 3 3
2 3 1 3
2 3 1 3
2 3 3 3
2 1 1 1
2 3 1 3
2 3 1 3
2 1 1 1
4 21 60
2 3 2 3
2 3 2 2 1 1 1 3 1 2 2 3 3 3 2 1 3 3 1 3 2
2 2 3 2
2 2 3 3
2 3 2 3
2 3 3 3
2 2 2 3
2 3 2 3
2 2 3 3
2 3 3 3
2 3 2 2
2 2 3 2
2 2 2 2
2 2 3 2
2 3 3 2
2 2 3 3
2 3 3 3
2 3 3 2
2 2 3 2
2 3 3 3
2 2 2 2
2 3 2 2
2 2 3 2
2 2 3 3
2 3 2 3
2 3 3 2
2 3 2 2
2 3 2 3
2 2 3 2
2 3 3 2
2 2 3 2
2 3 3 2
2 3 3 2
2 3 3 3
2 2 3 2
2 2 2 3
2 2 3 3
2 3 2 3
2 2 3 3
2 2 2 2
2 3 3 3
2 3 2 3
2 3 3 3
2 2 3 3
2 2 2 2
2 3 2 3
2 2 3 3
2 2 3 3
2 2 3 3
2 3 2 2
2 3 2 2
2 2 3 3
2 2 3 3
2 2 3 2
2 3 2 3
2 3 3 2
2 2 3 2
2 2 3 2
2 3 3 3
2 2 2 3
2 2 3 2
2 3 3 3
4 6 60
2 2 1 2
2 2 2 1 1 2
2 1 2 1
2 2 2 1
2 1 2 1
2 1 2 1
2 2 1 1
2 1 2 1
2 1 1 1
2 1 2 1
2 2 2 1
2 2 1 1
2 2 1 1
2 2 2 1
2 1 2 1
2 2 2 1
2 1 1 1
2 2 1 1
2 2 1 1
2 1 1 1
2 1 1 1
2 2 2 1
2 2 1 1
2 2 1 1
2 1 2 1
2 1 1 1
2 1 2 1
2 2 2 1
2 1 2 1
2 1 2 1
2 2 1 1
2 2 2 1
2 1 2 1
2 1 2 1
2 2 2 1
2 2 1 1
2 1 1 1
2 1 1 1
2 2 1 1
2 1 1 1
2 2 1 1
2 2 1 1
2 1 2 1
2 1 2 1
2 1 2 1
2 2 1 1
2 1 1 1
2 2 2 1
2 1 2 1
2 1 1 1
2 2 2 1
2 2 2 1
2 2 1 1
2 2 2 1
2 1 2 1
2 1 2 1
2 2 1 1
2 2 1 1
2 1 1 1
2 2 2 1
2 2 2 1
2 1 1 1
3 4 60
1 2 2
1 2 1 2
2 2 1 2
2 2 2 2
2 2 2 2
2 2 1 2
2 1 2 2
2 1 2 2
2 2 2 2
2 1 2 2
2 1 2 2
2 1 2 2
2 2 1 2
2 1 1 2
2 2 2 2
2 1 1 2
2 2 2 2
2 2 1 2
2 1 2 2
2 2 1 2
2 2 2 2
2 2 2 2
2 2 2 2
2 2 2 2
2 2 1 2
2 1 1 2
2 1 2 2
2 2 2 2
2 1 1 2
2 2 2 2
2 1 1 2
2 1 1 2
2 2 2 2
2 2 1 2
2 2 2 2
2 1 2 2
2 2 2 2
2 2 1 2
2 2 1 2
2 2 2 2
2 1 2 2
2 1 2 2
2 2 2 2
2 2 1 2
2 1 2 2
2 2 2 2
2 2 2 2
2 2 2 2
2 1 1 2
2 1 1 2
2 2 2 2
2 1 2 2
2 2 2 2
2 2 1 2
2 1 1 2
2 2 1 2
2 2 1 2
2 2 2 2
2 2 2 2
2 2 2 2
2 2 2 2
2 1 2 2
23 17 60
1 2 2 1 2 2 1 2 2 2 2 2 2 1 1 2 2 1 1 2 2 2 2
2 2 2 1 2 2 1 1 2 2 2 1 2 1 2 1 1
2 1 1 2
2 2 2 2
2 1 2 2
2 1 1 2
2 2 1 2
2 2 1 2
2 1 2 2
2 2 1 2
2 1 2 2
2 1 2 2
2 2 2 2
2 1 2 2
2 1 2 2
2 1 2 2
2 1 2 2
2 1 2 2
2 1 2 2
2 2 2 2
2 2 1 2
2 1 1 2
2 2 2 2
2 1 1 2
2 2 1 2
2 1 1 2
2 2 2 2
2 1 1 2
2 1 1 2
2 2 1 2
2 2 1 2
2 2 1 2
2 2 1 2
2 2 2 2
2 1 2 2
2 2 1 2
2 1 1 2
2 2 1 2
2 1 1 2
2 2 1 2
2 2 1 2
2 1 1 2
2 1 2 2
2 2 2 2
2 1 1 2
2 1 1 2
2 1 1 2
2 1 1 2
2 2 2 2
2 1 1 2
2 2 1 2
2 1 1 2
2 2 1 2
2 1 2 2
2 1 2 2
2 1 1 2
2 2 2 2
2 1 1 2
2 1 2 2
2 2 1 2
2 2 2 2
2 1 1 2
18 12 60
2 1 2 2 1 1 2 2 1 2 2 1 1 2 1 2 2 2
2 2 1 2 1 1 1 2 1 2 1 1
2 2 1 1
2 1 1 1
2 1 1 1
2 2 2 1
2 1 1 1
2 1 2 1
2 2 2 1
2 1 1 1
2 1 2 1
2 2 1 1
2 2 1 1
2 1 2 1
2 1 1 1
2 2 2 1
2 2 2 1
2 2 1 1
2 2 1 1
2 1 1 1
2 2 1 1
2 1 2 1
2 2 1 1
2 2 2 1
2 2 2 1
2 1 2 1
2 2 2 1
2 2 1 1
2 2 1 1
2 1 1 1
2 1 1 1
2 2 1 1
2 2 1 1
2 2 2 1
2 2 2 1
2 1 1 1
2 2 2 1
2 2 2 1
2 2 2 1
2 2 2 1
2 2 2 1
2 2 1 1
2 1 2 1
2 2 2 1
2 2 1 1
2 2 1 1
2 2 2 1
2 2 2 1
2 1 1 1
2 1 2 1
2 1 1 1
2 2 1 1
2 1 2 1
2 1 1 1
2 1 2 1
2 2 1 1
2 2 1 1
2 2 2 1
2 1 2 1
2 1 2 1
2 2 1 1
2 2 2 1
2 16 60
1 2
1 1 2 1 1 1 1 2 1 1 1 1 1 2 1 1
2 2 2 1
2 1 1 1
2 2 2 1
2 1 2 1
2 1 1 1
2 1 2 1
2 2 2 1
2 2 1 1
2 2 1 1
2 1 2 1
2 1 2 1
2 2 1 1
2 2 1 1
2 2 1 1
2 2 1 1
2 2 1 1
2 1 1 1
2 2 2 1
2 2 2 1
2 2 2 1
2 1 1 1
2 1 1 1
2 1 2 1
2 2 1 1
2 2 1 1
2 1 2 1
2 2 2 1
2 2 1 1
2 1 1 1
2 1 1 1
2 1 2 1
2 2 2 1
2 2 2 1
2 2 1 1
2 2 2 1
2 1 2 1
2 1 2 1
2 2 1 1
2 1 1 1
2 1 2 1
2 1 2 1
2 2 2 1
2 2 2 1
2 2 2 1
2 2 2 1
2 1 1 1
2 2 1 1
2 1 1 1
2 1 1 1
2 2 2 1
2 2 1 1
2 2 1 1
2 1 2 1
2 2 2 1
2 1 2 1
2 2 1 1
2 1 2 1
2 1 2 1
2 2 2 1
2 2 2 1
10 8 60
1 2 1 1 2 1 2 1 2 1
1 2 2 1 2 2 2 2
2 2 2 2
2 2 2 2
2 2 1 2
2 1 2 2
2 2 2 2
2 2 1 2
2 1 1 2
2 2 2 2
2 1 2 2
2 1 1 2
2 1 1 2
2 1 1 2
2 1 1 2
2 2 2 2
2 2 2 2
2 2 2 2
2 2 2 2
2 2 2 2
2 2 1 2
2 1 1 2
2 1 1 2
2 2 1 2
2 1 1 2
2 1 1 2
2 1 2 2
2 2 2 2
2 2 1 2
2 1 2 2
2 2 2 2
2 1 1 2
2 1 1 2
2 2 1 2
2 1 2 2
2 2 2 2
2 1 2 2
2 1 1 2
2 1 2 2
2 1 2 2
2 2 1 2
2 2 2 2
2 2 1 2
2 2 1 2
2 1 1 2
2 2 2 2
2 2 2 2
2 1 1 2
2 2 1 2
2 1 1 2
2 1 2 2
2 1 1 2
2 1 2 2
2 2 1 2
2 2 1 2
2 2 1 2
2 1 1 2
2 1 1 2
2 1 1 2
2 1 1 2
2 2 1 2
2 2 1 2
25 15 60
2 2 1 1 1 2 2 1 1 1 1 2 2 1 2 1 2 2 2 1 2 1 1 1 1
1 1 1 1 2 1 2 1 2 1 2 2 1 2 1
2 2 2 2
2 1 1 2
2 2 2 2
2 2 2 2
2 1 2 2
2 2 2 2
2 1 1 2
2 1 2 2
2 2 2 2
2 1 1 2
2 1 2 2
2 1 2 2
2 1 1 2
2 2 1 2
2 2 2 2
2 2 1 2
2 2 1 2
2 2 1 2
2 2 2 2
2 1 1 2
2 1 2 2
2 1 1 2
2 1 1 2
2 2 1 2
2 2 1 2
2 1 1 2
2 1 1 2
2 1 2 2
2 1 2 2
2 1 1 2
2 2 1 2
2 2 2 2
2 1 1 2
2 1 1 2
2 2 2 2
2 1 2 2
2 1 2 2
2 1 1 2
2 2 2 2
2 2 2 2
2 1 1 2
2 1 1 2
2 1 2 2
2 1 2 2
2 1 1 2
2 2 1 2
2 1 1 2
2 1 1 2
2 1 2 2
2 1 1 2
2 1 2 2
2 1 2 2
2 2 1 2
2 2 2 2
2 1 1 2
2 1 1 2
2 1 2 2
2 1 2 2
2 1 1 2
2 2 1 2
3 10 60
1 2 1
2 2 2 1 2 2 2 2 1 2
2 2 1 2
2 1 2 2
2 2 2 2
2 2 1 2
2 1 2 2
2 2 1 2
2 2 2 2
2 1 1 2
2 2 2 2
2 2 1 2
2 2 1 2
2 1 1 2
2 2 1 2
2 2 2 2
2 1 2 2
2 1 1 2
2 1 2 2
2 1 1 2
2 1 2 2
2 2 1 2
2 1 1 2
2 1 1 2
2 2 1 2
2 1 2 2
2 1 2 2
2 1 1 2
2 1 1 2
2 2 2 2
2 1 1 2
2 2 2 2
2 2 1 2
2 2 2 2
2 2 1 2
2 2 2 2
2 1 1 2
2 1 1 2
2 1 2 2
2 2 2 2
2 1 2 2
2 1 2 2
2 2 2 2
2 2 1 2
2 1 2 2
2 1 2 2
2 2 2 2
2 2 1 2
2 1 2 2
2 2 2 2
2 1 2 2
2 2 1 2
2 1 2 2
2 2 1 2
2 1 1 2
2 2 1 2
2 2 2 2
2 1 1 2
2 2 2 2
2 2 2 2
2 2 1 2
2 2 2 2
22 10 60
2 2 2 1 2 2 2 1 2 1 2 1 1 1 1 2 2 2 1 1 2 2
1 1 1 2 2 2 1 2 1 1
2 1 2 2
2 1 2 2
2 2 1 2
2 2 2 2
2 1 2 2
2 2 1 2
2 2 2 2
2 1 2 2
2 2 1 2
2 2 2 2
2 2 2 2
2 1 2 2
2 2 2 2
2 1 1 2
2 1 2 2
2 2 1 2
2 2 1 2
2 2 1 2
2 1 2 2
2 1 1 2
2 1 2 2
2 2 1 2
2 1 1 2
2 1 2 2
2 1 2 2
2 2 2 2
2 1 2 2
2 1 1 2
2 2 1 2
2 2 1 2
2 1 1 2
2 1 1 2
2 1 2 2
2 1 2 2
2 2 2 2
2 1 2 2
2 1 1 2
2 2 2 2
2 2 2 2
2 2 2 2
2 1 2 2
2 2 2 2
2 1 1 2
2 1 2 2
2 1 2 2
2 2 2 2
2 1 1 2
2 1 2 2
2 1 2 2
2 1 1 2
2 2 1 2
2 2 1 2
2 1 2 2
2 2 1 2
2 2 1 2
2 1 1 2
2 2 2 2
2 1 1 2
2 1 1 2
2 2 1 2
21 19 60
2 2 2 2 1 2 2 2 2 1 1 1 1 2 1 1 1 2 1 1 1
2 1 1 1 1 2 1 1 2 1 1 1 1 1 2 2 1 2 2
2 1 1 1
2 1 1 1
2 2 1 1
2 2 2 1
2 2 1 1
2 2 1 1
2 1 2 1
2 2 2 1
2 1 2 1
2 2 1 1
2 1 1 1
2 1 1 1
2 2 1 1
2 1 1 1
2 2 1 1
2 1 1 1
2 1 2 1
2 1 1 1
2 2 2 1
2 2 2 1
2 2 1 1
2 1 2 1
2 1 2 1
2 2 2 1
2 2 1 1
2 1 1 1
2 1 1 1
2 1 2 1
2 2 1 1
2 2 1 1
2 2 1 1
2 2 2 1
2 1 2 1
2 1 2 1
2 1 2 1
2 2 1 1
2 1 1 1
2 1 2 1
2 1 1 1
2 2 1 1
2 2 1 1
2 2 1 1
2 1 2 1
2 2 2 1
2 1 2 1
2 1 2 1
2 1 2 1
2 2 1 1
2 2 2 1
2 1 1 1
2 1 2 1
2 2 2 1
2 2 1 1
2 2 1 1
2 2 2 1
2 2 1 1
2 1 1 1
2 1 2 1
2 1 1 1
2 2 2 1
10 2 60
1 1 1 2 2 1 2 2 1 1
1 1
2 1 1 1
2 2 2 1
2 1 1 1
2 2 2 1
2 2 1 1
2 1 1 1
2 1 1 1
2 1 2 1
2 2 1 1
2 1 1 1
2 2 2 1
2 2 2 1
2 2 2 1
2 1 2 1
2 1 1 1
2 1 1 1
2 2 1 1
2 1 2 1
2 1 1 1
2 1 1 1
2 1 1 1
2 1 1 1
2 2 1 1
2 2 1 1
2 2 1 1
2 1 1 1
2 1 1 1
2 1 2 1
2 2 1 1
2 1 1 1
2 2 2 1
2 1 1 1
2 1 1 1
2 2 1 1
2 2 2 1
2 1 1 1
2 2 2 1
2 2 2 1
2 2 2 1
2 2 1 1
2 1 2 1
2 2 1 1
2 2 1 1
2 2 2 1
2 2 1 1
2 1 1 1
2 1 1 1
2 2 1 1
2 1 2 1
2 1 2 1
2 2 1 1
2 1 1 1
2 1 2 1
2 2 1 1
2 2 1 1
2 1 1 1
2 2 1 1
2 1 1 1
2 1 2 1
2 2 2 1
17 22 60
1 1 1 1 1 2 1 1 1 1 1 2 1 2 1 1 1
2 2 1 1 2 1 1 2 2 2 2 1 2 1 2 1 1 1 2 1 2 2
2 2 1 1
2 2 2 1
2 1 1 1
2 2 1 1
2 1 1 1
2 1 1 1
2 2 1 1
2 2 1 1
2 1 2 1
2 2 1 1
2 1 2 1
2 1 1 1
2 2 1 1
2 2 2 1
2 2 1 1
2 2 1 1
2 2 2 1
2 1 1 1
2 1 2 1
2 2 2 1
2 2 1 1
2 2 2 1
2 2 2 1
2 1 1 1
2 1 1 1
2 1 2 1
2 1 2 1
2 1 1 1
2 2 2 1
2 1 2 1
2 1 2 1
2 2 2 1
2 2 1 1
2 2 2 1
2 2 1 1
2 1 1 1
2 1 2 1
2 2 1 1
2 1 2 1
2 2 1 1
2 1 1 1
2 1 1 1
2 2 1 1
2 2 1 1
2 2 2 1
2 1 1 1
2 1 1 1
2 2 2 1
2 2 1 1
2 1 1 1
2 2 1 1
2 2 2 1
2 2 2 1
2 2 1 1
2 2 2 1
2 2 2 1
2 1 1 1
2 2 1 1
2 2 2 1
2 2 1 1
18 5 60
2 2 2 1 2 2 2 1 1 2 2 2 1 2 2 2 1 1
2 1 2 1 2
2 2 2 1
2 1 2 1
2 2 1 1
2 2 1 1
2 1 1 1
2 2 1 1
2 2 1 1
2 1 2 1
2 1 1 1
2 2 2 1
2 1 2 1
2 1 1 1
2 2 1 1
2 1 1 1
2 2 1 1
2 1 1 1
2 2 1 1
2 2 1 1
2 2 1 1
2 1 2 1
2 2 2 1
2 1 2 1
2 1 2 1
2 1 1 1
2 1 1 1
2 2 1 1
2 1 1 1
2 2 1 1
2 2 2 1
2 2 2 1
2 2 1 1
2 1 2 1
2 2 2 1
2 2 1 1
2 2 1 1
2 2 1 1
2 2 1 1
2 2 2 1
2 2 2 1
2 2 2 1
2 2 1 1
2 1 1 1
2 2 2 1
2 1 1 1
2 2 2 1
2 1 2 1
2 1 2 1
2 1 2 1
2 2 1 1
2 2 1 1
2 1 2 1
2 2 2 1
2 1 2 1
2 2 2 1
2 1 1 1
2 2 2 1
2 2 1 1
2 1 2 1
2 1 1 1
2 1 2 1
18 13 60
2 2 1 2 1 1 2 1 1 1 1 2 1 2 1 1 2 1
2 2 2 1 2 1 2 2 2 2 2 2 1
2 2 2 2
2 2 1 2
2 1 2 2
2 2 1 2
2 1 1 2
2 2 1 2
2 1 2 2
2 1 1 2
2 2 2 2
2 1 2 2
2 1 2 2
2 2 1 2
2 1 1 2
2 1 2 2
2 1 2 2
2 1 2 2
2 1 2 2
2 1 1 2
2 2 1 2
2 2 2 2
2 2 2 2
2 2 2 2
2 1 1 2
2 1 1 2
2 2 2 2
2 1 1 2
2 2 1 2
2 2 1 2
2 1 1 2
2 2 1 2
2 2 1 2
2 2 1 2
2 2 2 2
2 2 1 2
2 2 2 2
2 1 1 2
2 1 1 2
2 2 1 2
2 1 1 2
2 1 1 2
2 1 1 2
2 2 1 2
2 2 2 2
2 2 1 2
2 1 1 2
2 1 2 2
2 2 2 2
2 2 1 2
2 1 1 2
2 1 1 2
2 2 1 2
2 1 1 2
2 2 1 2
2 1 1 2
2 2 1 2
2 1 2 2
2 2 2 2
2 2 1 2
2 1 2 2
2 2 2 2
6 8 60
1 1 2 2 1 2
2 2 1 1 2 1 1 1
2 2 2 1
2 2 1 1
2 1 2 1
2 1 2 1
2 2 1 1
2 2 1 1
2 1 2 1
2 2 1 1
2 2 2 1
2 2 2 1
2 1 1 1
2 1 1 1
2 2 2 1
2 1 2 1
2 1 2 1
2 1 1 1
2 2 2 1
2 2 2 1
2 2 1 1
2 1 1 1
2 2 2 1
2 2 2 1
2 1 1 1
2 1 1 1
2 1 1 1
2 2 1 1
2 2 1 1
2 1 1 1
2 1 1 1
2 2 1 1
2 1 2 1
2 2 2 1
2 2 1 1
2 2 1 1
2 1 1 1
2 1 2 1
2 1 2 1
2 2 1 1
2 2 1 1
2 2 2 1
2 2 2 1
2 2 1 1
2 1 2 1
2 1 1 1
2 1 1 1
2 1 1 1
2 2 1 1
2 2 1 1
2 2 1 1
2 2 1 1
2 1 1 1
2 2 2 1
2 2 2 1
2 1 2 1
2 2 2 1
2 1 1 1
2 2 2 1
2 1 2 1
2 2 1 1
2 1 2 1
18 19 60
1 2 2 1 2 2 1 1 2 1 2 2 2 2 2 2 1 2
2 2 2 1 2 2 1 1 1 1 2 2 1 2 1 2 2 1 1
2 1 2 2
2 2 2 2
2 2 1 2
2 1 1 2
2 1 1 2
2 1 2 2
2 1 1 2
2 1 2 2
2 1 2 2
2 1 2 2
2 2 2 2
2 2 2 2
2 1 1 2
2 1 1 2
2 2 2 2
2 1 1 2
2 1 1 2
2 2 2 2
2 1 1 2
2 1 1 2
2 2 1 2
2 2 2 2
2 2 1 2
2 2 1 2
2 2 2 2
2 2 1 2
2 1 2 2
2 2 2 2
2 2 1 2
2 2 2 2
2 2 1 2
2 1 1 2
2 2 2 2
2 1 2 2
2 2 1 2
2 2 1 2
2 2 2 2
2 2 2 2
2 2 2 2
2 1 2 2
2 2 2 2
2 2 2 2
2 1 2 2
2 1 2 2
2 2 1 2
2 2 2 2
2 2 1 2
2 2 2 2
2 2 1 2
2 1 1 2
2 2 2 2
2 1 1 2
2 2 2 2
2 2 1 2
2 1 2 2
2 2 1 2
2 1 1 2
2 2 1 2
2 1 1 2
2 1 1 2
2 22 60
1 1
2 2 1 2 2 1 2 2 2 1 2 2 2 2 2 2 2 1 1 2 2 1
2 1 1 2
2 2 2 2
2 2 1 2
2 1 2 2
2 1 1 2
2 1 2 2
2 2 2 2
2 1 2 2
2 1 2 2
2 1 2 2
2 2 2 2
2 2 1 2
2 1 2 2
2 1 1 2
2 1 2 2
2 1 1 2
2 1 2 2
2 1 2 2
2 2 2 2
2 1 1 2
2 1 1 2
2 1 2 2
2 1 2 2
2 1 1 2
2 2 2 2
2 1 1 2
2 1 2 2
2 2 1 2
2 1 2 2
2 1 1 2
2 1 1 2
2 1 1 2
2 1 1 2
2 1 2 2
2 2 2 2
2 2 2 2
2 1 2 2
2 2 2 2
2 2 1 2
2 2 2 2
2 2 1 2
2 2 1 2
2 2 2 2
2 1 2 2
2 1 1 2
2 1 2 2
2 1 1 2
2 2 2 2
2 1 1 2
2 1 1 2
2 1 1 2
2 2 1 2
2 1 2 2
2 1 2 2
2 1 2 2
2 2 1 2
2 1 2 2
2 1 1 2
2 1 2 2
2 1 2 2
7 14 60
1 2 1 2 2 1 2
2 1 2 2 1 2 2 1 1 2 2 2 2 2
2 2 2 1
2 2 2 1
2 1 1 1
2 1 2 1
2 2 1 1
2 2 1 1
2 1 2 1
2 2 2 1
2 2 2 1
2 1 2 1
2 1 2 1
2 2 1 1
2 1 2 1
2 2 1 1
2 2 1 1
2 2 1 1
2 2 1 1
2 1 2 1
2 1 2 1
2 2 2 1
2 2 2 1
2 1 2 1
2 1 1 1
2 2 2 1
2 1 1 1
2 2 1 1
2 2 1 1
2 1 2 1
2 2 1 1
2 1 1 1
2 2 2 1
2 2 1 1
2 1 1 1
2 2 2 1
2 2 2 1
2 2 1 1
2 1 2 1
2 1 2 1
2 1 2 1
2 1 2 1
2 2 1 1
2 1 2 1
2 1 1 1
2 1 1 1
2 2 1 1
2 1 2 1
2 1 1 1
2 2 1 1
2 1 1 1
2 1 2 1
2 2 1 1
2 1 2 1
2 2 1 1
2 2 1 1
2 2 2 1
2 1 2 1
2 1 1 1
2 2 2 1
2 1 2 1
2 2 2 1
6 25 60
1 2 1 1 2 1
1 2 1 2 1 1 1 1 2 2 2 2 1 1 1 2 1 1 2 2 1 2 1 2 1
2 2 1 2
2 1 1 2
2 1 1 2
2 2 1 2
2 2 1 2
2 1 2 2
2 1 2 2
2 2 1 2
2 1 1 2
2 1 1 2
2 1 1 2
2 2 2 2
2 1 1 2
2 1 2 2
2 1 1 2
2 2 1 2
2 1 1 2
2 2 1 2
2 2 2 2
2 1 1 2
2 2 1 2
2 1 1 2
2 2 1 2
2 2 1 2
2 2 1 2
2 2 2 2
2 1 1 2
2 1 1 2
2 2 1 2
2 2 1 2
2 1 2 2
2 1 1 2
2 2 1 2
2 1 2 2
2 1 2 2
2 1 1 2
2 1 1 2
2 2 1 2
2 1 2 2
2 1 2 2
2 1 2 2
2 2 2 2
2 2 2 2
2 2 2 2
2 1 2 2
2 2 1 2
2 1 2 2
2 1 1 2
2 2 1 2
2 1 1 2
2 1 2 2
2 2 2 2
2 1 1 2
2 1 2 2
2 1 2 2
2 2 1 2
2 2 1 2
2 1 2 2
2 1 2 2
2 1 2 2
7 15 60
1 1 2 2 1 1 2
1 2 1 1 1 2 1 2 1 2 1 1 1 2 1
2 2 2 2
2 2 1 2
2 1 1 2
2 2 1 2
2 1 1 2
2 2 1 2
2 2 2 2
2 1 2 2
2 2 1 2
2 1 1 2
2 2 1 2
2 2 1 2
2 2 1 2
2 2 1 2
2 1 2 2
2 2 2 2
2 2 1 2
2 1 1 2
2 2 1 2
2 2 1 2
2 2 1 2
2 2 2 2
2 2 2 2
2 1 2 2
2 1 2 2
2 1 1 2
2 1 1 2
2 2 1 2
2 2 2 2
2 1 1 2
2 1 2 2
2 2 1 2
2 1 1 2
2 1 1 2
2 1 1 2
2 2 1 2
2 2 1 2
2 1 1 2
2 2 2 2
2 1 1 2
2 2 1 2
2 1 1 2
2 1 2 2
2 2 1 2
2 1 2 2
2 1 1 2
2 2 1 2
2 2 1 2
2 2 2 2
2 2 1 2
2 1 1 2
2 1 1 2
2 2 1 2
2 2 1 2
2 2 1 2
2 1 2 2
2 2 1 2
2 2 1 2
2 1 1 2
2 2 2 2
0 0 0
