3 3 3
5 6 2
3 4 1
2 5 6 4
2 1 3 2
2 4 2 5
3 3 2
1 1 1
2 2 1
2 1 1 2
2 2 2 1
7 1 2
2 2 3 2 1 2 3
1
3 2 1 2 1
3 3 1 3 1
16 14 5
2 1 2 2 1 3 2 1 3 2 2 1 1 3 1 2
2 1 3 1 1 2 3 1 2 2 2 2 1 3
2 3 1 3
3 2 2 2 1
3 2 2 1 2
3 1 2 2 2
4 2 1 2 2 2
3 3 6
6 4 3
5 1 2
2 6 4 5
2 3 6 1
2 4 3 2
2 5 1 6
2 2 5 4
2 1 2 3
5 5 10
8 6 1 10 4
3 2 5 7 9
2 8 6 3
2 1 10 2
2 4 8 5
2 6 1 7
2 10 4 9
2 3 2 8
2 5 7 6
2 9 3 1
2 2 5 10
2 7 9 4
7 7 14
5 11 8 4 10 9 7
6 2 14 1 13 12 3
3 5 11 8 6
3 4 10 9 2
3 7 5 11 14
3 8 4 10 1
3 9 7 5 13
3 11 8 4 12
3 10 9 7 3
3 6 2 14 5
3 1 13 12 11
3 3 6 2 8
3 14 1 13 4
3 12 3 6 10
3 2 14 1 9
3 13 12 3 7
5 5 16
7 8 4 9 5
2 3 6 1 10
2 7 8 2
2 4 9 3
2 5 7 6
2 8 4 1
2 9 5 10
2 2 3 7
2 6 1 8
2 10 2 4
2 3 6 9
2 1 10 5
2 7 2 2
2 8 2 2
2 4 2 2
2 9 2 2
2 5 2 2
3 3 6 1 4
7 7 22
11 5 3 8 7 9 13
12 6 14 1 10 2 4
2 11 5 12
2 3 8 6
2 7 9 14
2 13 11 1
2 5 3 10
2 8 7 2
2 9 13 4
2 12 6 11
2 14 1 5
2 10 2 3
2 4 12 8
2 6 14 7
2 1 10 9
2 2 4 13
2 11 12 12
2 5 12 12
2 3 12 12
2 8 12 12
2 7 12 12
2 9 12 12
2 13 12 12
5 6 14 1 10 2 3
7 7 22
10 8 4 12 9 14 3
6 2 7 5 1 11 13
3 10 8 4 6
3 12 9 14 2
3 3 10 8 7
3 4 12 9 5
3 14 3 10 1
3 8 4 12 11
3 9 14 3 13
3 6 2 7 10
3 5 1 11 8
3 13 6 2 4
3 7 5 1 12
3 11 13 6 9
3 2 7 5 14
3 1 11 13 3
2 10 6 6
2 8 6 6
2 4 6 6
2 12 6 6
2 9 6 6
2 14 6 6
2 3 6 6
5 2 7 5 1 11 4
3 3 2
4 1 3
1 4 3
3 4 1 2 3
3 1 4 2 3
5 4 2
6 1 3 5 4
6 2 5 4
2 6 1 3
2 1 3 2
15 24 2
1 1 1 1 1 1 1 1 1 1 1 1 1 1 1
1 1 1 1 1 1 1 1 1 1 1 1 1 1 1 1 1 1 1 1 1 1 1 1
7 1 1 1 1 1 1 1 1
4 1 1 1 1 1
6 2 2
1 1 1 1 1 1
1 1
7 1 1 1 1 1 1 1 1
4 1 1 1 1 1
9 24 2
1 1 1 1 1 1 1 1 1
1 1 1 1 1 1 1 1 1 1 1 1 1 1 1 1 1 1 1 1 1 1 1 1
9 1 1 1 1 1 1 1 1 1 1
7 1 1 1 1 1 1 1 1
9 19 2
1 1 1 1 1 1 1 1 1
1 1 1 1 1 1 1 1 1 1 1 1 1 1 1 1 1 1 1
9 1 1 1 1 1 1 1 1 1 1
7 1 1 1 1 1 1 1 1
10 8 2
1 1 1 1 1 1 1 1 1 1
1 1 1 1 1 1 1 1
6 1 1 1 1 1 1 1
8 1 1 1 1 1 1 1 1 1
14 24 2
1 1 1 1 1 1 1 1 1 1 1 1 1 1
1 1 1 1 1 1 1 1 1 1 1 1 1 1 1 1 1 1 1 1 1 1 1 1
6 1 1 1 1 1 1 1
8 1 1 1 1 1 1 1 1 1
24 1 3
3 3 2 2 3 3 2 3 3 3 2 2 3 3 3 3 3 2 2 2 2 2 2 2
1
2 1 1 1
3 3 1 2 1
2 3 2 1
24 1 3
3 3 2 3 3 3 3 2 3 3 3 2 2 3 3 3 2 2 2 2 2 2 2 2
1
2 1 1 1
3 3 1 2 1
2 3 2 1
25 1 3
2 2 3 2 3 2 3 3 2 3 3 3 2 3 2 3 3 3 3 2 2 3 2 2 2
1
2 1 1 1
3 2 1 3 1
2 2 3 1
25 1 3
1 3 3 1 1 3 3 3 1 1 3 1 1 3 1 1 1 3 1 3 1 3 1 1 1
2
2 2 2 2
3 3 2 1 2
2 3 1 2
16 16 31
12 12 12 12 12 12 12 12 12 12 12 12 12 12 12 12
14 14 14 14 14 14 14 14 14 14 14 14 14 14 14 14
2 12 12 14
2 14 12 9
2 9 12 27
2 27 12 8
2 8 12 26
2 26 12 5
2 5 12 24
2 24 12 20
2 20 12 22
2 22 12 16
2 16 12 4
2 4 12 19
2 19 12 25
2 25 12 7
2 7 12 1
2 1 14 28
2 28 14 17
2 17 14 6
2 6 14 3
2 3 14 21
2 21 14 15
2 15 14 10
2 10 14 13
2 13 14 11
2 11 14 30
2 30 14 29
2 29 14 18
2 18 14 2
2 2 14 23
2 14 14 1
2 2 14 1
16 16 32
9 9 9 9 9 9 9 9 9 9 9 9 9 9 9 9
4 4 4 4 4 4 4 4 4 4 4 4 4 4 4 4
2 9 9 4
2 4 9 29
2 29 9 7
2 7 9 30
2 30 9 24
2 24 9 12
2 12 9 11
2 11 9 22
2 22 9 20
2 20 9 19
2 19 9 17
2 17 9 8
2 8 9 16
2 16 9 14
2 14 9 1
2 1 4 13
2 13 4 25
2 25 4 28
2 28 4 15
2 15 4 26
2 26 4 6
2 6 4 3
2 3 4 10
2 10 4 21
2 21 4 5
2 5 4 27
2 27 4 2
2 2 4 23
2 23 4 18
2 4 4 1
2 23 4 1
2 4 4 4
16 16 31
5 5 5 5 5 5 5 5 5 5 5 5 5 5 5 5
1 1 1 1 1 1 1 1 1 1 1 1 1 1 1 1
2 5 5 1
2 5 1 21
2 5 21 30
2 5 30 29
2 5 29 11
2 5 11 4
2 5 4 27
2 5 27 12
2 5 12 10
2 5 10 17
2 5 17 7
2 5 7 2
2 5 2 3
2 5 3 8
2 5 8 26
2 1 26 19
2 1 19 13
2 1 13 16
2 1 16 22
2 1 22 24
2 1 24 15
2 1 15 23
2 1 23 6
2 1 6 18
2 1 18 9
2 1 9 28
2 1 28 25
2 1 25 14
2 1 14 20
2 1 1 26
2 1 14 26
16 16 32
8 8 8 8 8 8 8 8 8 8 8 8 8 8 8 8
26 26 26 26 26 26 26 26 26 26 26 26 26 26 26 26
2 8 8 26
2 8 26 27
2 8 27 28
2 8 28 6
2 8 6 19
2 8 19 23
2 8 23 13
2 8 13 15
2 8 15 21
2 8 21 9
2 8 9 3
2 8 3 11
2 8 11 16
2 8 16 25
2 8 25 22
2 26 22 4
2 26 4 7
2 26 7 17
2 26 17 2
2 26 2 18
2 26 18 20
2 26 20 10
2 26 10 14
2 26 14 29
2 26 29 30
2 26 30 24
2 26 24 5
2 26 5 1
2 26 1 12
2 26 26 22
2 26 1 22
2 26 26 26
25 25 60
2 1 2 2 1 2 1 2 1 2 1 1 1 1 2 1 1 2 1 2 1 2 2 2 1
1 2 1 2 1 2 2 2 1 2 1 2 2 1 2 1 2 1 2 1 1 1 1 2 1
2 1 1 2
2 2 1 2
2 1 1 1
2 1 1 2
2 2 2 1
2 1 1 1
2 2 2 2
2 1 2 1
2 2 2 2
2 1 1 1
2 2 2 1
2 2 2 1
2 2 1 2
2 1 1 1
2 2 1 2
2 1 1 1
2 1 2 2
2 1 2 1
2 2 2 1
2 2 1 1
2 1 2 2
2 1 2 2
2 1 1 2
2 2 2 1
2 1 2 1
2 2 2 1
2 1 2 2
2 1 2 1
2 2 2 2
2 2 2 1
2 1 1 2
2 2 1 2
2 1 2 1
2 2 1 1
2 2 1 1
2 2 1 1
2 2 1 1
2 1 2 2
2 1 2 1
2 2 2 2
2 2 2 2
2 1 1 2
2 1 1 1
2 1 1 1
2 1 2 2
2 1 2 2
2 2 1 2
2 2 2 2
2 1 2 1
2 1 1 1
2 2 1 2
2 2 2 2
2 1 1 2
2 1 2 2
2 2 1 1
2 1 1 2
2 2 2 1
2 1 1 1
2 1 2 2
2 2 2 1
25 25 60
5 1 2 3 5 4 4 5 1 4 4 1 2 3 5 2 2 2 3 4 4 2 1 2 5
5 4 4 5 1 4 4 1 2 3 5 2 2 2 3 4 4 2 1 2 5 5 1 2 3
2 1 5 4
2 1 2 5
2 1 4 1
2 5 5 1
2 4 1 5
2 2 4 4
2 1 4 1
2 3 3 3
2 3 2 1
2 4 4 3
2 4 2 2
2 2 4 3
2 1 2 2
2 4 1 5
2 3 4 5
2 4 5 4
2 4 3 3
2 2 5 4
2 4 4 2
2 1 1 2
2 2 3 2
2 5 4 2
2 3 4 3
2 4 5 1
2 5 3 1
2 1 4 1
2 2 1 3
2 3 5 5
2 3 2 3
2 3 5 3
2 2 5 3
2 4 2 5
2 1 4 2
2 4 2 3
2 5 1 2
2 2 1 4
2 1 2 3
2 5 2 1
2 5 4 1
2 4 2 2
2 3 2 5
2 4 1 1
2 4 3 5
2 4 1 1
2 4 1 4
2 5 5 5
2 2 4 2
2 5 2 1
2 4 2 2
2 5 1 4
2 4 5 4
2 3 5 4
2 2 1 1
2 5 2 2
2 2 5 5
2 3 3 2
2 5 2 5
2 1 4 3
2 5 2 5
2 1 3 3
25 25 16
14 14 14 14 14 14 14 14 14 14 14 14 14 14 14 14 14 14 14 14 14 14 14 14 14
15 15 15 15 15 15 15 15 15 15 15 15 15 15 15 15 15 15 15 15 15 15 15 15 15
2 14 14 15
2 14 14 3
2 14 14 1
2 14 14 7
2 14 14 9
2 14 14 12
2 14 14 10
2 14 14 4
2 15 15 14
2 15 15 8
2 15 15 5
2 15 15 11
2 15 15 16
2 15 15 2
2 15 15 6
2 15 15 13
25 25 16
5 5 5 5 5 5 5 5 5 5 5 5 5 5 5 5 5 5 5 5 5 5 5 5 5
9 9 9 9 9 9 9 9 9 9 9 9 9 9 9 9 9 9 9 9 9 9 9 9 9
2 5 5 7
2 5 5 8
2 5 5 11
2 5 5 13
2 5 5 15
2 5 5 16
2 5 5 12
2 5 5 10
2 9 9 18
2 9 9 17
2 9 9 4
2 9 9 2
2 9 9 3
2 9 9 1
2 9 9 6
2 9 9 14
10 2 10
2 1 2 2 1 1 2 1 2 2
2 2
3 1 2 1 1
4 2 2 1 2 1
2 1 1 1
3 1 1 2 1
2 1 1 1
3 1 2 2 1
3 1 1 1 1
2 1 1 1
5 2 2 2 2 1 1
2 2 1 1
10 3 10
1 1 2 2 1 1 2 1 1 1
1 1 2
2 1 1 2
3 2 2 1 2
3 1 2 2 2
2 2 1 2
5 1 1 1 1 1 2
5 1 1 2 2 2 2
5 2 1 1 2 2 2
4 2 2 1 1 2
2 1 2 2
5 2 2 2 1 1 2
5 5 10
2 2 2 1 1
1 2 2 1 1
5 1 2 1 1 2 2
2 1 2 2
3 1 2 1 2
5 1 2 2 2 1 2
5 1 1 2 1 1 2
4 2 1 1 2 2
4 2 2 1 2 2
4 1 1 1 1 2
5 2 2 1 1 2 2
5 2 1 2 2 1 2
5 8 10
2 1 1 2 1
2 2 2 1 2 1 1 1
3 2 2 2 2
2 1 2 2
5 1 2 2 1 1 2
4 2 1 2 1 2
5 2 1 1 2 1 2
4 2 2 2 1 2
2 1 1 2
5 2 1 1 2 1 2
3 1 2 1 2
4 2 1 2 1 2
1 5 10
1
1 2 1 1 2
4 1 2 2 1 1
2 1 2 1
3 1 2 2 1
5 2 1 1 1 1 1
5 2 2 1 1 2 1
5 1 2 2 2 2 1
4 2 1 2 2 1
4 1 2 1 1 1
3 1 1 1 1
3 1 1 2 1
9 7 10
1 1 1 1 2 1 2 1 1
1 2 1 2 2 1 2
2 2 1 2
2 2 1 2
5 2 2 1 2 2 2
4 2 1 1 2 2
4 2 2 1 1 2
2 2 2 2
5 1 1 2 1 1 2
3 2 2 1 2
5 2 1 2 1 1 2
4 1 2 1 1 2
7 3 10
1 1 2 2 2 2 1
1 1 2
4 2 2 1 1 1
5 2 1 2 2 1 1
3 2 1 2 1
2 2 2 1
2 1 2 1
4 1 2 2 2 1
4 2 1 1 2 1
2 2 2 1
2 1 1 1
4 2 1 1 1 1
5 7 10
2 2 2 2 1
1 1 2 1 2 2 1
2 2 1 2
3 1 2 1 2
4 1 1 2 2 2
4 2 1 1 2 2
4 2 1 1 2 2
3 1 2 2 2
4 2 1 2 2 2
2 1 1 2
4 1 2 2 2 2
4 1 2 1 1 2
4 1 10
2 1 2 2
1
3 2 1 2 1
3 1 2 1 1
3 1 2 2 1
5 1 1 1 2 2 1
3 2 2 2 1
2 1 1 1
4 2 2 2 2 1
4 2 2 1 2 1
4 1 2 1 2 1
3 2 2 2 1
8 8 10
1 1 2 2 1 1 2 2
1 2 2 2 1 2 1 1
4 1 2 2 1 2
5 2 1 2 2 2 2
5 1 1 2 2 2 2
3 1 2 1 2
3 2 1 2 2
5 2 1 2 1 2 2
4 1 2 1 1 2
3 2 1 1 2
5 1 2 1 1 1 2
3 1 1 2 2
3 1 10
2 2 1
1
4 2 2 2 1 1
5 2 2 1 1 1 1
5 1 2 2 2 2 1
4 2 1 1 1 1
5 2 2 1 2 2 1
5 1 1 2 2 1 1
2 1 1 1
4 1 1 1 2 1
4 1 1 2 1 1
4 1 2 2 1 1
9 10 10
1 2 2 2 2 1 2 1 1
1 1 1 1 1 1 1 1 2 2
3 1 2 1 2
3 2 1 1 2
2 2 1 2
4 2 1 1 2 2
3 2 2 1 2
2 2 1 2
4 1 2 1 2 2
5 1 1 1 2 2 2
2 2 2 2
4 1 2 2 1 2
7 2 10
2 2 2 1 1 1 1
2 1
2 2 2 1
2 1 2 1
3 1 1 1 1
3 1 1 2 1
5 2 2 1 1 1 1
3 1 1 2 1
2 2 1 1
3 2 2 1 1
5 1 2 2 2 2 1
4 1 1 2 2 1
10 5 10
1 1 2 2 2 1 2 1 2 1
1 2 2 1 2
2 1 2 2
3 2 1 2 2
5 2 1 2 1 1 2
2 2 1 2
2 2 1 2
3 1 1 2 2
2 1 1 2
5 2 1 2 1 1 2
5 2 2 2 1 1 2
5 2 1 1 2 2 2
6 8 10
1 1 2 1 1 2
1 1 1 1 1 2 2 2
4 1 1 1 2 2
2 2 2 2
4 2 2 1 2 2
4 1 1 1 1 2
5 1 2 1 2 1 2
2 1 2 2
5 1 2 1 2 2 2
5 2 2 2 1 2 2
3 2 1 2 2
3 1 2 1 2
6 10 10
2 2 1 2 2 1
2 2 1 1 1 2 2 2 1 1
5 1 1 1 1 1 2
3 1 2 2 2
2 1 2 2
2 2 2 2
2 1 1 2
3 1 2 1 2
2 1 2 2
2 2 2 2
3 2 1 2 2
4 2 2 1 2 2
3 8 10
1 1 1
2 2 1 1 2 1 2 1
2 1 2 2
2 2 1 2
2 1 2 2
5 2 2 2 1 1 2
5 1 2 1 1 1 2
2 2 2 2
2 1 2 2
2 1 1 2
2 1 1 2
5 2 2 1 2 1 2
10 10 10
1 1 1 2 2 2 1 2 1 1
1 1 1 2 1 1 1 2 1 2
5 1 2 1 1 2 1
5 2 2 2 1 1 1
5 1 2 1 2 1 1
5 2 1 2 2 1 1
2 1 2 1
5 2 2 1 1 2 1
5 2 1 2 2 2 1
5 2 1 1 2 1 1
2 1 1 1
3 1 2 1 1
2 5 10
1 2
2 2 2 1 2
2 2 2 2
3 1 2 1 2
2 2 2 2
2 2 1 2
2 2 2 2
2 1 1 2
3 1 1 1 2
3 1 2 1 2
3 1 1 2 2
5 1 2 2 2 1 2
2 5 10
1 1
2 2 2 1 1
3 2 1 1 2
3 1 1 2 2
3 1 1 1 2
3 2 2 2 2
4 2 1 1 2 2
3 1 1 2 2
4 2 2 2 1 2
4 2 1 2 2 2
4 1 2 2 1 2
2 2 2 2
18 14 60
2 1 2 3 2 2 1 1 3 3 2 1 3 3 1 1 3 1
2 2 1 2 1 2 2 3 1 3 1 1 1 3
2 3 3 3
2 3 2 3
2 3 3 3
2 2 2 2
2 3 3 2
2 2 3 3
2 2 2 3
2 2 3 2
2 2 3 3
2 3 2 3
2 3 3 3
2 3 2 2
2 3 2 2
2 2 3 2
2 2 2 3
2 3 2 3
2 2 2 2
2 2 2 2
2 2 3 2
2 3 2 2
2 2 3 3
2 2 2 2
2 2 3 2
2 3 2 2
2 2 2 3
2 2 2 2
2 2 3 3
2 3 3 2
2 2 2 3
2 2 3 2
2 2 3 3
2 2 3 3
2 2 3 3
2 3 3 3
2 2 3 2
2 2 3 2
2 3 2 2
2 3 2 3
2 3 2 3
2 2 2 2
2 2 3 3
2 3 2 2
2 2 3 2
2 2 2 2
2 3 2 3
2 2 2 2
2 2 3 2
2 2 2 2
2 2 3 3
2 3 3 2
2 2 3 3
2 2 3 3
2 3 3 3
2 3 2 3
2 3 3 2
2 2 3 2
2 3 3 3
2 3 2 3
2 2 2 3
2 3 2 2
23 1 60
1 3 2 1 3 1 1 2 2 3 2 2 1 2 1 2 2 1 3 3 3 1 2
1
2 2 1 1
2 2 2 1
2 1 2 2
2 1 2 1
2 1 1 2
2 2 2 1
2 2 2 1
2 1 1 2
2 2 2 1
2 2 2 1
2 2 2 1
2 1 2 2
2 1 2 1
2 1 2 2
2 2 2 1
2 1 2 1
2 2 1 2
2 1 2 1
2 1 1 1
2 2 2 2
2 2 2 2
2 1 2 1
2 1 1 1
2 2 2 2
2 2 2 1
2 1 1 2
2 2 2 2
2 2 1 1
2 2 2 1
2 2 1 1
2 2 2 1
2 1 1 2
2 2 2 2
2 2 2 2
2 2 1 1
2 2 1 2
2 1 2 1
2 1 1 2
2 1 2 1
2 1 2 1
2 1 1 2
2 2 2 1
2 1 2 2
2 2 1 2
2 1 1 1
2 1 1 2
2 1 2 1
2 2 2 1
2 1 2 1
2 1 1 1
2 2 2 1
2 2 1 2
2 1 2 2
2 2 1 2
2 2 2 2
2 1 2 1
2 1 1 1
2 1 2 1
2 2 1 1
2 2 1 1
5 8 60
2 1 1 1 1
3 1 3 3 3 1 3 2
2 2 3 3
2 3 2 3
2 3 2 3
2 3 2 2
2 3 2 2
2 3 2 2
2 2 3 2
2 3 2 3
2 3 3 3
2 3 3 3
2 3 2 3
2 2 3 3
2 3 3 2
2 2 3 3
2 2 2 2
2 3 2 3
2 3 2 3
2 2 3 2
2 2 2 3
2 3 2 2
2 2 3 3
2 3 2 2
2 2 2 3
2 3 2 3
2 2 2 2
2 3 3 3
2 2 2 2
2 2 2 2
2 2 2 3
2 2 3 3
2 3 2 2
2 2 2 2
2 3 3 3
2 2 3 2
2 2 2 2
2 2 2 3
2 3 3 3
2 3 2 3
2 3 2 2
2 3 2 2
2 2 2 2
2 3 3 3
2 3 2 3
2 2 2 2
2 3 3 3
2 3 2 3
2 3 3 2
2 3 3 3
2 3 3 3
2 3 3 3
2 3 2 3
2 3 2 2
2 2 3 3
2 2 2 3
2 2 2 3
2 2 3 2
2 3 3 3
2 2 3 2
2 2 2 2
2 3 3 3
8 4 60
1 2 2 2 2 2 2 2
1 2 1 1
2 2 2 1
2 1 1 1
2 1 1 1
2 1 1 1
2 1 2 1
2 2 1 1
2 1 1 1
2 2 2 1
2 2 2 1
2 2 2 1
2 2 2 1
2 2 2 1
2 2 1 1
2 2 1 1
2 2 2 1
2 1 2 1
2 2 1 1
2 2 2 1
2 2 1 1
2 1 2 1
2 1 1 1
2 1 2 1
2 1 1 1
2 2 1 1
2 1 2 1
2 1 1 1
2 2 2 1
2 2 2 1
2 2 2 1
2 1 2 1
2 2 1 1
2 2 2 1
2 2 1 1
2 1 2 1
2 1 2 1
2 1 2 1
2 2 1 1
2 2 2 1
2 1 2 1
2 1 2 1
2 2 1 1
2 1 1 1
2 1 2 1
2 2 2 1
2 2 2 1
2 2 1 1
2 1 1 1
2 1 1 1
2 1 2 1
2 2 2 1
2 2 2 1
2 2 2 1
2 1 1 1
2 1 1 1
2 1 1 1
2 2 1 1
2 2 1 1
2 1 2 1
2 2 1 1
2 2 1 1
23 13 60
2 2 1 1 2 2 1 1 2 1 1 2 2 2 2 2 2 1 1 1 2 2 1
2 1 2 1 2 2 1 2 2 1 1 1 2
2 2 1 1
2 1 1 1
2 2 1 1
2 2 2 1
2 2 2 1
2 1 1 1
2 2 1 1
2 2 2 1
2 1 1 1
2 1 2 1
2 1 1 1
2 1 2 1
2 1 2 1
2 1 1 1
2 2 2 1
2 2 1 1
2 2 2 1
2 2 1 1
2 2 2 1
2 2 1 1
2 2 2 1
2 2 2 1
2 2 2 1
2 1 1 1
2 2 1 1
2 2 2 1
2 1 1 1
2 2 2 1
2 2 2 1
2 1 1 1
2 2 1 1
2 1 2 1
2 2 1 1
2 2 2 1
2 1 1 1
2 2 2 1
2 2 1 1
2 1 1 1
2 1 2 1
2 1 2 1
2 2 2 1
2 1 1 1
2 1 1 1
2 2 1 1
2 1 2 1
2 1 1 1
2 2 2 1
2 1 2 1
2 1 2 1
2 1 2 1
2 1 2 1
2 2 2 1
2 1 1 1
2 2 1 1
2 1 1 1
2 1 1 1
2 1 2 1
2 2 1 1
2 1 2 1
2 2 1 1
5 17 60
1 1 1 2 1
2 1 2 2 1 2 2 2 2 1 1 1 1 1 2 2 2
2 2 2 1
2 1 2 1
2 1 2 1
2 2 1 1
2 1 1 1
2 1 1 1
2 1 1 1
2 2 1 1
2 2 1 1
2 2 2 1
2 1 2 1
2 1 2 1
2 1 1 1
2 2 1 1
2 2 2 1
2 1 2 1
2 1 1 1
2 2 1 1
2 2 2 1
2 1 2 1
2 2 2 1
2 2 1 1
2 1 1 1
2 1 1 1
2 2 1 1
2 1 2 1
2 2 2 1
2 2 2 1
2 1 2 1
2 1 1 1
2 2 1 1
2 2 1 1
2 2 1 1
2 1 1 1
2 2 1 1
2 1 2 1
2 2 2 1
2 2 1 1
2 1 1 1
2 2 2 1
2 2 2 1
2 2 1 1
2 2 2 1
2 1 1 1
2 1 2 1
2 1 2 1
2 2 2 1
2 2 1 1
2 2 1 1
2 1 1 1
2 1 2 1
2 2 1 1
2 1 2 1
2 1 2 1
2 1 1 1
2 2 2 1
2 1 1 1
2 2 2 1
2 1 1 1
2 2 2 1
23 24 60
2 1 1 1 2 1 2 2 2 2 1 2 2 2 1 1 1 1 2 2 2 2 2
1 2 1 1 1 2 1 2 2 1 1 1 1 1 2 1 1 1 1 1 2 1 1 1
2 2 1 1
2 1 1 1
2 1 1 1
2 2 2 1
2 2 2 1
2 1 2 1
2 2 1 1
2 2 2 1
2 1 1 1
2 2 2 1
2 1 1 1
2 1 1 1
2 2 1 1
2 2 1 1
2 2 1 1
2 2 1 1
2 2 2 1
2 2 1 1
2 1 1 1
2 2 1 1
2 2 2 1
2 1 2 1
2 1 1 1
2 2 2 1
2 1 1 1
2 1 1 1
2 2 1 1
2 1 1 1
2 1 2 1
2 2 2 1
2 2 2 1
2 1 1 1
2 2 2 1
2 2 2 1
2 1 1 1
2 2 1 1
2 2 1 1
2 2 1 1
2 1 1 1
2 2 1 1
2 2 1 1
2 2 2 1
2 2 2 1
2 1 2 1
2 2 2 1
2 2 1 1
2 2 1 1
2 1 1 1
2 2 2 1
2 2 1 1
2 1 1 1
2 1 2 1
2 2 1 1
2 2 1 1
2 1 1 1
2 2 1 1
2 1 1 1
2 1 1 1
2 1 2 1
2 1 2 1
3 11 60
1 2 2
2 1 1 2 2 1 2 1 1 2 2
2 1 2 2
2 2 1 2
2 1 1 2
2 2 2 2
2 2 1 2
2 2 2 2
2 1 2 2
2 1 2 2
2 2 1 2
2 1 2 2
2 2 1 2
2 1 2 2
2 2 2 2
2 1 2 2
2 1 2 2
2 2 2 2
2 1 2 2
2 2 2 2
2 1 1 2
2 1 2 2
2 1 1 2
2 1 1 2
2 1 1 2
2 1 2 2
2 2 1 2
2 1 1 2
2 1 2 2
2 2 2 2
2 2 1 2
2 1 2 2
2 2 1 2
2 1 2 2
2 2 1 2
2 1 2 2
2 2 2 2
2 1 2 2
2 1 2 2
2 1 2 2
2 1 1 2
2 2 2 2
2 1 2 2
2 2 2 2
2 2 2 2
2 1 1 2
2 2 2 2
2 2 2 2
2 2 1 2
2 2 2 2
2 2 2 2
2 1 2 2
2 1 1 2
2 1 1 2
2 1 1 2
2 1 2 2
2 2 1 2
2 1 1 2
2 2 2 2
2 2 2 2
2 2 2 2
2 2 1 2
13 5 60
1 1 2 1 1 2 2 1 2 2 1 1 1
2 1 1 1 1
2 2 1 1
2 2 1 1
2 1 1 1
2 2 2 1
2 1 1 1
2 1 2 1
2 2 1 1
2 2 1 1
2 2 2 1
2 2 2 1
2 1 1 1
2 1 1 1
2 1 2 1
2 1 1 1
2 1 2 1
2 1 1 1
2 2 2 1
2 2 1 1
2 1 1 1
2 1 2 1
2 2 2 1
2 1 2 1
2 1 1 1
2 1 1 1
2 2 2 1
2 1 2 1
2 1 2 1
2 1 1 1
2 1 1 1
2 2 1 1
2 2 1 1
2 1 1 1
2 1 1 1
2 1 1 1
2 2 2 1
2 2 1 1
2 1 1 1
2 1 1 1
2 1 1 1
2 1 1 1
2 1 2 1
2 1 1 1
2 1 1 1
2 1 2 1
2 1 1 1
2 2 1 1
2 1 1 1
2 1 1 1
2 2 2 1
2 1 2 1
2 2 1 1
2 1 2 1
2 2 1 1
2 2 1 1
2 1 2 1
2 1 1 1
2 1 1 1
2 1 2 1
2 1 1 1
2 1 1 1
9 19 60
2 1 1 1 1 2 2 1 1
1 1 1 2 1 2 1 1 2 2 2 2 1 1 1 2 1 2 2
2 1 2 2
2 2 2 2
2 2 2 2
2 1 1 2
2 2 2 2
2 2 2 2
2 1 2 2
2 1 1 2
2 2 2 2
2 1 2 2
2 1 1 2
2 2 2 2
2 1 2 2
2 2 2 2
2 2 2 2
2 1 2 2
2 1 1 2
2 1 1 2
2 1 2 2
2 2 1 2
2 2 2 2
2 2 1 2
2 1 2 2
2 1 2 2
2 2 2 2
2 1 1 2
2 1 2 2
2 2 1 2
2 1 1 2
2 1 2 2
2 2 2 2
2 1 1 2
2 1 1 2
2 2 1 2
2 1 1 2
2 2 2 2
2 1 1 2
2 2 1 2
2 1 2 2
2 2 1 2
2 1 1 2
2 1 2 2
2 2 1 2
2 2 1 2
2 1 1 2
2 1 1 2
2 2 1 2
2 2 2 2
2 1 1 2
2 2 1 2
2 2 2 2
2 1 1 2
2 2 1 2
2 2 2 2
2 2 2 2
2 2 1 2
2 1 1 2
2 2 2 2
2 1 2 2
2 1 2 2
24 11 60
2 2 2 1 2 2 1 1 2 2 2 2 1 1 2 2 1 2 2 2 1 1 2 2
1 1 1 2 2 2 1 1 1 2 1
2 1 1 1
2 2 1 1
2 1 2 1
2 1 2 1
2 1 1 1
2 1 2 1
2 1 1 1
2 2 2 1
2 2 2 1
2 2 2 1
2 1 2 1
2 1 2 1
2 1 2 1
2 2 1 1
2 2 2 1
2 1 1 1
2 1 2 1
2 2 2 1
2 1 1 1
2 1 2 1
2 2 2 1
2 2 2 1
2 2 1 1
2 1 2 1
2 1 2 1
2 2 1 1
2 2 1 1
2 2 1 1
2 2 1 1
2 1 1 1
2 2 2 1
2 1 1 1
2 2 1 1
2 2 1 1
2 1 2 1
2 1 2 1
2 2 2 1
2 1 1 1
2 1 1 1
2 1 2 1
2 2 2 1
2 2 1 1
2 2 1 1
2 1 1 1
2 1 2 1
2 1 2 1
2 1 2 1
2 1 1 1
2 2 1 1
2 2 1 1
2 1 1 1
2 2 1 1
2 1 1 1
2 1 1 1
2 2 1 1
2 2 2 1
2 2 1 1
2 2 1 1
2 2 2 1
2 2 2 1
24 23 60
1 1 1 2 2 2 1 1 2 1 1 1 1 2 2 1 2 2 2 1 2 1 2 1
1 2 1 1 1 1 1 2 2 1 2 2 2 1 1 1 2 2 1 1 1 1 1
2 1 2 1
2 1 1 1
2 2 1 1
2 1 2 1
2 2 2 1
2 2 2 1
2 2 1 1
2 1 1 1
2 2 2 1
2 1 2 1
2 1 1 1
2 2 2 1
2 1 2 1
2 1 1 1
2 2 1 1
2 1 1 1
2 2 2 1
2 1 2 1
2 1 2 1
2 2 1 1
2 2 2 1
2 1 1 1
2 2 1 1
2 2 1 1
2 2 1 1
2 2 1 1
2 2 2 1
2 1 2 1
2 2 1 1
2 1 1 1
2 2 2 1
2 1 1 1
2 1 1 1
2 2 2 1
2 2 1 1
2 1 2 1
2 1 1 1
2 1 1 1
2 2 2 1
2 1 1 1
2 2 2 1
2 1 2 1
2 2 1 1
2 1 1 1
2 2 1 1
2 1 1 1
2 1 2 1
2 1 2 1
2 1 2 1
2 1 2 1
2 1 2 1
2 2 2 1
2 1 1 1
2 2 2 1
2 1 2 1
2 2 2 1
2 2 2 1
2 2 1 1
2 1 2 1
2 1 2 1
1 21 60
2
2 2 1 2 2 1 1 2 2 1 1 1 1 1 1 1 1 1 2 1 2
2 1 1 2
2 2 1 2
2 2 1 2
2 2 2 2
2 2 2 2
2 1 1 2
2 2 1 2
2 1 2 2
2 2 2 2
2 1 2 2
2 1 2 2
2 1 1 2
2 1 1 2
2 2 2 2
2 1 1 2
2 2 2 2
2 2 1 2
2 1 2 2
2 2 2 2
2 1 2 2
2 2 1 2
2 1 1 2
2 2 2 2
2 2 1 2
2 2 1 2
2 1 2 2
2 2 1 2
2 2 1 2
2 2 2 2
2 1 2 2
2 2 1 2
2 2 1 2
2 2 2 2
2 1 2 2
2 1 1 2
2 1 2 2
2 2 2 2
2 2 1 2
2 2 2 2
2 1 1 2
2 1 2 2
2 2 1 2
2 2 2 2
2 2 1 2
2 2 1 2
2 1 1 2
2 1 1 2
2 1 2 2
2 1 2 2
2 1 2 2
2 1 1 2
2 2 2 2
2 2 1 2
2 1 2 2
2 2 1 2
2 2 2 2
2 1 1 2
2 1 2 2
2 2 1 2
2 2 1 2
8 24 60
2 2 1 2 2 2 2 2
1 2 2 1 1 1 1 1 2 2 2 2 1 2 2 1 1 2 2 1 2 2 1 1
2 2 1 1
2 1 2 1
2 2 2 1
2 2 2 1
2 1 2 1
2 2 1 1
2 1 1 1
2 2 2 1
2 1 1 1
2 2 2 1
2 2 1 1
2 2 1 1
2 1 1 1
2 1 2 1
2 1 2 1
2 1 1 1
2 2 1 1
2 1 2 1
2 2 2 1
2 2 2 1
2 2 2 1
2 2 2 1
2 2 2 1
2 2 2 1
2 2 2 1
2 1 2 1
2 1 1 1
2 2 1 1
2 2 2 1
2 2 2 1
2 2 2 1
2 1 1 1
2 2 1 1
2 2 1 1
2 2 2 1
2 1 1 1
2 2 2 1
2 2 2 1
2 2 2 1
2 2 2 1
2 2 2 1
2 2 1 1
2 2 2 1
2 2 2 1
2 2 1 1
2 1 1 1
2 2 1 1
2 1 2 1
2 2 1 1
2 2 2 1
2 2 1 1
2 1 2 1
2 2 2 1
2 2 1 1
2 2 1 1
2 2 2 1
2 2 2 1
2 2 1 1
2 1 1 1
2 1 2 1
2 5 60
1 1
1 2 2 2 1
2 2 2 1
2 2 1 1
2 2 2 1
2 2 2 1
2 1 1 1
2 1 1 1
2 1 2 1
2 1 1 1
2 2 2 1
2 2 1 1
2 1 2 1
2 2 2 1
2 1 1 1
2 2 2 1
2 2 2 1
2 1 2 1
2 2 2 1
2 1 2 1
2 2 1 1
2 1 2 1
2 2 2 1
2 2 1 1
2 2 1 1
2 2 1 1
2 2 1 1
2 2 1 1
2 1 2 1
2 1 2 1
2 2 1 1
2 1 1 1
2 1 1 1
2 1 2 1
2 1 2 1
2 2 1 1
2 2 1 1
2 1 2 1
2 2 1 1
2 1 2 1
2 1 2 1
2 2 1 1
2 1 2 1
2 2 1 1
2 1 1 1
2 1 2 1
2 1 2 1
2 1 1 1
2 1 2 1
2 1 2 1
2 2 1 1
2 1 1 1
2 1 1 1
2 1 1 1
2 2 1 1
2 2 2 1
2 1 2 1
2 1 2 1
2 2 2 1
2 1 2 1
2 1 1 1
2 1 2 1
23 22 60
1 2 1 2 2 1 1 1 2 1 2 2 1 2 1 2 1 1 2 1 1 2 2
1 2 2 2 2 1 2 1 2 2 1 2 1 2 1 1 1 1 2 2 1 2
2 1 1 1
2 2 1 1
2 1 1 1
2 1 1 1
2 1 2 1
2 1 1 1
2 1 1 1
2 1 1 1
2 1 2 1
2 2 1 1
2 1 2 1
2 2 1 1
2 2 1 1
2 2 2 1
2 1 1 1
2 2 2 1
2 1 2 1
2 1 2 1
2 2 1 1
2 1 2 1
2 2 1 1
2 2 2 1
2 2 1 1
2 1 1 1
2 1 1 1
2 2 1 1
2 2 1 1
2 2 2 1
2 2 2 1
2 1 1 1
2 1 1 1
2 2 2 1
2 1 2 1
2 2 1 1
2 2 1 1
2 2 2 1
2 1 1 1
2 1 1 1
2 2 1 1
2 2 2 1
2 1 1 1
2 1 2 1
2 1 2 1
2 2 1 1
2 2 1 1
2 2 2 1
2 2 1 1
2 1 2 1
2 1 2 1
2 1 2 1
2 2 1 1
2 1 2 1
2 2 1 1
2 1 1 1
2 2 1 1
2 2 2 1
2 1 1 1
2 1 2 1
2 1 1 1
2 1 1 1
25 21 60
2 2 1 2 2 2 1 1 1 2 2 1 2 1 1 1 2 2 1 1 2 1 1 2 1
2 1 2 2 2 2 1 1 1 2 2 2 2 2 1 2 1 2 1 2 2
2 1 1 2
2 1 2 2
2 2 1 2
2 2 1 2
2 1 1 2
2 2 2 2
2 1 2 2
2 2 2 2
2 2 1 2
2 1 2 2
2 2 2 2
2 2 2 2
2 1 2 2
2 2 2 2
2 1 2 2
2 1 2 2
2 2 1 2
2 1 1 2
2 1 1 2
2 2 1 2
2 2 1 2
2 1 2 2
2 2 1 2
2 2 2 2
2 2 2 2
2 1 2 2
2 2 2 2
2 2 2 2
2 1 1 2
2 2 1 2
2 2 1 2
2 2 2 2
2 1 2 2
2 1 2 2
2 2 1 2
2 1 2 2
2 2 1 2
2 2 2 2
2 2 2 2
2 1 1 2
2 2 1 2
2 2 2 2
2 1 1 2
2 1 2 2
2 2 2 2
2 1 2 2
2 1 2 2
2 2 2 2
2 1 2 2
2 1 1 2
2 2 2 2
2 2 1 2
2 2 1 2
2 1 2 2
2 1 2 2
2 2 2 2
2 2 1 2
2 1 2 2
2 1 1 2
2 2 1 2
13 19 60
1 1 2 1 2 2 1 2 1 2 1 2 2
1 1 1 1 2 1 2 2 1 1 1 2 1 2 1 1 2 2 1
2 2 2 2
2 2 2 2
2 1 1 2
2 2 2 2
2 2 2 2
2 1 2 2
2 1 1 2
2 1 2 2
2 1 1 2
2 2 1 2
2 2 1 2
2 2 1 2
2 1 1 2
2 2 2 2
2 1 1 2
2 2 2 2
2 2 2 2
2 2 2 2
2 1 1 2
2 1 1 2
2 2 2 2
2 2 1 2
2 2 1 2
2 1 2 2
2 1 2 2
2 1 1 2
2 1 1 2
2 1 2 2
2 2 2 2
2 1 2 2
2 2 1 2
2 2 1 2
2 2 2 2
2 1 1 2
2 2 2 2
2 1 1 2
2 2 2 2
2 2 2 2
2 2 2 2
2 1 1 2
2 2 1 2
2 1 2 2
2 1 2 2
2 2 2 2
2 1 2 2
2 1 2 2
2 1 2 2
2 1 2 2
2 1 1 2
2 2 1 2
2 2 1 2
2 2 2 2
2 1 1 2
2 2 2 2
2 1 2 2
2 1 1 2
2 2 1 2
2 2 2 2
2 1 1 2
2 1 2 2
25 19 60
2 2 2 2 2 1 1 2 2 2 1 1 2 2 2 2 1 1 1 2 2 2 1 2 2
2 1 1 2 2 2 2 1 2 2 1 1 2 1 1 1 2 2 2
2 2 2 1
2 2 1 1
2 1 2 1
2 2 2 1
2 1 2 1
2 2 2 1
2 1 1 1
2 2 2 1
2 1 2 1
2 1 1 1
2 2 1 1
2 1 1 1
2 2 1 1
2 2 2 1
2 1 2 1
2 1 2 1
2 2 2 1
2 2 2 1
2 1 2 1
2 1 1 1
2 1 2 1
2 2 2 1
2 2 1 1
2 1 1 1
2 1 1 1
2 2 1 1
2 2 1 1
2 1 2 1
2 1 1 1
2 1 2 1
2 2 1 1
2 2 2 1
2 1 2 1
2 2 2 1
2 2 1 1
2 2 1 1
2 1 2 1
2 1 2 1
2 2 1 1
2 1 1 1
2 2 2 1
2 2 2 1
2 2 2 1
2 1 2 1
2 2 2 1
2 1 2 1
2 1 2 1
2 1 2 1
2 2 2 1
2 1 2 1
2 1 1 1
2 2 2 1
2 1 2 1
2 2 2 1
2 2 1 1
2 1 2 1
2 2 2 1
2 1 1 1
2 1 2 1
2 2 2 1
23 21 60
2 2 1 2 2 2 1 1 1 1 1 1 2 2 1 2 2 1 1 1 1 2 2
1 1 2 1 1 2 2 1 2 2 2 2 1 2 2 1 1 1 1 1 1
2 1 1 1
2 1 1 1
2 1 1 1
2 1 2 1
2 1 2 1
2 1 2 1
2 2 2 1
2 2 2 1
2 2 1 1
2 2 2 1
2 2 1 1
2 1 1 1
2 2 2 1
2 1 2 1
2 1 1 1
2 2 1 1
2 1 1 1
2 2 1 1
2 1 1 1
2 1 1 1
2 2 1 1
2 2 1 1
2 1 2 1
2 1 1 1
2 2 1 1
2 2 1 1
2 1 2 1
2 2 1 1
2 2 2 1
2 2 1 1
2 2 1 1
2 2 2 1
2 1 1 1
2 1 2 1
2 1 2 1
2 1 1 1
2 2 2 1
2 1 2 1
2 1 2 1
2 2 2 1
2 1 1 1
2 1 2 1
2 2 2 1
2 1 2 1
2 1 2 1
2 2 1 1
2 2 1 1
2 1 1 1
2 2 1 1
2 2 1 1
2 1 1 1
2 1 2 1
2 2 2 1
2 1 1 1
2 1 1 1
2 1 1 1
2 2 2 1
2 1 2 1
2 1 2 1
2 1 1 1
7 6 60
2 1 2 2 2 2 2
2 1 1 1 2 2
2 1 1 1
2 2 1 1
2 1 1 1
2 2 2 1
2 1 1 1
2 1 1 1
2 2 1 1
2 2 1 1
2 1 2 1
2 2 2 1
2 2 1 1
2 2 2 1
2 1 1 1
2 2 2 1
2 1 2 1
2 1 2 1
2 2 1 1
2 1 2 1
2 1 2 1
2 1 1 1
2 2 2 1
2 2 1 1
2 2 2 1
2 2 2 1
2 1 2 1
2 1 1 1
2 2 1 1
2 1 2 1
2 2 2 1
2 1 1 1
2 2 1 1
2 2 1 1
2 1 1 1
2 2 1 1
2 1 2 1
2 2 2 1
2 1 2 1
2 2 1 1
2 1 2 1
2 2 2 1
2 2 2 1
2 1 2 1
2 1 1 1
2 1 1 1
2 1 2 1
2 2 1 1
2 2 2 1
2 2 1 1
2 1 2 1
2 1 2 1
2 1 2 1
2 1 2 1
2 1 2 1
2 2 1 1
2 1 2 1
2 1 2 1
2 1 2 1
2 2 2 1
2 1 1 1
2 2 1 1
13 7 60
2 2 2 1 2 1 2 1 2 1 2 1 2
2 2 2 2 2 1 1
2 1 2 1
2 1 1 1
2 1 1 1
2 1 1 1
2 2 2 1
2 2 1 1
2 1 1 1
2 2 2 1
2 1 2 1
2 2 1 1
2 1 1 1
2 2 2 1
2 2 2 1
2 2 1 1
2 2 2 1
2 2 2 1
2 2 1 1
2 1 2 1
2 2 2 1
2 2 1 1
2 1 2 1
2 1 1 1
2 2 1 1
2 2 1 1
2 2 1 1
2 1 2 1
2 2 1 1
2 2 1 1
2 2 1 1
2 2 2 1
2 2 1 1
2 2 1 1
2 2 1 1
2 2 2 1
2 1 2 1
2 2 1 1
2 1 2 1
2 1 1 1
2 1 1 1
2 2 1 1
2 1 1 1
2 2 2 1
2 1 1 1
2 1 2 1
2 1 2 1
2 2 2 1
2 2 2 1
2 1 2 1
2 1 1 1
2 2 2 1
2 1 2 1
2 2 1 1
2 2 2 1
2 1 2 1
2 1 1 1
2 1 1 1
2 1 1 1
2 2 2 1
2 1 1 1
2 2 2 1
9 22 60
1 1 1 2 1 1 1 1 2
1 1 1 1 1 1 1 2 2 1 1 1 1 1 2 1 1 1 1 2 1 2
2 1 2 1
2 2 2 1
2 1 1 1
2 2 2 1
2 1 1 1
2 1 1 1
2 2 1 1
2 1 2 1
2 1 1 1
2 2 1 1
2 1 2 1
2 1 1 1
2 2 2 1
2 1 1 1
2 1 1 1
2 2 1 1
2 1 1 1
2 1 2 1
2 1 2 1
2 2 2 1
2 2 1 1
2 2 2 1
2 2 2 1
2 2 1 1
2 2 2 1
2 1 2 1
2 1 2 1
2 1 2 1
2 1 2 1
2 1 2 1
2 1 1 1
2 2 2 1
2 1 2 1
2 2 2 1
2 2 1 1
2 2 2 1
2 1 1 1
2 2 1 1
2 2 1 1
2 1 1 1
2 2 2 1
2 1 1 1
2 2 1 1
2 2 2 1
2 1 2 1
2 1 2 1
2 2 1 1
2 2 1 1
2 2 2 1
2 1 2 1
2 1 2 1
2 1 2 1
2 2 1 1
2 1 2 1
2 2 2 1
2 2 2 1
2 2 1 1
2 1 2 1
2 1 2 1
2 1 2 1
0 0 0
