91
0 1
1 1
2 1
3 2
4 2
5 2
6 1
7 0
8 1
9 0
10 3
11 0
12 1
13 0
14 0
15 3
16 2
15 1
18 0
19 0
20 3
21 2
21 0
23 1
24 1
25 2
25 0
27 3
28 0
29 3
30 2
30 3
29 1
33 1
18 2
9 2
7 2
37 3
38 2
39 1
40 2
41 2
42 3
43 0
44 3
45 0
45 2
47 2
48 2
49 2
50 1
51 0
52 0
50 3
54 3
55 0
56 0
57 3
58 0
59 0
60 0
55 2
62 2
63 1
64 1
65 2
66 2
67 3
68 2
69 1
68 0
65 0
72 3
0 3
74 3
75 3
76 0
77 0
78 0
79 3
80 0
81 0
82 0
83 0
84 3
85 3
84 1
75 2
88 2
89 2
119
0 0
0 3
0 2
3 3
3 2
2 0
6 0
1 0
5 3
5 2
8 0
7 0
12 0
10 3
10 2
15 3
15 2
13 1
13 0
18 0
16 2
20 0
19 0
23 0
21 2
22 0
24 0
26 0
27 3
17 2
17 1
28 1
25 2
31 1
32 1
34 1
33 2
33 1
37 2
37 1
39 2
39 1
41 1
41 2
44 1
44 2
29 3
36 1
48 1
48 2
46 2
46 1
51 1
51 2
49 2
49 0
56 1
54 2
54 1
59 2
60 1
58 3
61 1
62 3
57 0
63 1
65 1
65 0
66 1
67 0
70 1
70 0
72 0
72 1
69 1
75 1
75 0
77 1
35 1
55 1
55 2
81 1
78 1
78 0
82 1
82 2
79 1
74 0
73 0
88 0
85 2
89 0
91 2
86 2
90 0
93 2
94 2
83 0
92 0
97 2
98 0
101 0
101 3
95 0
99 0
104 0
105 0
107 3
107 1
107 0
102 1
96 1
87 1
108 0
113 1
113 2
116 1
110 0
77
0 2
0 0
0 3
2 0
2 3
5 3
5 0
3 3
3 2
9 3
9 2
1 2
11 3
11 2
4 0
14 3
14 2
14 1
15 3
15 0
20 0
20 3
18 2
17 3
17 2
22 0
25 1
25 2
27 2
29 2
30 3
30 2
21 1
21 0
33 0
34 0
31 2
32 2
35 0
39 0
40 0
40 1
41 1
43 1
43 0
38 1
38 2
46 2
44 0
48 2
49 1
51 1
52 1
50 2
53 2
54 1
55 2
56 2
58 1
59 1
57 1
60 1
61 2
63 1
64 2
62 1
65 2
66 1
66 0
68 1
68 0
71 0
71 1
72 0
72 1
75 0
113
0 3
1 3
2 0
3 1
4 0
5 0
6 0
7 3
8 2
9 2
8 0
11 1
12 0
13 0
14 3
15 0
16 0
17 1
18 2
18 0
20 3
21 0
22 1
23 0
24 0
25 3
26 0
27 0
28 0
29 1
30 2
31 2
30 0
33 0
34 0
35 0
36 3
37 0
38 1
39 0
40 3
41 0
42 3
43 3
42 1
45 1
46 1
47 1
48 1
49 1
50 2
51 2
52 2
53 1
54 0
54 2
56 2
57 2
58 2
59 1
60 0
61 1
62 2
63 2
64 2
65 2
66 2
67 2
68 3
69 0
70 0
71 0
72 0
69 2
74 1
75 2
76 3
77 2
78 1
79 2
80 3
81 3
82 2
83 2
84 2
85 2
86 1
87 0
88 0
89 0
90 1
86 3
92 2
93 1
94 2
95 3
96 3
97 2
98 3
99 3
98 1
61 0
102 0
103 0
51 3
37 2
106 2
107 2
26 2
15 2
2 3
111 3
87
0 3
0 1
1 3
3 3
3 2
3 0
2 1
7 1
7 2
9 1
6 0
6 3
11 0
11 3
13 0
13 3
10 2
15 0
15 3
8 0
20 0
19 0
4 2
23 2
22 0
18 0
24 2
24 1
28 2
27 2
29 2
25 0
26 0
31 2
34 3
34 2
33 0
32 0
35 2
37 0
39 2
41 2
41 1
42 2
42 1
44 2
44 1
47 2
38 0
49 0
48 1
40 0
46 3
51 1
54 1
50 0
56 0
56 1
53 3
55 1
58 0
61 0
60 1
57 0
64 3
62 1
63 1
67 1
65 3
66 1
70 1
68 1
68 0
71 1
72 0
75 0
76 0
74 1
78 1
79 1
80 2
80 1
81 1
83 2
84 2
85 2
75
0 0
1 0
2 0
1 3
4 2
5 3
6 3
7 3
8 3
9 3
10 3
11 3
12 0
13 0
14 0
15 0
16 0
17 0
18 3
19 0
20 0
21 1
22 2
22 0
24 3
25 0
26 0
27 1
28 0
29 0
30 0
31 0
32 3
33 2
34 2
35 2
33 0
37 0
38 0
39 1
40 0
41 0
42 0
43 0
44 0
45 3
46 3
47 3
46 2
49 2
50 2
51 2
45 1
40 2
54 2
28 2
56 1
57 1
58 1
59 1
60 2
61 1
62 2
62 0
64 0
65 0
19 2
67 2
68 2
69 2
70 2
71 2
72 3
73 3
101
0 0
1 0
2 0
3 0
4 3
5 3
6 2
7 2
8 2
9 1
10 0
11 0
10 2
13 3
14 3
15 3
6 0
17 1
18 0
19 0
20 3
21 2
21 0
23 1
24 0
25 3
26 0
27 3
28 0
29 1
29 0
31 3
32 3
33 3
34 3
35 2
36 3
37 2
38 2
39 3
40 2
41 2
42 3
43 2
44 2
45 2
46 2
47 3
48 2
49 2
50 2
51 2
52 1
53 2
54 3
54 2
56 1
57 0
58 0
59 0
60 0
61 3
62 2
62 0
64 1
65 0
66 0
67 0
68 0
57 2
70 3
71 2
72 2
73 1
74 2
75 1
76 2
77 3
77 2
79 2
80 1
81 2
82 1
83 1
84 1
85 1
86 1
87 1
88 0
89 3
90 3
90 0
92 0
93 1
94 2
74 0
42 1
97 0
38 1
36 1
135
0 0
1 0
2 0
3 0
4 0
5 1
5 3
7 3
8 3
7 2
10 2
11 2
12 2
13 2
14 2
15 2
16 2
17 2
18 1
19 2
20 2
21 3
22 2
23 2
24 2
25 2
26 2
27 2
28 2
29 2
30 2
31 2
32 2
33 2
34 1
35 0
36 0
37 0
38 0
39 0
40 0
41 0
42 0
43 0
44 0
45 1
46 1
47 1
48 1
49 1
50 1
51 2
52 2
53 1
54 2
55 2
56 1
57 0
58 0
59 0
60 3
61 0
62 1
63 0
64 3
65 0
66 3
67 2
67 0
69 1
70 0
71 3
72 0
73 1
74 1
75 2
76 2
77 2
75 0
79 0
80 3
81 3
82 0
83 1
84 1
85 0
86 0
87 0
88 0
89 3
90 2
91 3
92 2
93 2
94 1
95 0
92 0
97 0
98 1
99 1
100 1
98 3
82 2
103 1
57 2
105 3
106 3
107 2
108 2
109 2
110 2
111 2
112 3
112 1
114 1
115 1
115 0
117 0
118 0
119 0
120 3
121 2
122 2
123 2
107 0
125 0
45 0
35 1
34 3
129 3
22 0
19 0
132 0
133 0
54
0 0
1 0
2 0
3 3
4 0
5 1
6 0
7 3
8 0
9 0
10 1
11 0
12 0
13 0
14 0
15 3
16 0
17 1
18 0
19 0
20 0
21 0
22 0
23 1
23 3
25 3
26 3
25 2
28 2
29 2
30 2
16 2
32 2
33 2
11 2
4 2
36 2
37 2
38 2
39 2
40 2
41 2
42 2
43 2
44 1
45 1
45 0
47 0
48 0
49 0
50 0
44 3
52 3
84
0 2
0 0
0 3
3 2
3 0
3 3
1 2
4 3
4 2
5 0
10 1
11 0
12 1
13 1
14 1
15 2
16 1
17 2
18 2
18 1
20 2
21 2
19 2
22 2
22 1
24 2
24 1
24 3
28 2
27 2
29 2
30 2
26 2
31 2
32 2
34 2
34 1
35 2
36 2
36 1
38 2
40 2
41 2
42 2
44 3
44 2
45 2
46 2
46 1
48 2
48 1
48 3
51 2
53 2
52 2
55 2
54 3
54 2
58 3
58 2
60 2
60 3
62 3
62 2
61 2
59 3
65 3
65 2
68 2
68 3
69 3
69 2
71 3
71 2
64 3
73 2
73 0
72 2
78 1
78 3
80 3
77 0
81 3
115
0 0
0 3
0 2
3 3
1 1
1 0
1 3
4 2
4 3
9 0
9 2
6 3
6 1
6 0
14 3
14 1
15 3
16 1
8 2
11 2
11 3
20 2
20 3
19 2
22 3
22 2
26 2
26 3
27 3
27 2
30 3
28 3
31 3
31 2
32 2
33 2
36 3
36 2
38 3
38 2
38 1
37 3
40 3
40 2
39 3
45 2
45 3
44 3
44 2
47 2
47 0
46 2
50 2
53 2
42 0
49 2
54 2
54 1
57 2
57 1
59 2
59 1
56 2
55 0
55 3
61 2
61 1
65 0
64 0
66 2
66 1
69 0
69 3
70 2
70 1
72 0
72 3
75 2
76 0
76 3
80 0
63 1
82 2
79 0
81 0
85 0
83 1
78 2
84 0
86 0
90 0
90 1
87 2
91 1
91 0
88 3
88 2
97 3
97 1
93 1
98 3
101 3
100 2
103 2
95 1
95 3
106 3
104 1
108 2
105 1
109 2
111 3
111 1
113 1
66
0 2
1 2
2 2
3 1
4 0
5 0
6 0
7 0
8 3
9 0
10 1
11 0
12 0
13 0
14 0
15 0
16 1
17 1
18 1
19 1
20 1
21 1
22 1
23 2
24 1
25 2
26 2
27 2
25 0
16 3
30 3
31 3
30 2
33 2
34 2
35 2
4 2
37 2
38 3
39 2
40 2
41 2
42 2
43 2
44 2
45 2
46 1
47 0
48 0
49 0
50 0
51 0
52 0
47 2
54 3
55 2
56 2
57 2
58 1
59 1
59 0
61 0
58 3
63 3
39 0
171
0 1
1 1
2 2
2 1
3 2
5 2
6 2
7 2
8 2
9 2
10 2
11 2
12 2
13 2
14 2
15 2
16 2
17 2
18 2
18 1
20 2
20 1
19 2
21 1
21 2
25 1
25 2
27 1
27 3
27 2
28 2
22 1
22 0
31 2
34 3
34 2
32 2
32 0
29 2
26 1
35 3
35 2
41 2
33 0
42 2
36 2
43 2
38 0
44 0
46 2
45 2
49 1
49 0
53 1
51 3
54 0
54 1
56 1
56 0
55 3
59 0
59 1
62 1
62 0
61 0
63 1
63 0
66 2
68 2
65 0
65 1
71 0
71 1
69 2
74 2
73 0
75 2
60 3
77 2
79 1
76 0
72 0
81 0
70 0
82 0
80 1
80 2
86 2
86 1
86 0
89 2
89 1
89 0
92 2
92 0
85 0
93 0
87 2
90 0
91 2
98 2
98 1
96 0
97 1
97 0
104 0
100 2
100 1
101 1
101 2
99 0
111 0
103 0
112 1
112 0
114 0
114 1
117 0
118 0
115 0
116 0
113 0
121 0
107 2
107 1
124 1
124 3
124 2
119 0
123 0
123 3
128 3
128 2
128 1
110 2
133 2
133 1
133 3
135 2
138 2
131 0
137 2
141 0
136 2
140 2
129 0
146 0
142 2
143 1
143 0
148 1
147 0
152 0
152 3
154 0
150 0
155 0
157 1
157 0
157 3
158 0
159 0
159 3
163 0
164 0
165 3
165 1
161 0
167 1
169 1
107
0 3
1 3
0 1
3 1
4 0
5 0
6 3
7 2
8 3
9 0
10 0
11 1
12 1
13 1
14 0
15 0
16 3
17 3
18 3
19 0
20 0
21 0
22 0
23 0
24 0
25 0
26 0
27 0
28 0
29 0
30 0
31 0
32 0
33 0
34 0
35 0
36 0
37 3
38 3
37 1
19 2
41 1
42 1
17 0
44 1
45 1
46 0
47 3
48 3
48 0
50 0
51 1
52 2
53 1
54 0
55 0
56 0
57 3
58 2
59 3
58 0
61 1
62 0
63 1
64 2
64 0
66 0
67 1
68 1
69 0
70 0
71 0
72 0
73 0
74 3
75 2
76 2
77 3
78 2
79 2
80 1
81 0
75 0
83 1
84 0
85 0
69 2
87 2
88 2
89 2
90 2
91 2
92 2
93 2
94 2
95 2
96 2
97 2
98 2
99 2
100 2
101 3
101 1
67 3
104 2
63 3
102
0 3
1 3
2 3
3 3
4 2
5 3
6 2
7 2
8 3
9 2
10 2
11 2
12 2
13 3
14 0
15 0
14 2
17 1
18 2
19 2
20 2
21 3
22 0
23 0
24 3
25 2
26 2
27 2
28 2
29 2
30 1
31 2
32 1
33 0
34 0
35 0
36 3
37 2
33 2
39 3
40 2
41 2
42 1
43 2
44 2
45 1
46 2
47 2
48 1
49 2
50 1
51 1
52 1
53 1
54 0
55 1
56 0
57 0
58 1
59 0
60 0
61 1
62 0
63 0
64 0
65 0
66 3
67 0
68 1
69 0
70 0
71 3
72 0
73 1
74 0
75 0
76 0
77 0
78 0
79 3
80 3
81 0
82 1
83 0
84 3
85 0
86 0
87 3
80 2
89 2
90 2
91 2
72 2
67 2
94 2
95 2
61 3
97 2
46 0
43 0
10 1
86
0 2
0 0
0 3
3 2
3 0
4 2
1 2
2 0
5 0
6 2
8 1
9 3
10 1
10 2
13 2
12 3
14 2
15 2
18 2
19 2
19 3
20 3
20 2
23 3
23 2
25 2
25 3
26 3
26 2
28 2
30 2
29 2
29 1
33 1
32 2
34 1
35 2
35 3
38 2
37 2
40 3
40 2
42 3
42 2
44 2
44 3
46 2
47 2
36 1
49 2
48 2
48 1
51 2
51 1
53 3
53 1
55 3
56 1
58 1
59 1
60 1
61 1
62 1
62 0
63 0
50 1
65 0
65 1
66 2
66 1
70 2
68 0
72 0
67 0
73 0
71 1
71 2
74 0
75 1
75 0
77 1
77 2
78 0
80 1
80 0
115
0 2
1 2
2 2
3 2
4 1
5 0
6 0
7 0
8 0
9 0
10 0
11 3
12 0
13 0
14 1
15 0
16 0
17 0
18 3
19 0
20 0
21 0
22 0
23 3
24 2
25 3
26 2
27 3
28 2
29 1
30 1
31 0
31 2
28 0
28 3
26 0
36 0
37 3
38 3
39 3
40 3
41 2
42 3
43 2
44 2
45 3
46 2
47 2
48 3
49 2
50 2
51 2
52 2
53 2
54 1
55 0
56 0
57 0
58 0
55 2
60 3
61 3
62 2
63 1
64 2
65 2
66 2
67 1
68 0
69 0
70 0
68 2
72 3
73 2
74 2
75 1
76 2
77 1
78 2
79 2
80 2
81 1
82 2
83 1
84 1
85 1
86 1
87 0
88 1
89 0
90 0
91 1
92 0
93 0
94 1
95 0
96 3
94 3
98 2
79 3
76 0
66 3
102 0
62 0
104 0
47 1
37 1
107 1
108 1
109 2
19 2
111 2
15 2
12 2
127
0 0
0 3
1 3
1 0
4 0
4 3
2 2
2 3
8 2
6 0
10 0
11 0
11 1
12 0
12 1
13 1
9 3
17 3
15 0
5 1
19 0
21 3
22 0
22 3
23 3
25 3
26 0
18 3
28 3
29 3
27 3
31 3
31 0
33 0
33 3
32 3
36 0
36 3
37 3
37 0
30 0
30 3
34 0
34 3
42 3
42 0
43 0
43 3
43 1
38 3
38 2
48 0
51 2
51 3
50 0
46 0
52 0
57 1
55 0
58 1
58 0
59 0
59 1
61 1
61 0
41 0
63 0
45 3
62 0
66 0
65 1
65 0
53 3
53 2
64 1
56 0
72 1
75 0
49 0
73 2
67 0
81 0
82 0
82 3
77 0
77 1
86 0
70 0
74 2
89 3
89 2
84 0
90 2
93 2
92 0
87 0
87 1
95 1
95 0
99 1
99 0
96 1
96 0
96 3
100 0
101 0
106 1
106 0
107 0
103 1
103 0
109 0
108 0
113 0
114 3
114 1
110 1
110 0
115 3
118 1
118 0
111 0
116 1
122 3
121 1
125 1
91
0 1
1 2
2 3
3 3
4 0
5 3
6 3
7 2
8 3
9 2
10 1
11 2
12 3
13 3
14 2
15 3
16 2
17 2
18 2
19 2
20 2
21 1
22 2
23 2
24 1
25 2
26 1
27 1
28 1
29 1
30 0
31 1
32 1
33 2
33 0
35 0
36 3
37 2
17 1
15 1
14 0
12 1
42 0
43 1
44 1
43 0
5 0
47 1
48 1
49 1
50 2
50 0
52 1
53 0
54 0
55 0
56 0
57 0
58 3
59 2
60 2
61 2
62 2
63 3
64 0
64 2
66 3
59 0
68 3
69 0
70 1
70 0
72 3
73 0
74 3
75 3
76 3
77 3
78 3
79 3
80 3
81 2
82 1
83 2
84 2
85 3
86 0
86 2
88 1
83 1
92
0 2
0 1
0 0
0 3
3 1
3 0
3 3
7 0
1 3
1 1
9 3
5 0
6 0
8 0
12 0
14 0
11 3
17 3
18 3
10 1
13 0
16 0
21 0
21 1
20 1
25 1
23 1
23 0
27 0
28 3
28 0
31 1
31 0
31 3
33 1
33 0
33 3
35 0
36 0
36 3
40 0
38 0
39 0
43 0
43 3
43 1
26 1
45 0
44 0
44 1
48 0
51 0
49 1
49 0
52 0
47 0
54 0
54 1
56 0
57 1
57 0
61 3
61 1
61 0
64 0
64 3
64 1
59 0
67 0
19 0
19 3
71 0
66 0
69 0
72 0
73 0
76 1
76 0
77 0
79 1
79 0
81 0
81 3
81 1
82 3
82 1
85 3
75 1
75 0
86 1
88 0
88
0 2
0 1
0 0
3 1
3 0
5 1
5 0
6 0
7 0
8 0
2 2
11 2
10 0
1 2
9 0
14 2
15 0
16 2
16 1
19 2
18 2
17 1
17 0
20 2
24 2
25 3
25 2
26 2
27 2
23 0
23 1
30 1
30 0
33 1
33 0
34 1
34 0
37 0
37 1
38 0
38 1
41 1
41 0
28 2
43 1
43 0
44 2
45 1
45 0
47 1
47 2
50 2
52 1
49 1
51 3
55 3
54 1
57 2
57 1
59 2
60 1
61 2
62 1
63 2
64 1
65 2
66 2
67 2
68 2
69 2
70 2
71 2
72 2
73 2
74 2
75 2
76 2
77 2
78 2
79 2
80 2
81 2
82 2
83 2
84 2
85 1
85 3
82
0 3
1 0
2 1
3 1
4 0
5 0
6 0
7 3
8 0
9 0
8 2
11 2
4 2
13 2
14 3
15 3
16 2
17 2
18 1
19 2
20 2
21 3
22 0
22 3
24 2
25 1
26 2
27 3
28 2
29 3
30 2
31 2
32 2
33 2
34 2
35 2
36 3
37 2
38 1
39 1
40 0
41 0
42 0
43 0
44 0
45 1
46 0
47 0
47 3
39 2
50 3
51 2
52 1
53 1
52 3
55 3
37 0
19 0
58 1
59 1
60 0
60 2
62 2
63 2
64 1
65 2
66 2
67 2
68 2
69 2
70 1
71 2
72 2
73 2
74 2
75 1
76 2
77 2
78 2
79 1
79 3
119
0 3
1 0
2 1
3 1
4 2
5 2
6 3
7 2
8 3
9 2
10 2
11 3
12 2
13 2
14 2
15 1
16 0
17 0
16 2
19 2
20 3
21 0
22 3
23 0
23 2
25 2
26 2
27 2
28 2
29 2
30 3
31 2
32 2
33 3
34 3
33 1
36 1
36 0
31 0
39 0
30 1
41 0
42 0
43 0
44 0
11 1
46 0
9 0
6 1
49 1
50 2
51 3
52 2
53 1
54 2
55 2
56 2
57 1
58 2
59 3
60 2
61 2
58 0
63 0
64 0
65 0
66 0
67 1
68 2
69 1
70 0
71 0
72 0
73 3
74 2
75 3
76 0
77 0
78 1
79 0
80 0
81 0
82 0
83 0
81 3
85 2
76 3
87 3
70 1
89 2
90 2
91 2
92 2
93 2
94 1
95 2
96 2
97 2
98 2
99 2
100 1
101 2
102 2
103 2
104 2
105 1
105 3
4 0
108 3
109 3
109 0
111 0
112 1
113 2
113 0
115 3
116 0
117 0
101
0 3
0 2
2 2
1 0
4 0
5 0
6 3
7 0
7 3
8 0
8 3
9 3
12 3
12 2
12 0
10 0
10 3
14 3
14 2
19 3
19 2
21 3
20 3
23 2
22 2
24 2
3 1
15 0
25 2
29 3
29 2
31 3
31 2
17 0
16 0
28 0
30 3
35 0
35 3
32 2
32 3
41 2
27 2
43 2
33 2
42 2
39 0
47 0
38 1
38 0
44 2
48 3
50 1
50 0
51 3
51 1
45 3
54 0
54 1
58 1
58 0
52 0
60 1
60 0
56 1
62 0
64 0
64 1
68 0
46 3
67 0
71 0
71 1
73 1
73 0
66 3
76 0
75 1
75 0
79 1
79 0
81 1
81 0
83 1
83 3
77 0
70 3
86 0
88 3
84 1
89 0
91 0
90 2
90 1
92 3
95 0
96 0
97 1
97 3
99 3
81
0 1
1 1
2 1
2 0
4 0
5 3
6 0
7 0
8 0
9 3
10 0
11 0
12 0
13 3
14 0
15 0
16 0
17 3
18 0
19 0
20 0
21 0
22 0
23 0
24 0
25 0
26 3
27 0
28 1
29 0
30 0
31 3
32 2
32 0
34 1
35 1
34 3
27 2
38 2
39 2
40 2
41 2
42 2
43 2
44 3
45 2
46 2
47 1
48 0
48 2
50 3
51 3
52 2
53 2
54 1
55 0
56 1
55 2
58 2
59 3
60 2
61 3
62 0
63 0
64 1
62 2
66 3
67 2
68 2
69 2
70 1
71 1
72 0
73 0
74 3
75 2
74 0
70 3
78 3
48 1
95
0 3
1 0
2 1
3 0
4 3
5 0
6 3
7 2
8 2
9 2
7 0
11 1
12 0
13 3
14 3
15 2
15 0
17 1
18 0
19 0
20 1
21 1
22 1
23 1
24 1
25 1
26 1
27 2
28 1
29 2
30 2
31 2
29 0
20 3
34 3
35 2
36 1
1 2
38 2
39 1
40 1
41 0
42 3
41 2
44 3
45 2
46 2
47 1
48 2
49 2
50 1
51 2
52 1
53 2
54 2
55 3
56 2
57 1
58 1
59 0
59 2
61 3
62 2
63 1
64 2
65 3
66 2
67 1
68 1
69 1
69 0
71 0
72 0
67 3
74 3
75 3
76 3
77 3
78 3
79 3
80 0
81 0
82 0
83 3
84 2
85 2
86 2
56 0
53 0
52 3
51 0
91 0
92 0
93 3
98
0 2
1 2
2 3
3 0
4 0
5 0
6 1
7 0
8 0
9 0
10 3
11 0
12 0
13 0
14 3
15 0
16 3
17 0
18 3
19 3
20 3
21 2
22 2
23 3
24 2
25 2
26 3
27 2
28 2
29 2
30 2
31 3
32 2
33 1
34 1
35 0
36 0
37 0
38 0
35 2
40 3
41 3
42 2
43 2
44 1
45 0
46 1
47 2
48 2
49 3
50 3
51 2
52 2
53 1
54 1
55 2
56 3
57 2
58 2
59 1
60 2
61 3
61 2
63 2
64 1
65 2
66 2
67 1
68 1
69 1
66 3
60 0
55 0
73 3
15 2
11 2
76 2
3 2
78 2
79 2
80 2
81 2
82 2
83 2
84 1
85 0
86 0
87 0
88 0
89 0
90 0
84 2
92 2
93 2
94 3
95 0
95 2
50
0 0
0 3
0 2
2 2
2 0
3 2
5 0
5 3
7 1
7 0
9 0
6 2
10 0
13 1
13 0
14 0
15 0
16 0
18 0
17 0
19 0
21 0
21 3
23 0
24 0
25 1
25 0
27 0
27 1
29 0
28 0
31 1
31 0
32 0
34 0
35 0
35 3
37 0
38 0
36 0
40 0
41 3
41 0
43 0
43 3
44 1
44 3
47 3
48 3
79
0 0
0 3
0 2
0 1
2 0
4 2
6 2
6 1
8 2
9 2
7 3
7 2
10 2
10 1
14 2
13 2
16 1
16 2
17 2
5 0
20 3
18 2
21 0
19 2
24 2
23 3
26 0
22 2
27 3
29 0
25 2
30 0
31 3
31 2
32 0
34 3
35 0
36 2
38 3
38 2
37 0
37 3
37 1
39 2
43 1
43 0
44 3
44 2
41 0
41 3
46 1
46 0
45 1
51 0
51 1
47 2
50 0
56 3
55 1
55 0
58 3
53 1
60 1
61 3
63 1
65 2
65 1
67 2
62 1
69 1
68 1
64 3
71 2
72 0
73 2
75 1
76 2
74 3
66
0 2
0 0
0 3
3 0
3 2
2 0
6 3
6 0
1 2
9 3
9 2
11 3
12 3
12 2
7 0
14 2
14 3
16 3
18 3
18 2
19 2
15 0
15 3
21 2
24 2
24 3
25 1
27 2
22 0
22 3
28 2
28 1
30 0
31 2
31 1
34 1
34 2
37 2
37 1
33 3
33 0
40 0
42 3
39 2
44 2
43 3
38 2
45 2
48 3
48 2
50 3
46 3
51 3
51 2
52 3
54 3
55 2
56 3
58 3
59 3
60 3
61 0
57 3
63 2
62 0
105
0 1
1 2
2 3
3 3
4 0
5 0
6 1
7 1
8 0
9 1
10 0
11 0
12 0
13 0
14 0
15 3
16 3
17 2
18 2
19 1
20 0
20 2
22 2
23 3
24 0
24 2
26 3
27 3
28 2
29 3
30 0
31 3
32 3
33 2
34 3
35 0
34 2
37 2
38 1
39 2
40 2
41 2
42 1
43 2
44 2
45 1
46 2
47 2
39 1
49 0
50 3
51 0
50 1
53 2
17 3
15 1
10 2
57 2
58 1
59 2
60 3
61 2
62 3
63 3
64 2
65 2
66 1
67 1
68 0
69 3
68 2
71 3
72 3
73 2
74 1
75 2
76 3
77 2
78 2
79 1
80 2
81 2
82 3
83 0
84 3
85 0
83 2
87 1
88 2
89 1
90 2
91 3
91 2
93 2
90 0
95 0
96 0
97 0
98 0
99 0
100 0
99 3
59 0
103 0
78
0 1
1 2
2 3
3 2
4 2
5 2
6 3
7 2
8 3
9 3
10 2
11 1
12 1
11 3
14 3
15 0
16 3
17 2
18 2
19 2
20 2
21 2
22 2
23 2
24 2
25 2
26 2
27 1
28 1
29 1
30 0
31 0
32 1
33 2
34 1
35 2
36 1
37 1
38 0
39 0
40 3
41 3
41 2
36 3
32 3
45 3
46 0
47 0
46 2
49 1
8 1
7 0
6 1
53 0
54 0
1 0
56 0
57 3
58 2
58 0
60 1
61 0
62 3
63 0
64 0
65 0
66 3
67 2
67 0
69 3
70 3
71 3
72 3
73 2
74 3
75 2
64 1
97
0 2
1 2
2 2
3 1
4 2
5 2
6 1
7 2
8 1
9 1
10 1
11 1
12 1
13 0
7 0
4 0
16 0
17 0
18 0
19 0
20 0
21 0
22 1
23 0
24 3
25 0
26 0
27 3
28 0
29 1
30 0
31 0
32 0
33 3
34 0
35 1
36 0
37 0
38 3
39 2
38 0
41 1
42 0
43 0
44 1
45 1
46 1
47 1
48 2
49 3
49 2
51 1
52 2
53 2
54 2
55 1
56 2
57 2
58 3
59 2
60 1
61 2
62 2
63 3
64 2
65 2
66 3
67 2
68 3
69 2
70 1
70 3
72 3
68 1
65 1
64 0
59 0
56 0
34 2
79 2
80 3
81 2
82 2
83 2
84 1
85 2
86 3
87 2
88 1
89 2
90 3
91 2
92 1
93 2
94 3
81 0
59
0 1
0 0
0 3
1 1
1 0
2 0
2 3
6 1
6 3
7 3
9 3
8 1
12 2
12 1
13 1
14 1
11 0
15 1
15 2
19 1
16 1
21 0
21 2
23 2
22 0
25 0
24 1
26 3
28 0
29 0
30 0
31 0
31 3
32 3
34 0
35 0
36 0
37 0
37 3
39 0
38 0
41 0
41 3
42 3
44 0
45 0
46 0
47 0
47 3
48 0
48 3
51 0
50 0
53 0
53 3
54 0
54 3
57 0
102
0 0
1 1
2 0
3 1
4 2
5 1
6 0
7 1
8 2
9 2
10 3
11 3
12 3
13 2
14 3
15 3
16 0
16 2
18 1
19 2
20 3
21 3
22 2
23 2
24 1
25 0
25 2
27 2
28 2
29 1
30 0
30 2
32 1
33 1
34 1
35 1
36 0
37 0
38 1
39 0
40 0
41 0
42 0
43 0
44 0
45 3
39 2
8 1
48 0
49 0
50 1
51 0
52 0
53 0
54 0
55 0
56 0
57 3
58 2
59 2
60 2
61 2
62 2
63 3
64 2
65 3
66 2
67 1
67 3
58 0
70 0
71 0
72 3
73 0
74 3
75 3
76 3
77 3
78 2
79 3
80 2
81 3
82 2
83 2
84 2
85 3
86 2
87 1
88 2
89 2
90 2
91 2
92 1
93 2
93 0
89 3
83 1
75 2
73 2
70 1
3 3
91
0 2
1 2
2 2
3 1
4 2
5 2
6 1
7 2
8 2
9 1
10 2
11 1
12 1
13 1
14 0
15 1
16 0
17 1
18 0
19 0
20 0
21 1
22 0
23 0
24 3
25 0
26 1
27 0
28 0
29 0
30 0
31 0
32 3
33 0
34 1
35 0
36 0
37 0
38 0
39 3
40 2
41 2
42 2
40 0
44 0
45 0
46 3
47 2
48 2
47 0
50 3
51 0
52 3
53 3
54 3
55 3
56 2
57 3
33 2
59 3
60 3
61 0
59 2
63 2
64 2
25 2
20 3
67 2
7 0
69 0
70 0
71 0
72 0
73 0
74 0
75 3
76 0
77 1
78 0
79 0
80 1
81 0
82 1
83 1
79 3
76 2
86 2
87 2
88 2
86 3
5
0 0
1 1
1 0
1 3
12
0 0
1 0
2 3
3 3
4 3
5 2
6 2
7 2
8 1
9 1
10 1
10
0 2
1 2
2 2
1 1
4 1
5 1
6 1
7 1
0 0
119
0 0
1 0
2 1
3 1
4 2
5 2
6 1
7 1
8 2
9 2
10 2
11 2
12 2
13 2
14 2
15 2
16 2
17 2
10 1
19 1
20 1
21 1
22 1
23 1
24 1
25 1
26 1
20 2
28 2
29 2
30 2
31 2
32 2
33 2
34 2
29 1
36 1
37 2
38 2
39 2
40 2
41 2
42 2
39 1
44 1
45 2
46 2
47 2
48 2
47 1
50 1
51 2
52 2
53 1
51 1
45 1
56 1
57 1
37 1
59 1
60 1
61 1
62 1
8 1
64 1
65 1
66 1
67 1
68 1
69 1
70 1
71 1
6 2
73 2
74 2
75 2
76 2
77 2
78 2
79 2
80 2
81 2
4 1
83 1
84 1
85 1
86 1
87 1
88 1
89 1
90 1
91 1
92 1
2 0
94 0
95 1
96 1
97 1
98 1
99 1
100 1
101 1
102 1
103 1
104 1
105 1
106 1
107 1
0 2
109 2
110 2
111 2
112 2
113 2
114 2
115 2
116 2
117 2
119
0 1
1 1
0 3
3 3
4 3
5 3
6 3
7 3
8 3
9 3
10 3
11 0
12 0
13 1
14 1
15 1
16 1
17 1
18 1
19 1
20 1
21 1
22 1
23 1
15 0
25 0
26 1
27 1
28 1
29 1
30 1
31 1
32 1
33 1
34 1
28 0
36 0
37 1
38 1
39 1
40 1
41 1
42 1
43 1
39 0
45 0
46 0
47 0
48 0
49 0
46 1
51 1
52 0
53 0
54 1
55 1
56 1
56 0
58 0
59 1
54 0
61 0
52 1
63 1
64 1
37 0
66 0
67 0
68 0
69 0
70 0
26 0
72 0
73 0
74 0
75 0
76 0
77 0
78 0
13 0
80 0
81 0
82 0
83 0
84 0
85 0
86 0
87 0
88 0
11 3
90 3
91 0
92 0
93 0
94 0
95 0
96 0
97 0
98 0
99 0
100 0
101 0
102 0
91 2
104 2
105 1
106 1
107 1
108 1
109 1
110 1
111 1
112 1
113 1
114 1
115 1
116 1
117 1
162
0 0
0 2
2 2
3 2
1 0
5 0
6 0
7 0
8 0
9 0
10 0
11 0
12 0
13 1
13 3
14 1
15 3
17 2
16 2
16 1
18 2
20 1
21 2
22 2
22 1
24 2
26 2
25 1
28 2
28 1
23 2
29 2
32 2
30 1
27 2
19 2
31 2
35 2
38 2
36 2
34 2
34 1
33 2
37 2
41 2
42 1
44 2
43 2
39 2
45 2
46 1
46 2
51 1
40 2
48 2
47 2
50 2
57 2
52 2
59 2
53 2
53 1
54 2
55 2
62 1
63 2
65 2
66 2
68 2
69 2
70 2
71 2
56 2
73 2
74 2
49 2
67 2
75 2
78 2
77 2
76 2
79 2
80 2
82 2
83 2
84 2
86 1
85 2
88 2
89 2
87 1
90 2
92 2
93 2
91 1
91 0
95 1
97 1
97 0
99 0
94 2
98 1
102 1
102 0
101 2
103 1
104 0
105 2
100 0
108 2
107 0
106 1
106 0
111 0
112 1
114 0
110 2
113 0
115 1
115 0
117 3
118 0
119 1
123 1
123 0
122 0
121 3
126 0
120 0
127 0
130 0
131 0
129 0
128 0
132 0
125 0
134 0
135 0
133 0
138 0
140 0
141 0
136 0
142 0
139 0
145 0
143 0
144 0
147 0
146 0
148 0
151 0
149 0
152 0
153 0
155 0
150 0
156 0
157 0
158 0
160 0
196
0 3
0 2
0 1
0 0
3 2
3 1
3 0
5 1
7 1
7 0
8 1
9 1
9 0
12 2
12 0
2 3
16 3
13 0
15 0
4 0
4 3
18 0
18 3
20 0
20 3
19 0
25 0
25 3
23 0
21 3
22 0
17 0
17 3
33 0
33 3
34 0
34 3
27 3
27 0
26 0
39 1
39 0
39 3
37 3
37 0
28 3
46 0
46 3
45 3
48 0
48 3
42 0
42 3
42 1
31 0
31 3
53 3
53 0
43 3
54 0
40 0
44 2
44 3
49 3
50 3
50 0
64 0
64 3
66 3
66 0
63 3
63 2
69 0
69 3
55 3
55 0
52 0
67 0
67 3
70 0
76 1
76 0
76 3
83 0
83 3
57 0
78 3
86 0
85 0
73 0
73 3
80 0
92 0
92 3
58 0
82 0
82 1
88 0
71 3
71 2
93 0
93 3
79 3
90 3
94 3
103 3
103 2
103 0
91 3
89 3
89 0
74 3
102 0
102 3
107 3
98 1
98 0
109 3
109 0
108 3
108 0
118 0
118 3
99 3
99 2
119 0
111 1
111 0
111 3
120 0
120 3
127 0
116 0
106 3
114 0
114 3
129 0
136 0
136 3
139 2
139 0
139 3
128 0
130 3
141 0
141 3
146 0
146 3
124 3
124 2
96 1
96 0
101 0
144 0
115 3
145 1
145 0
133 0
132 0
117 0
135 0
150 3
152 0
152 1
163 1
163 0
160 0
140 3
143 0
143 3
123 0
147 0
147 3
153 0
153 3
156 0
154 0
165 0
174 0
174 3
172 0
172 3
148 2
176 1
176 0
183 2
166 3
185 1
185 3
188 1
169 3
158 0
191 3
182 0
179 1
180
0 0
0 2
2 2
3 2
1 0
4 2
6 2
7 2
8 2
5 0
10 0
11 0
12 0
13 0
14 0
9 2
16 3
16 2
17 3
17 2
18 2
15 0
20 2
19 0
24 3
23 3
25 0
26 3
28 3
22 0
29 3
27 3
30 0
31 3
33 0
35 3
35 0
37 0
37 3
34 3
32 0
38 3
41 3
36 3
42 3
45 3
44 2
43 0
48 3
47 3
40 3
46 3
49 0
51 3
54 3
50 2
52 3
57 3
53 3
58 3
56 3
55 3
59 0
60 3
63 3
61 2
62 3
64 3
66 3
69 2
70 3
68 3
65 0
73 3
67 3
74 0
72 3
76 3
75 3
79 3
77 3
71 2
80 3
83 3
84 3
78 0
86 3
87 0
87 3
89 0
89 3
90 0
91 2
88 0
85 3
94 1
92 3
93 3
96 0
95 3
82 3
101 2
98 2
103 3
102 3
104 2
97 0
100 3
81 3
106 3
109 3
111 3
105 2
113 3
114 2
107 3
112 3
110 2
116 0
117 3
120 3
119 3
118 3
121 3
122 0
124 3
126 3
125 3
127 3
129 3
129 2
123 2
130 2
128 0
108 3
135 3
135 0
134 3
133 2
139 2
139 1
137 3
137 0
142 0
132 3
138 0
141 1
144 0
140 2
148 0
146 3
151 0
147 2
145 2
153 1
152 3
143 1
150 0
158 0
159 0
156 0
155 2
157 0
163 1
160 0
154 3
166 2
167 3
149 2
165 0
170 0
169 2
172 2
171 0
174 0
175 0
176 0
173 2
177 0
199
0 2
0 0
1 2
2 0
3 2
4 0
6 0
7 1
5 2
9 2
10 2
11 1
12 1
13 1
14 1
15 1
16 1
8 1
18 1
19 1
17 1
21 1
20 1
23 1
24 1
22 0
26 0
27 0
25 1
28 0
29 1
30 0
32 0
33 0
31 1
35 2
34 0
37 3
38 3
36 2
40 2
39 3
42 3
43 3
44 3
45 2
41 2
47 2
48 2
46 2
49 2
51 2
52 2
50 2
53 2
54 2
55 2
57 2
58 3
56 2
59 3
61 3
62 3
63 3
60 2
65 1
64 3
67 3
66 1
68 3
70 3
69 1
71 3
72 1
73 3
75 3
74 0
76 0
77 0
78 0
79 3
79 0
80 0
81 3
84 0
83 0
82 0
86 0
87 3
89 3
88 0
91 0
92 0
93 0
94 0
95 0
96 0
97 0
98 0
99 1
100 1
101 1
102 1
103 1
104 1
105 1
106 1
107 1
108 1
109 1
110 1
111 1
112 1
113 2
114 2
115 2
116 2
117 2
118 2
119 2
120 2
121 2
122 2
123 2
124 2
125 2
126 2
127 2
128 2
129 3
130 3
131 3
132 3
133 3
134 3
135 3
136 3
137 3
138 3
139 3
140 3
141 3
142 3
143 3
144 3
145 0
146 0
147 0
148 0
149 0
150 0
151 0
152 0
153 0
154 0
155 0
156 0
157 0
158 0
159 0
160 0
161 0
162 0
163 1
164 1
165 1
166 1
167 1
168 1
169 1
170 1
171 1
172 1
173 1
174 1
175 1
176 1
177 1
178 1
179 1
180 1
181 2
182 2
183 2
184 2
185 2
186 2
187 2
188 2
189 2
190 2
191 2
192 2
193 2
194 2
195 2
196 2
197 2
199
0 0
1 0
2 0
3 0
4 0
5 0
6 0
7 0
8 0
9 0
10 0
11 0
12 0
13 0
14 0
15 0
16 0
17 0
18 0
19 0
20 0
21 0
22 0
23 0
24 0
25 0
26 0
27 0
28 0
29 0
30 0
31 0
32 0
33 0
34 0
35 0
36 0
37 0
38 0
39 0
40 0
41 0
42 0
43 0
44 0
45 0
46 0
47 0
48 0
49 0
50 0
51 0
52 0
53 0
54 0
55 0
56 0
57 0
58 0
59 0
60 0
61 0
62 0
63 0
64 0
65 0
66 0
67 0
68 0
69 0
70 0
71 0
0 2
73 2
74 2
75 2
76 2
77 2
78 2
79 2
80 2
81 2
82 2
83 2
84 2
85 2
86 2
87 2
88 2
89 2
90 2
91 2
92 2
93 2
94 2
95 2
96 2
97 2
98 2
99 2
100 2
101 2
102 2
103 2
104 2
105 2
106 2
107 2
108 2
109 2
110 2
111 2
112 2
113 2
114 2
115 2
116 2
117 2
118 2
119 2
120 2
121 2
122 2
123 2
124 2
125 2
126 2
127 2
128 2
129 2
130 2
131 2
132 2
133 2
134 2
135 2
136 2
137 2
138 2
139 2
140 2
141 2
142 2
143 2
144 2
145 2
146 2
147 2
148 2
149 2
150 2
151 2
152 2
153 2
154 2
155 2
156 2
157 2
158 2
159 2
160 2
161 2
162 2
163 2
164 2
165 2
166 2
167 2
168 2
169 2
170 2
171 2
172 2
173 2
174 2
175 2
176 2
177 2
178 2
179 2
180 2
181 2
182 2
183 2
184 2
185 2
186 2
187 2
188 2
189 2
190 2
191 2
192 2
193 2
194 2
195 2
196 2
197 2
101
0 1
1 1
2 0
0 0
0 2
5 2
6 3
7 3
8 3
9 3
10 0
11 0
12 0
12 3
14 3
15 0
8 2
17 2
18 2
19 2
20 3
21 3
22 0
23 0
24 3
25 3
26 3
27 3
26 0
29 0
30 3
31 3
32 0
33 0
22 3
35 3
36 3
37 3
22 2
39 2
40 3
41 3
42 3
43 3
42 2
45 2
46 3
47 3
48 2
49 2
20 2
51 2
52 2
53 2
54 1
55 1
56 2
57 2
58 2
58 1
60 1
61 2
54 3
63 3
64 2
65 2
66 3
67 3
68 2
66 2
20 1
71 1
72 2
73 2
74 1
75 1
76 2
77 2
78 1
79 1
80 2
81 2
76 1
83 1
72 1
85 1
86 1
87 1
72 0
89 0
90 1
91 1
92 1
93 1
92 0
95 0
96 1
97 1
98 0
99 0
199
0 1
0 3
2 3
1 1
4 1
3 3
6 3
5 1
8 1
7 3
9 1
11 1
10 3
13 3
12 1
14 3
16 3
17 3
18 3
15 1
19 3
21 3
20 1
23 1
24 1
22 3
25 1
27 1
26 3
28 1
30 1
29 3
32 3
33 3
34 3
31 1
35 3
36 1
37 3
38 1
39 3
41 3
40 1
43 1
44 1
42 3
45 1
46 3
48 3
49 3
47 1
51 1
52 1
53 1
50 3
55 3
56 3
57 3
58 3
59 3
54 1
60 3
61 1
62 3
64 3
65 3
66 3
63 1
68 1
67 3
69 1
71 1
70 3
73 3
74 3
75 3
76 3
72 1
78 1
77 3
80 3
79 1
81 3
83 3
84 3
85 3
86 3
82 1
87 3
88 1
90 1
89 3
91 1
92 3
93 1
95 1
94 3
97 3
98 3
96 1
99 3
100 1
102 1
101 3
104 3
105 3
106 3
107 3
108 3
109 3
110 3
111 3
112 3
113 3
114 3
115 3
116 3
117 3
118 3
119 3
120 3
121 3
122 3
123 3
124 3
125 3
126 3
127 3
128 3
129 3
130 3
131 3
132 3
133 3
134 3
135 3
136 3
137 3
138 3
139 3
140 3
141 3
142 3
143 3
144 3
145 3
146 3
147 3
148 3
149 3
150 3
151 3
152 3
153 3
154 3
155 3
156 3
157 3
158 3
159 3
160 3
161 3
162 3
163 3
164 3
165 3
166 3
167 3
168 3
169 3
170 3
171 3
172 3
173 3
174 3
175 3
176 3
177 3
178 3
179 3
180 3
181 3
182 3
183 3
184 3
185 3
186 3
187 3
188 3
189 3
190 3
191 3
192 3
193 3
194 3
195 3
196 3
197 3
199
0 2
0 3
2 0
3 3
1 1
5 2
4 0
7 3
6 1
9 2
10 1
11 2
8 0
13 3
14 0
15 3
12 1
16 0
17 2
19 1
18 3
21 0
20 2
22 3
23 1
24 0
26 3
27 0
25 2
29 1
30 2
31 1
32 2
28 3
34 0
33 1
35 3
37 0
36 2
39 1
38 3
40 2
42 1
43 2
44 1
41 0
46 3
47 0
48 3
45 2
49 0
51 3
52 0
53 3
50 1
55 2
54 0
56 1
57 3
58 2
59 0
61 3
60 1
63 2
64 1
62 0
66 3
65 2
67 0
69 3
68 1
70 0
71 2
73 1
72 3
75 0
76 3
77 0
78 3
79 0
74 2
81 1
80 3
83 0
82 2
85 1
84 3
87 0
86 2
89 1
88 3
91 0
92 3
93 0
94 3
95 0
96 3
97 0
98 3
99 0
100 3
101 0
102 3
103 0
104 3
105 0
106 3
107 0
108 3
109 0
110 3
111 0
112 3
113 0
114 3
115 0
116 3
117 0
118 3
119 0
120 3
121 0
122 3
123 0
124 3
125 0
126 3
127 0
128 3
129 0
130 3
131 0
132 3
133 0
134 3
135 0
136 3
137 0
138 3
139 0
140 3
141 0
142 3
143 0
144 3
145 0
146 3
147 0
148 3
149 0
150 3
151 0
152 3
153 0
154 3
155 0
156 3
157 0
158 3
159 0
160 3
161 0
162 3
163 0
164 3
165 0
166 3
167 0
168 3
169 0
170 3
171 0
172 3
173 0
174 3
175 0
176 3
177 0
178 3
179 0
180 3
181 0
182 3
183 0
184 3
185 0
186 3
187 0
188 3
189 0
190 3
191 0
192 3
193 0
194 3
195 0
196 3
197 0
0
