5
66 68 49 62
35 54 66 75
30 61 57 92
6 17 19 62
30 36 34 43
55 67
35 24
5
61 71 79 81
21 68 59 30
44 7 0 51
31 92 79 45
49 21 19 60
94 41
6 97
5
15 38 18 58
68 80 8 8
51 78 40 92
12 27 74 92
4 70 5 95
63 51
70 34
2
30 10 30 75
60 30 60 95
90 0
0 100
5
84 65 54 86
49 60 60 64
27 26 17 31
0 62 34 22
6 25 14 20
34 68
59 62
5
73 88 47 62
76 87 76 86
72 76 51 64
23 62 16 71
7 61 28 92
27 76
94 33
5
16 30 41 47
26 38 21 84
10 12 11 24
82 95 38 46
93 96 72 75
86 90
70 59
5
78 70 66 84
25 33 54 63
19 75 15 25
32 94 88 43
5 85 5 96
9 91
24 7
5
47 63 80 80
4 63 23 92
13 68 61 16
2 98 44 95
24 80 69 38
71 85
4 71
5
25 83 46 83
18 86 68 22
19 53 50 38
4 28 4 42
18 37 35 22
42 50
47 35
4
29 48 46 61
23 83 66 97
57 15 13 63
4 18 18 25
77 25
99 34
3
10 57 25 79
38 54 52 41
0 22 15 1
17 17
64 76
5
47 59 13 94
12 31 28 34
62 25 22 76
94 97 68 73
65 54 52 84
11 80
90 36
5
4 74 15 99
58 49 40 70
59 54 48 66
14 95 1 58
17 36 5 12
96 61
54 57
5
8 0 8 60
16 16 16 48
16 10 28 30
16 52 28 34
100 0 100 50
24 0
24 64
5
95 72 69 98
46 58 35 51
65 51 35 75
52 66 57 70
48 57 36 40
42 52
42 63
5
46 85 22 95
78 69 63 83
51 70 58 70
50 41 34 62
45 97 87 48
61 27
32 99
1
20 81 90 90
10 90
90 10
5
19 66 47 23
52 12 8 59
41 97 86 99
12 45 42 21
9 49 35 9
2 75
85 24
4
3 97 9 83
44 29 27 51
25 63 44 79
90 74 61 99
33 31
12 7
5
49 73 65 54
35 87 2 90
58 73 69 72
35 33 28 44
58 59 35 37
8 82
84 10
4
8 0 8 60
16 16 16 48
16 10 28 30
16 52 28 34
24 0
24 64
5
7 92 16 81
14 92 60 76
7 53 38 10
2 34 8 90
21 64 62 37
56 57
55 20
5
43 52 72 86
51 27 10 55
2 3 21 40
25 31 18 23
50 36 21 67
56 40
10 62
5
17 47 37 31
75 92 91 93
35 42 6 84
3 99 70 99
61 64 77 84
37 30
29 61
5
2 34 10 64
58 69 27 33
44 58 40 80
78 66 66 91
26 86 7 36
51 96
35 16
3
0 99 46 95
32 47 12 81
36 51 73 74
32 35
25 77
5
74 57 52 90
3 18 13 6
69 33 14 85
19 36 18 34
16 44 43 22
8 86
60 63
3
11 22 16 32
5 99 37 91
1 63 50 16
24 28
28 20
3
59 40 23 68
43 97 79 50
25 58 42 41
59 8
34 96
2
10 0 10 58
20 20 20 58
0 70
30 0
3
42 40 18 54
79 86 31 49
34 92 20 72
68 96
0 86
5
76 30 22 83
38 53 7 22
71 81 69 84
5 93 3 68
44 75 30 89
26 86
65 30
2
79 82 58 67
62 79 20 27
79 67
87 17
0
