5
10 67 59 25
6 29 14 23
85 100 72 82
67 37 21 79
34 27 2 61
45 57
22 96
5
8 0 8 60
16 16 16 48
16 10 28 30
16 52 28 34
100 0 100 50
24 0
24 64
5
32 6 71 71
93 35 93 49
57 27 62 33
69 7 77 19
92 54 96 71
53 33
64 26
5
9 7 4 21
14 49 0 99
23 67 50 30
45 94 94 57
34 40 33 36
28 64
36 16
5
5 81 2 74
7 87 35 28
36 49 41 59
19 25 9 38
33 57 30 47
0 63
59 21
2
30 10 30 75
60 30 60 95
90 0
0 100
5
62 75 53 56
43 55 26 33
71 89 85 90
46 100 88 56
81 71 63 86
2 39
58 61
5
30 98 14 57
11 54 3 82
11 98 21 79
21 29 28 35
31 35 60 74
13 81
15 96
5
30 39 38 35
95 67 59 97
0 97 9 64
52 77 64 71
58 85 39 84
27 57
44 89
4
73 85 95 95
10 20 20 16
34 62 50 50
44 13 7 53
80 51
97 29
4
0 85 34 85
2 57 44 16
20 77 73 22
16 98 58 92
68 35
21 58
5
6 84 73 21
37 96 61 89
67 44 26 86
11 22 10 12
95 97 71 84
21 73
86 39
5
81 98 98 90
58 99 90 60
41 44 14 20
55 52 34 73
39 43 8 27
33 8
39 77
5
82 60 42 86
71 80 68 84
30 35 23 39
0 15 9 22
84 98 94 86
80 89
80 31
2
8 87 1 92
86 99 23 36
76 38
73 32
5
10 31 13 16
88 91 60 74
18 89 2 28
22 23 47 50
71 89 74 88
57 55
8 13
5
31 65 50 92
45 56 69 80
13 79 7 35
38 32 25 46
17 22 4 14
78 95
21 61
4
21 22 11 18
13 83 72 25
77 68 54 90
40 98 87 47
59 22
40 25
4
10 13 29 31
47 40 31 63
35 66 50 40
58 84 36 98
77 31
24 61
5
35 98 90 52
55 38 36 68
27 90 2 20
81 93 83 88
2 100 21 95
77 49
26 65
2
10 0 10 58
20 20 20 58
0 70
30 0
4
8 0 8 60
16 16 16 48
16 10 28 30
16 52 28 34
24 0
24 64
2
26 26 23 24
11 27 17 21
79 1
40 15
1
20 81 90 90
10 90
90 10
5
11 57 46 26
58 97 16 71
77 58 41 81
7 33 25 19
6 71 56 20
57 33
78 65
5
27 26 12 36
29 91 7 89
13 94 8 90
61 78 70 68
11 71 40 97
5 35
53 36
5
1 52 63 89
91 96 89 94
43 58 21 39
46 84 9 95
41 48 62 71
24 48
90 62
5
56 100 39 50
33 16 16 34
15 53 42 78
25 12 8 37
80 94 45 53
20 88
26 48
3
6 75 10 64
27 28 57 61
44 61 20 39
18 20
43 82
5
39 85 0 98
17 29 5 10
51 96 96 53
65 64 58 71
50 62 8 22
45 1
18 50
5
47 87 27 88
18 35 20 22
13 76 32 43
7 53 41 25
63 62 19 76
55 59
27 44
5
2 92 45 100
49 66 73 91
52 59 68 76
35 40 6 20
31 76 76 37
53 72
15 37
1
28 41 19 72
9 86
84 17
5
1 94 8 97
64 81 65 75
56 50 34 71
17 21 3 25
53 93 4 94
32 24
56 71
0
