4
20 36 27 40
93 15 0 100
48 48 32 42
56 53 50 61
79 41
95 32
3
50 100 97 66
53 34 25 66
69 87 84 90
85 53
10 59
5
57 60 95 99
25 33 20 41
33 91 44 72
32 49 68 81
5 69 20 100
46 52
67 93
3
15 31 43 58
64 71 64 68
32 40 41 56
13 75
4 40
5
29 36 2 20
53 97 11 78
84 89 73 99
47 100 8 100
48 88 77 61
78 69
6 65
5
40 57 57 69
6 68 22 74
79 83 78 88
6 47 28 21
45 34 34 63
1 42
63 35
4
22 89 23 44
73 89 66 69
33 42 54 68
36 79 64 99
45 70
32 24
5
41 92 78 42
0 65 54 7
47 47 33 34
54 58 36 45
17 94 2 79
62 38
75 25
5
29 74 73 30
80 28 19 91
36 48 4 13
54 29 28 69
34 34 32 37
47 52
21 69
5
6 77 3 81
0 19 28 34
74 69 67 75
47 64 64 50
30 61 48 30
57 78
56 45
5
84 96 24 98
67 86 35 73
48 59 45 45
48 60 65 75
20 78 47 93
31 62
95 21
4
0 75 49 60
65 29 20 66
12 40 6 63
46 61 59 59
69 16
48 52
5
28 95 66 84
76 81 63 95
24 34 25 33
0 52 14 93
69 51 49 72
75 58
20 15
5
20 76 65 26
6 73 2 76
8 74 15 93
12 78 34 84
41 46 10 24
17 39
86 86
5
50 99 3 98
73 45 26 79
2 11 1 31
79 91 78 90
79 98 76 80
2 40
93 77
4
2 98 3 96
63 53 45 73
27 42 41 43
26 75 67 37
90 79
71 22
5
71 36 29 90
8 73 22 93
50 25 25 54
30 67 48 41
50 91 76 61
37 47
3 15
5
91 21 8 99
55 41 28 59
27 41 16 34
88 38 19 99
60 96 85 76
38 66
68 8
4
8 0 8 60
16 16 16 48
16 10 28 30
16 52 28 34
24 0
24 64
5
91 90 74 94
30 47 26 27
73 88 69 88
9 10 16 34
64 81 73 81
25 0
6 63
5
79 97 82 96
81 95 87 89
13 44 25 100
44 60 51 70
56 57 70 82
65 44
37 100
2
30 10 30 75
60 30 60 95
90 0
0 100
5
13 24 43 93
65 81 72 88
66 78 70 76
62 64 6 18
2 66 1 95
29 37
46 13
5
64 71 55 78
69 45 40 83
15 27 16 32
24 30 22 24
10 41 5 100
41 44
64 91
1
4 71 44 99
41 53
70 36
5
8 0 8 60
16 16 16 48
16 10 28 30
16 52 28 34
100 0 100 50
24 0
24 64
5
31 58 1 20
28 42 28 32
48 80 79 55
55 89 13 91
36 72 66 47
97 64
48 72
5
22 24 53 72
43 60 16 34
8 26 0 18
70 75 58 62
28 35 22 38
19 34
32 100
4
55 82 2 49
35 50 69 79
24 30 14 18
17 98 84 90
12 23
48 42
5
32 12 7 46
83 49 43 100
51 26 24 69
72 95 85 84
39 44 25 47
70 28
21 56
5
81 87 80 83
84 97 69 83
65 79 53 53
12 95 87 17
38 57 8 25
96 46
28 89
2
10 0 10 58
20 20 20 58
0 70
30 0
5
29 54 29 47
55 95 88 63
68 22 20 79
20 37 15 16
30 39 20 21
3 83
99 27
1
20 81 90 90
10 90
90 10
0
