10 10 12
147 277 287
114 239 255
168 294 302
130 257 272
137 266 281
158 285 294
193 314 327
183 308 319
176 302 309
123 249 264
12 2 80
434 175 308
242 111 261
370 367 266
114 239 255
178 303 306
434 303 265
370 111 294
306 47 304
242 367 299
498 239 307
178 175 256
306 431 308
20 20 10
132 100 100
140 124 100
124 148 100
116 148 100
108 100 100
100 100 100
140 116 100
92 140 100
92 124 100
92 132 100
140 132 100
108 148 100
124 100 100
116 100 100
92 108 100
92 116 100
100 148 100
132 148 100
140 108 100
140 140 100
20 20 25
442 527 558
378 477 511
211 320 353
458 547 577
419 506 543
301 408 440
323 423 456
114 239 255
187 305 333
342 445 474
249 363 382
164 287 320
130 256 277
361 460 496
482 563 597
228 342 368
286 389 420
150 271 298
269 376 399
399 493 528
10 10 10
124 100 100
69 100 100
61 100 100
132 100 100
116 100 100
77 100 100
108 100 100
100 100 100
85 100 100
93 100 100
8 7 100
420 260 205
340 180 206
260 420 202
100 260 200
180 180 209
180 340 201
340 340 203
260 100 207
8 3 100
100 260 200
260 420 202
420 260 205
180 180 209
260 100 207
180 340 201
340 340 203
340 180 206
8 1 100
260 420 202
340 180 206
420 260 205
180 340 201
260 100 207
180 180 209
340 340 203
100 260 200
10 1 10
160 100 100
260 100 100
280 100 100
140 100 100
100 100 100
240 100 100
200 100 100
180 100 100
120 100 100
220 100 100
12 12 10
108 108 98
92 92 98
84 100 96
100 132 92
100 100 100
84 132 88
116 116 96
92 140 90
76 108 94
108 124 94
76 124 90
68 116 92
12 4 10
108 106 100
108 94 100
116 100 100
316 120 120
516 140 140
508 134 140
502 140 140
508 146 140
301 120 120
308 114 120
308 126 120
100 100 100
5 3 20
131 249 266
159 282 289
146 267 278
114 239 255
175 295 307
20 2 3
132 237 256
134 239 255
120 245 256
126 231 255
124 249 255
114 239 255
118 243 255
118 235 255
122 247 256
132 241 256
126 247 255
116 237 255
116 241 256
130 235 255
128 245 256
130 243 256
128 233 256
124 229 256
120 233 256
122 231 255
10 1 12
137 266 281
168 294 302
176 302 309
158 285 294
130 257 272
183 308 319
147 277 287
114 239 255
193 314 327
123 249 264
10 9 12
137 266 281
147 277 287
123 249 264
168 294 302
183 308 319
130 257 272
193 314 327
158 285 294
176 302 309
114 239 255
200 3 100
4594 3759 266
6994 1359 303
4674 3679 298
6354 1999 266
6274 -1601 285
2914 3039 280
4274 4079 290
3554 -3201 260
4114 -3761 308
5474 -2401 264
2034 2159 279
4914 3439 260
7474 -401 273
114 239 255
994 -641 314
2994 -2641 275
6114 2239 270
4994 -2881 269
594 -241 320
5234 3119 277
2914 -2561 317
7714 639 278
5154 3199 322
5154 -2721 331
7234 1119 322
7074 -801 310
2034 -1681 299
5314 3039 321
6114 -1761 288
754 -401 325
754 879 310
2274 -1921 271
1234 -881 314
3794 -3441 303
2354 2479 317
3234 -2881 266
7954 399 318
4514 -3361 331
6354 -1521 289
1394 -1041 333
3474 -3121 255
1314 -961 274
4034 4159 289
1874 -1521 321
2994 3119 320
7634 -241 275
514 -161 297
4914 -2961 314
7714 -161 321
4834 -3041 323
1794 1919 304
1954 2079 275
1074 1199 263
354 479 276
3954 -3601 293
4034 -3681 273
5794 2559 295
4754 3599 322
6674 1679 315
7314 -561 298
7954 79 301
6754 -1121 296
5554 -2321 259
4194 -3681 303
6514 -1361 283
4114 4239 295
6834 -1041 257
274 399 315
8034 159 318
1634 -1281 326
3554 3679 331
3714 3839 307
4274 -3601 292
6834 1519 325
6594 -1281 310
5234 -2641 330
4834 3519 329
7554 799 318
7394 -481 318
5074 3279 290
1474 -1121 319
3794 3919 298
5714 2639 303
6914 1439 281
194 159 297
1394 1519 299
3394 3519 323
7394 959 314
1474 1599 316
2834 2959 285
2674 2799 285
6514 1839 273
2594 2719 264
194 319 322
7794 559 256
5954 2399 330
3634 -3281 327
4434 -3441 261
514 639 313
2514 -2161 268
3074 -2721 285
3074 3199 289
1634 1759 299
5954 -1921 260
914 -561 298
6194 -1681 307
2354 -2001 312
3634 3759 334
1554 1679 325
5634 2719 282
1874 1999 330
1154 -801 278
3954 4079 289
3234 3359 296
7314 1039 282
1714 -1361 329
6594 1759 258
3474 3599 329
4514 3839 266
7474 879 256
1314 1439 270
5554 2799 307
354 -1 316
5874 -2001 331
3394 -3041 275
5394 2959 299
5074 -2801 327
2194 2319 331
5794 -2081 275
1554 -1201 306
3714 -3361 297
3154 -2801 261
6994 -881 328
4674 -3201 333
7794 -81 313
2194 -1841 322
2514 2639 330
6754 1599 260
5874 2479 270
6434 -1441 324
434 559 330
3314 3439 291
4434 3919 301
6914 -961 263
6034 2319 323
3154 3279 285
2754 -2401 302
914 1039 261
4754 -3121 257
2834 -2481 299
6034 -1841 260
4594 -3281 298
8114 239 325
2434 2559 265
2274 2399 311
1154 1279 266
834 -481 258
2114 -1761 275
3874 -3521 262
6274 2079 287
434 -81 319
274 79 296
5634 -2241 321
1954 -1601 329
6194 2159 334
4354 3999 322
594 719 307
5714 -2161 266
674 -321 257
1074 -721 312
994 1119 288
3874 3999 331
6674 -1201 265
7554 -321 313
7074 1279 256
2434 -2081 292
2754 2879 262
2674 -2321 313
4354 -3521 300
3314 -2961 281
7154 -721 321
2594 -2241 324
1794 -1441 288
5314 -2561 317
6434 1919 288
7634 719 301
7234 -641 291
5394 -2481 278
1714 1839 263
2114 2239 327
1234 1359 313
4994 3359 269
5474 2879 262
4194 4159 329
7874 -1 260
7874 479 298
674 799 308
834 959 256
7154 1199 276
8034 319 260
10 2 12
130 257 272
176 302 309
183 308 319
137 266 281
158 285 294
168 294 302
193 314 327
123 249 264
114 239 255
147 277 287
10 2 10
108 108 108
228 232 232
214 216 216
207 208 208
221 224 224
124 124 124
100 100 100
116 116 116
200 200 200
132 132 132
16 12 12
110 90 100
150 70 100
100 100 100
110 110 100
150 130 100
140 140 100
170 90 100
180 100 100
140 60 100
130 130 100
160 80 100
120 80 100
160 120 100
130 70 100
170 110 100
120 120 100
2 2 10
5 5 5
55 5 5
8 2 100
340 340 203
260 420 202
180 340 201
260 100 207
420 260 205
100 260 200
340 180 206
180 180 209
20 1 3
132 241 256
120 245 256
118 243 255
126 247 255
116 241 256
114 239 255
130 243 256
124 249 255
126 231 255
128 233 256
116 237 255
122 247 256
134 239 255
120 233 256
128 245 256
124 229 256
122 231 255
132 237 256
118 235 255
130 235 255
20 2 25
419 506 543
342 445 474
378 477 511
286 389 420
323 423 456
482 563 597
442 527 558
361 460 496
164 287 320
249 363 382
301 408 440
130 256 277
187 305 333
458 547 577
269 376 399
150 271 298
399 493 528
114 239 255
211 320 353
228 342 368
10 5 100
394 100 100
772 100 100
100 100 100
490 100 100
864 100 100
297 100 100
585 100 100
199 100 100
679 100 100
955 100 100
6 2 11
300 300 300
110 100 100
200 209 200
100 100 100
200 200 200
300 300 308
10 10 10
100 100 100
76 100 100
124 100 100
108 100 100
116 100 100
68 100 100
92 100 100
132 100 100
84 100 100
60 100 100
16 12 12
170 110 110
160 80 100
150 70 100
140 60 110
120 80 110
120 120 100
150 130 110
130 70 110
110 110 100
170 90 100
140 140 110
100 100 100
180 100 100
110 90 110
130 130 100
160 120 110
252 200 7
24 312 100
0 288 100
132 180 100
6 234 100
-12 180 100
24 72 100
-96 96 100
-114 126 100
-114 222 100
-78 78 100
-54 282 100
30 258 100
-60 156 100
-138 138 100
84 132 100
24 216 100
48 288 100
-102 186 100
-126 174 100
-60 204 100
-42 234 100
-6 234 100
-48 96 100
-30 270 100
-120 216 100
78 126 100
144 144 100
-48 192 100
0 48 100
66 210 100
126 174 100
-108 204 100
126 126 100
0 144 100
66 66 100
102 198 100
18 126 100
36 252 100
30 306 100
-6 294 100
-6 138 100
-30 162 100
-12 12 100
12 36 100
84 156 100
84 252 100
6 138 100
-18 126 100
-96 240 100
60 156 100
48 192 100
-162 162 100
42 246 100
-66 270 100
54 198 100
60 60 100
-18 30 100
-126 126 100
-6 330 100
42 186 100
-84 108 100
96 144 100
18 210 100
48 144 100
108 228 100
156 180 100
162 174 100
12 84 100
-6 186 100
-60 60 100
12 228 100
-36 156 100
-36 60 100
90 198 100
-18 318 100
126 162 100
12 324 100
-168 168 100
-102 234 100
-78 222 100
-18 270 100
-132 132 100
-108 228 100
-24 120 100
-30 66 100
36 36 100
138 186 100
54 90 100
36 300 100
90 102 100
-102 138 100
96 240 100
-120 168 100
90 138 100
-84 228 100
96 96 100
-48 144 100
78 258 100
6 42 100
66 78 100
-60 276 100
60 204 100
30 30 100
36 84 100
24 24 100
-54 54 100
-108 180 100
138 138 100
78 114 100
102 102 100
-42 282 100
114 222 100
42 150 100
-54 186 100
-54 246 100
132 132 100
-12 132 100
24 264 100
-90 138 100
24 120 100
-156 156 100
-66 174 100
-60 252 100
-72 72 100
-54 150 100
-30 78 100
120 168 100
72 72 100
-24 264 100
12 132 100
-138 186 100
138 150 100
30 162 100
120 216 100
-78 114 100
84 204 100
24 168 100
0 192 100
-30 222 100
0 0 100
36 156 100
96 192 100
-12 36 100
54 246 100
6 90 100
66 162 100
-90 90 100
18 114 100
-66 66 100
-60 180 100
-132 180 100
72 120 100
12 108 100
-18 174 100
72 216 100
-78 126 100
-42 150 100
72 264 100
-66 258 100
-12 276 100
-66 162 100
-150 186 100
-114 210 100
-108 132 100
90 150 100
30 270 100
-120 120 100
78 210 100
150 186 100
48 240 100
90 246 100
-90 102 100
60 252 100
-84 84 100
-48 48 100
48 48 100
-66 210 100
114 114 100
54 150 100
66 258 100
108 204 100
114 210 100
-84 132 100
6 330 100
-24 168 100
6 198 100
-36 228 100
18 222 100
120 120 100
0 96 100
78 162 100
-102 198 100
60 84 100
-90 234 100
144 192 100
36 276 100
18 30 100
102 234 100
-72 120 100
-24 24 100
-36 84 100
12 204 100
42 42 100
42 294 100
42 282 100
-96 192 100
18 78 100
18 318 100
-36 108 100
-24 72 100
-162 174 100
-54 198 100
-42 90 100
72 168 100
-18 222 100
-12 228 100
-150 150 100
-144 192 100
30 78 100
-42 102 100
-72 216 100
-6 6 100
-36 276 100
-6 42 100
-6 282 100
108 108 100
54 54 100
-18 18 100
-42 54 100
-30 114 100
-24 312 100
132 156 100
84 108 100
-144 144 100
36 180 100
0 336 100
48 96 100
-72 264 100
-18 306 100
-12 324 100
-156 180 100
-114 174 100
-96 144 100
30 174 100
6 102 100
-48 240 100
-12 300 100
0 240 100
-24 216 100
-72 168 100
42 90 100
-48 288 100
12 3 80
370 367 266
178 303 306
114 239 255
178 175 256
306 431 308
498 239 307
306 47 304
434 303 265
370 111 294
242 367 299
242 111 261
434 175 308
100 1 32
1649 1723 1767
552 693 667
203 333 337
1683 1769 1818
133 267 276
1788 1848 1903
2119 2192 2234
1667 1740 1793
1126 1217 1247
1462 1551 1583
1226 1314 1341
2195 2273 2313
896 977 1011
945 1039 1062
114 239 255
986 1091 1098
1508 1596 1623
839 937 963
533 674 637
160 293 296
1740 1814 1864
1323 1409 1438
1987 2051 2087
1256 1341 1361
1709 1787 1841
2214 2303 2331
764 881 897
515 650 611
716 847 851
1035 1141 1143
2098 2170 2203
2168 2242 2284
628 765 734
2480 2553 2560
1884 1952 1997
440 571 547
2375 2470 2489
313 432 431
1546 1641 1675
258 388 390
422 541 522
1174 1263 1287
818 918 936
2281 2375 2403
2082 2146 2182
337 460 455
1622 1704 1745
1854 1926 1974
1934 2008 2043
488 622 593
1811 1873 1927
1341 1431 1461
286 412 407
1404 1500 1527
1378 1473 1505
1434 1520 1557
923 1008 1032
2032 2096 2129
392 516 505
2061 2125 2160
2452 2526 2541
1528 1624 1649
866 954 994
792 902 919
230 359 368
650 783 762
673 803 789
1759 1830 1883
1106 1200 1226
460 591 573
1483 1580 1604
2264 2350 2374
689 827 820
2320 2435 2447
1599 1679 1718
2297 2405 2421
1147 1245 1267
1357 1457 1485
181 316 313
579 720 694
1904 1980 2021
2147 2218 2261
1569 1660 1691
2397 2491 2507
1017 1118 1118
1085 1182 1196
1957 2030 2067
598 746 715
2348 2454 2463
1199 1286 1317
1274 1371 1388
2426 2507 2525
2008 2075 2107
966 1065 1080
747 863 878
367 486 482
2237 2322 2358
1302 1393 1417
1835 1896 1954
1059 1159 1168
1 1 100
114 239 255
20 1 25
164 287 320
249 363 382
286 389 420
458 547 577
301 408 440
269 376 399
130 256 277
378 477 511
342 445 474
482 563 597
442 527 558
150 271 298
211 320 353
361 460 496
114 239 255
187 305 333
323 423 456
228 342 368
419 506 543
399 493 528
20 3 3
134 239 255
130 243 256
116 241 256
120 245 256
114 239 255
120 233 256
124 229 256
118 235 255
122 231 255
126 231 255
128 233 256
132 237 256
118 243 255
116 237 255
130 235 255
126 247 255
132 241 256
122 247 256
128 245 256
124 249 255
12 12 10
116 116 96
108 124 94
76 108 94
84 100 96
108 108 98
92 140 90
92 92 98
100 132 92
76 124 90
68 116 92
84 132 88
100 100 100
10 2 10
500 500 500
508 508 508
300 300 300
100 100 100
308 308 308
108 108 108
208 208 208
400 400 400
408 408 408
200 200 200
200 1 100
1794 -1441 288
3954 -3601 293
994 1119 288
514 -161 297
3314 3439 291
5954 2399 330
3234 3359 296
4514 3839 266
3234 -2881 266
6434 1919 288
2994 3119 320
1634 -1281 326
4194 4159 329
5314 3039 321
2594 2719 264
4034 4159 289
4274 -3601 292
3394 3519 323
2274 -1921 271
6754 1599 260
1874 1999 330
2114 2239 327
2274 2399 311
5634 -2241 321
4594 3759 266
1234 1359 313
434 559 330
3794 -3441 303
2434 2559 265
7394 959 314
6114 2239 270
3154 3279 285
4354 3999 322
274 399 315
2994 -2641 275
754 -401 325
7554 -321 313
3634 -3281 327
2354 2479 317
7714 -161 321
7474 879 256
5954 -1921 260
6034 -1841 260
6194 2159 334
2514 2639 330
5794 2559 295
7234 -641 291
4514 -3361 331
7714 639 278
2754 2879 262
6114 -1761 288
4834 3519 329
4914 -2961 314
3714 3839 307
1714 -1361 329
834 959 256
5714 2639 303
1314 -961 274
5874 -2001 331
4114 4239 295
1474 1599 316
5634 2719 282
1074 1199 263
5474 2879 262
3074 3199 289
1874 -1521 321
1314 1439 270
4674 -3201 333
7634 -241 275
6274 -1601 285
4914 3439 260
3874 -3521 262
6514 1839 273
3874 3999 331
4834 -3041 323
4354 -3521 300
5394 2959 299
6194 -1681 307
5074 3279 290
2674 -2321 313
7954 399 318
834 -481 258
7394 -481 318
6754 -1121 296
5874 2479 270
4754 -3121 257
7074 -801 310
5234 -2641 330
4034 -3681 273
3074 -2721 285
2034 2159 279
194 159 297
5474 -2401 264
2834 -2481 299
5234 3119 277
2194 -1841 322
1074 -721 312
3394 -3041 275
6354 -1521 289
8114 239 325
354 -1 316
6034 2319 323
114 239 255
6914 1439 281
2114 -1761 275
1154 -801 278
1394 -1041 333
6594 1759 258
4754 3599 322
6674 -1201 265
8034 319 260
7794 -81 313
4994 -2881 269
2034 -1681 299
3634 3759 334
6434 -1441 324
6994 1359 303
3954 4079 289
6674 1679 315
434 -81 319
2194 2319 331
3474 3599 329
6274 2079 287
354 479 276
7794 559 256
2354 -2001 312
1394 1519 299
3154 -2801 261
2914 3039 280
7554 799 318
2754 -2401 302
1954 -1601 329
6354 1999 266
1234 -881 314
5154 -2721 331
4114 -3761 308
6834 1519 325
5794 -2081 275
7474 -401 273
1154 1279 266
6834 -1041 257
514 639 313
1634 1759 299
4674 3679 298
274 79 296
2674 2799 285
2594 -2241 324
7314 1039 282
3554 -3201 260
3474 -3121 255
1794 1919 304
1554 1679 325
7314 -561 298
3554 3679 331
8034 159 318
3794 3919 298
994 -641 314
4434 3919 301
4274 4079 290
6994 -881 328
6514 -1361 283
7874 479 298
7154 1199 276
5154 3199 322
3714 -3361 297
7074 1279 256
7874 -1 260
674 -321 257
1954 2079 275
5074 -2801 327
2834 2959 285
4194 -3681 303
754 879 310
3314 -2961 281
914 1039 261
7954 79 301
7634 719 301
2514 -2161 268
7234 1119 322
594 -241 320
1474 -1121 319
6594 -1281 310
594 719 307
674 799 308
2914 -2561 317
2434 -2081 292
7154 -721 321
5314 -2561 317
1714 1839 263
5714 -2161 266
5554 2799 307
1554 -1201 306
5394 -2481 278
6914 -961 263
914 -561 298
4594 -3281 298
194 319 322
4434 -3441 261
4994 3359 269
5554 -2321 259
8 8 10
100 100 100
100 132 100
92 108 100
108 108 100
108 124 100
84 116 100
92 124 100
116 116 100
5 2 20
159 282 289
146 267 278
114 239 255
131 249 266
175 295 307
8 7 10
108 124 103
116 116 102
100 132 104
92 124 105
84 116 106
100 100 100
108 108 101
92 108 107
8 7 10
84 116 106
100 132 104
92 108 107
116 116 102
100 100 100
108 124 103
108 108 101
92 124 105
200 50 100
2434 2559 265
914 1039 261
3074 -2721 285
2274 -1921 271
3874 3999 331
1874 1999 330
2034 2159 279
8034 319 260
5954 -1921 260
5874 2479 270
7954 79 301
5714 -2161 266
1394 -1041 333
2834 -2481 299
7634 719 301
6354 -1521 289
7794 -81 313
5234 -2641 330
7234 1119 322
4914 -2961 314
1954 -1601 329
834 959 256
274 399 315
6034 2319 323
1714 1839 263
994 1119 288
7154 -721 321
4994 -2881 269
1554 1679 325
3234 3359 296
754 879 310
2674 2799 285
7474 -401 273
3554 3679 331
3714 3839 307
114 239 255
4914 3439 260
3714 -3361 297
4194 4159 329
2194 2319 331
2274 2399 311
5154 3199 322
7714 639 278
7154 1199 276
434 559 330
2194 -1841 322
4514 3839 266
6594 1759 258
1234 1359 313
3154 -2801 261
5474 2879 262
3474 -3121 255
4274 4079 290
2834 2959 285
5314 -2561 317
7874 479 298
834 -481 258
2514 -2161 268
6194 2159 334
5314 3039 321
5634 2719 282
6754 1599 260
1794 -1441 288
434 -81 319
3554 -3201 260
5874 -2001 331
6834 -1041 257
5074 3279 290
2914 -2561 317
4034 4159 289
6914 1439 281
1554 -1201 306
4674 -3201 333
2994 3119 320
4194 -3681 303
4114 -3761 308
3794 -3441 303
3874 -3521 262
274 79 296
7074 -801 310
3154 3279 285
4674 3679 298
6114 2239 270
4434 -3441 261
4754 3599 322
7474 879 256
2594 2719 264
354 479 276
3634 3759 334
4834 -3041 323
6594 -1281 310
4834 3519 329
5394 2959 299
6034 -1841 260
194 319 322
5554 -2321 259
2994 -2641 275
7634 -241 275
2514 2639 330
7314 -561 298
7714 -161 321
5794 -2081 275
2434 -2081 292
3954 4079 289
6274 -1601 285
6514 -1361 283
6354 1999 266
7394 -481 318
6434 1919 288
7074 1279 256
8034 159 318
6194 -1681 307
354 -1 316
1874 -1521 321
7314 1039 282
2754 -2401 302
4994 3359 269
1474 1599 316
6834 1519 325
5794 2559 295
5234 3119 277
2034 -1681 299
1154 1279 266
3074 3199 289
1074 1199 263
754 -401 325
1234 -881 314
2354 -2001 312
2114 2239 327
3634 -3281 327
4354 -3521 300
7554 -321 313
5154 -2721 331
1074 -721 312
914 -561 298
7394 959 314
1314 1439 270
4114 4239 295
2354 2479 317
6274 2079 287
3394 -3041 275
3794 3919 298
4754 -3121 257
2674 -2321 313
6914 -961 263
514 639 313
4514 -3361 331
4274 -3601 292
1634 -1281 326
2754 2879 262
2594 -2241 324
994 -641 314
4434 3919 301
6994 -881 328
1634 1759 299
6114 -1761 288
1474 -1121 319
594 -241 320
1394 1519 299
1314 -961 274
7874 -1 260
5954 2399 330
6674 1679 315
6674 -1201 265
514 -161 297
5474 -2401 264
4594 3759 266
5074 -2801 327
594 719 307
4594 -3281 298
7794 559 256
6754 -1121 296
3234 -2881 266
674 -321 257
5634 -2241 321
5394 -2481 278
6994 1359 303
674 799 308
2114 -1761 275
7954 399 318
5714 2639 303
6514 1839 273
1794 1919 304
1714 -1361 329
5554 2799 307
2914 3039 280
4354 3999 322
3474 3599 329
3314 3439 291
1954 2079 275
4034 -3681 273
6434 -1441 324
7234 -641 291
3394 3519 323
194 159 297
8114 239 325
1154 -801 278
3954 -3601 293
3314 -2961 281
7554 799 318
6 3 10
100 100 100
124 104 100
108 92 105
116 112 103
108 108 100
116 96 105
41 4 12
130 100 100
170 190 100
230 100 100
150 100 100
110 210 100
100 300 100
200 100 100
120 180 100
140 240 100
150 170 100
120 100 100
110 100 100
160 180 100
210 100 100
170 210 100
160 100 100
280 300 100
220 300 100
160 220 100
140 300 100
140 160 100
130 230 100
120 220 100
120 300 100
200 300 100
130 170 100
190 100 100
260 300 100
100 100 100
160 300 100
180 200 100
240 100 100
100 200 100
240 300 100
180 100 100
180 300 100
110 190 100
150 230 100
140 100 100
170 100 100
220 100 100
10 3 10
148 148 106
108 108 108
156 156 102
100 100 100
164 164 108
116 116 102
132 132 104
140 140 104
124 124 106
172 172 100
252 200 7
-96 240 145
-48 96 125
-6 282 110
138 150 130
-42 102 120
78 210 130
18 30 60
-150 150 140
36 252 115
72 120 125
30 270 130
120 216 145
-102 138 130
0 240 105
102 234 130
42 282 140
0 288 105
-144 144 145
132 156 135
162 174 130
42 150 120
-60 276 155
0 96 145
48 144 125
-24 216 105
-30 222 110
54 90 120
-36 276 135
18 210 130
-72 72 125
54 54 90
-42 150 130
-114 210 140
0 0 5
-24 168 145
78 126 130
-60 60 135
6 198 140
-162 174 120
-54 246 130
144 144 125
-6 234 100
18 114 130
-30 78 140
78 258 110
-108 180 115
-120 120 145
54 150 130
90 138 140
-102 234 150
-6 186 150
-18 126 100
-54 54 140
-6 138 100
-18 222 100
36 300 155
-162 162 130
-60 204 115
-66 210 120
96 96 105
-120 216 145
-12 300 95
60 156 135
-66 258 140
-24 120 105
-90 138 120
-150 186 110
-6 42 40
-48 192 105
-24 24 25
-78 126 110
90 246 120
90 150 150
72 216 125
12 204 135
72 72 105
84 156 155
132 132 115
66 78 110
-30 162 140
48 96 125
24 264 125
-66 162 110
-18 270 120
30 258 120
84 108 115
-54 282 150
-30 66 150
-18 174 150
-36 156 135
-18 306 100
6 90 150
-156 180 115
66 66 100
-42 234 120
-12 276 115
84 204 135
48 240 105
108 204 155
12 132 115
-90 90 110
36 36 75
-66 270 150
-144 192 105
-12 12 15
36 84 135
-96 96 105
30 174 100
18 318 140
138 138 120
36 156 115
78 162 150
0 192 145
-42 90 130
114 114 100
-108 204 135
-156 156 135
-36 60 155
-84 132 115
108 108 95
-90 234 140
72 264 105
-12 324 115
-18 318 110
-72 216 125
12 108 135
-132 180 95
-84 228 135
6 234 110
24 24 65
-18 30 30
-132 132 155
-90 102 100
120 120 105
36 276 135
-48 288 145
-12 228 95
-48 240 125
66 258 100
-102 198 130
102 102 100
12 36 55
6 330 130
-6 6 10
42 90 130
-168 168 125
12 228 115
-12 36 35
96 240 125
0 144 105
60 84 115
-12 132 95
-6 294 100
132 180 155
-108 132 135
-60 156 115
-126 174 100
-12 180 155
72 168 145
-24 264 125
-96 144 125
18 126 120
60 204 115
-78 222 130
66 210 120
-48 144 125
90 102 110
114 222 140
-30 114 110
30 306 150
42 294 150
48 192 105
30 162 110
-84 108 95
-114 126 140
120 168 145
126 162 140
126 174 150
48 48 85
66 162 140
24 216 125
150 186 140
144 192 145
-6 330 120
-42 282 140
30 78 140
-108 228 155
-54 198 110
12 324 135
-102 186 120
-138 138 150
-72 264 145
30 30 70
-24 312 105
24 168 105
48 288 145
24 120 125
-60 252 135
-36 108 115
-84 84 115
-36 228 115
114 210 150
-30 270 130
54 198 110
54 246 100
36 180 95
102 198 150
-138 186 100
-78 78 120
-54 150 120
-36 84 135
126 126 110
-24 72 145
18 222 120
0 336 125
108 228 135
42 186 100
96 192 145
84 252 115
96 144 145
-126 126 150
-42 54 150
78 114 120
-18 18 20
156 180 135
6 138 110
0 48 45
60 252 95
24 312 145
12 84 155
90 198 140
6 102 140
138 186 150
-60 180 95
42 42 80
-120 168 105
18 78 150
-48 48 145
-54 186 100
-72 120 105
24 72 145
-66 174 100
-114 174 110
60 60 95
84 132 135
-66 66 130
6 42 50
-96 192 125
42 246 110
-78 114 100
-72 168 105
-114 222 150
60 50 7
6 42 42
6 6 6
-12 36 36
12 132 132
18 30 30
-30 78 78
42 54 54
36 60 60
-36 84 84
-18 30 30
-18 78 78
-30 30 30
24 24 24
6 138 138
-60 84 84
-54 90 90
-48 96 96
-36 36 36
-66 66 66
24 120 120
-60 60 60
12 36 36
36 84 84
-42 90 90
0 144 144
-42 42 42
18 18 18
42 102 102
-12 108 108
66 66 66
0 0 0
30 66 66
42 90 90
-66 78 78
-6 90 90
-24 72 72
-12 132 132
-24 24 24
36 108 108
12 12 12
18 126 126
24 72 72
-12 84 84
0 96 96
60 60 60
-48 48 48
-18 126 126
-6 42 42
48 96 96
-54 54 54
0 48 48
30 78 78
-24 120 120
30 114 114
-18 114 114
-6 102 102
54 54 54
48 48 48
-72 72 72
-6 138 138
200 100 100
5314 -2561 317
4194 4159 329
5074 3279 290
354 -1 316
674 -321 257
6194 2159 334
834 -481 258
4914 -2961 314
4754 3599 322
4834 -3041 323
1074 1199 263
5554 -2321 259
1474 1599 316
1794 -1441 288
2354 2479 317
1394 1519 299
4354 3999 322
5314 3039 321
3714 3839 307
6354 1999 266
3154 3279 285
514 639 313
3074 -2721 285
1634 -1281 326
5794 2559 295
274 79 296
8034 319 260
6114 -1761 288
194 319 322
4994 3359 269
2274 -1921 271
6754 1599 260
514 -161 297
4754 -3121 257
8034 159 318
6354 -1521 289
5234 -2641 330
1154 1279 266
4594 3759 266
5634 2719 282
1554 -1201 306
3874 3999 331
5154 3199 322
2274 2399 311
6114 2239 270
5474 -2401 264
7394 959 314
4034 -3681 273
3474 3599 329
4514 -3361 331
7714 639 278
2194 -1841 322
914 1039 261
3394 3519 323
1874 -1521 321
3554 -3201 260
994 1119 288
5474 2879 262
5234 3119 277
5714 -2161 266
6834 1519 325
6434 1919 288
6194 -1681 307
1394 -1041 333
2914 3039 280
2994 -2641 275
3314 -2961 281
594 -241 320
4274 -3601 292
7074 -801 310
7234 1119 322
754 -401 325
7314 -561 298
1714 -1361 329
7874 479 298
3634 3759 334
594 719 307
8114 239 325
4114 4239 295
1314 -961 274
4674 -3201 333
3954 -3601 293
5714 2639 303
4914 3439 260
6594 1759 258
5394 -2481 278
194 159 297
3234 3359 296
6754 -1121 296
3154 -2801 261
2994 3119 320
2834 -2481 299
2514 2639 330
1554 1679 325
4114 -3761 308
754 879 310
3234 -2881 266
5954 -1921 260
6994 -881 328
1634 1759 299
2354 -2001 312
6994 1359 303
7794 -81 313
5874 2479 270
5634 -2241 321
5394 2959 299
3314 3439 291
6034 2319 323
6434 -1441 324
2754 -2401 302
3074 3199 289
6274 2079 287
2674 2799 285
2194 2319 331
3714 -3361 297
2594 -2241 324
4674 3679 298
4994 -2881 269
4594 -3281 298
4434 -3441 261
6674 1679 315
3394 -3041 275
1794 1919 304
834 959 256
354 479 276
6674 -1201 265
7634 719 301
7474 -401 273
4514 3839 266
674 799 308
3554 3679 331
6594 -1281 310
2114 -1761 275
4194 -3681 303
7634 -241 275
6514 -1361 283
3794 3919 298
7954 399 318
7154 -721 321
6274 -1601 285
2514 -2161 268
7314 1039 282
1874 1999 330
5874 -2001 331
1954 2079 275
3634 -3281 327
1954 -1601 329
434 -81 319
7474 879 256
2834 2959 285
1314 1439 270
2034 2159 279
7794 559 256
7554 -321 313
5074 -2801 327
2914 -2561 317
4034 4159 289
7074 1279 256
4434 3919 301
2114 2239 327
7554 799 318
5794 -2081 275
7154 1199 276
4274 4079 290
1074 -721 312
6514 1839 273
434 559 330
6034 -1841 260
7954 79 301
5954 2399 330
4834 3519 329
3794 -3441 303
994 -641 314
6834 -1041 257
7874 -1 260
2034 -1681 299
914 -561 298
114 239 255
3954 4079 289
2674 -2321 313
5554 2799 307
1234 -881 314
2434 2559 265
3474 -3121 255
1154 -801 278
1474 -1121 319
3874 -3521 262
2754 2879 262
7714 -161 321
2434 -2081 292
4354 -3521 300
274 399 315
6914 -961 263
6914 1439 281
2594 2719 264
1714 1839 263
5154 -2721 331
7394 -481 318
1234 1359 313
7234 -641 291
20 19 3
120 245 256
128 245 256
128 233 256
126 231 255
122 247 256
114 239 255
118 243 255
116 241 256
124 249 255
130 235 255
120 233 256
130 243 256
122 231 255
126 247 255
132 241 256
132 237 256
116 237 255
134 239 255
124 229 256
118 235 255
16 16 12
150 130 100
120 80 100
150 70 100
130 70 100
180 100 100
170 110 100
140 60 100
160 120 100
100 100 100
140 140 100
170 90 100
110 90 100
160 80 100
130 130 100
120 120 100
110 110 100
20 20 10
92 132 99
100 100 100
140 132 97
132 148 100
140 116 99
108 148 103
116 100 102
100 148 104
124 148 101
140 124 98
116 148 102
92 108 96
124 100 103
140 108 100
108 100 101
132 100 104
92 140 100
92 116 97
92 124 98
140 140 96
5 4 20
146 267 278
175 295 307
131 249 266
159 282 289
114 239 255
100 99 32
1199 1286 1317
1508 1596 1623
1759 1830 1883
1256 1341 1361
1106 1200 1226
1147 1245 1267
628 765 734
488 622 593
1622 1704 1745
818 918 936
1126 1217 1247
764 881 897
1709 1787 1841
1483 1580 1604
966 1065 1080
896 977 1011
2237 2322 2358
792 902 919
650 783 762
689 827 820
1378 1473 1505
2032 2096 2129
286 412 407
1017 1118 1118
2195 2273 2313
1341 1431 1461
1059 1159 1168
1667 1740 1793
1957 2030 2067
1649 1723 1767
422 541 522
2375 2470 2489
1835 1896 1954
2008 2075 2107
1357 1457 1485
1740 1814 1864
337 460 455
230 359 368
2348 2454 2463
2397 2491 2507
1934 2008 2043
2061 2125 2160
1462 1551 1583
2098 2170 2203
203 333 337
2214 2303 2331
1085 1182 1196
1274 1371 1388
2082 2146 2182
533 674 637
839 937 963
1599 1679 1718
2297 2405 2421
2119 2192 2234
2452 2526 2541
2281 2375 2403
367 486 482
133 267 276
1788 1848 1903
1434 1520 1557
1404 1500 1527
2147 2218 2261
1174 1263 1287
1323 1409 1438
2264 2350 2374
986 1091 1098
313 432 431
673 803 789
923 1008 1032
1569 1660 1691
114 239 255
945 1039 1062
515 650 611
1683 1769 1818
1226 1314 1341
2426 2507 2525
460 591 573
1904 1980 2021
1035 1141 1143
598 746 715
579 720 694
1987 2051 2087
716 847 851
747 863 878
392 516 505
1528 1624 1649
440 571 547
2320 2435 2447
1302 1393 1417
2168 2242 2284
2480 2553 2560
1854 1926 1974
181 316 313
258 388 390
866 954 994
1884 1952 1997
1546 1641 1675
160 293 296
552 693 667
1811 1873 1927
12 12 80
242 111 261
434 175 308
370 367 266
242 367 299
178 303 306
306 431 308
498 239 307
306 47 304
114 239 255
370 111 294
434 303 265
178 175 256
8 4 100
260 100 207
100 260 200
340 180 206
420 260 205
180 340 201
260 420 202
180 180 209
340 340 203
12 1 80
178 175 256
242 111 261
114 239 255
370 367 266
434 303 265
306 47 304
498 239 307
306 431 308
242 367 299
370 111 294
178 303 306
434 175 308
60 50 7
24 24 100
-30 78 100
-24 24 100
-36 84 100
-6 90 100
36 84 100
-30 30 100
-60 84 100
-66 78 100
24 120 100
-6 138 100
-18 126 100
30 78 100
6 6 100
-48 48 100
-18 30 100
12 12 100
-54 54 100
48 48 100
-48 96 100
60 60 100
-12 36 100
-12 84 100
-24 72 100
30 114 100
-12 132 100
42 90 100
54 54 100
-24 120 100
-18 78 100
-12 108 100
0 0 100
18 18 100
66 66 100
12 132 100
12 36 100
-18 114 100
18 30 100
6 138 100
-6 42 100
-42 90 100
42 54 100
-42 42 100
-66 66 100
0 144 100
-6 102 100
24 72 100
42 102 100
30 66 100
6 42 100
-54 90 100
36 60 100
-36 36 100
-72 72 100
0 96 100
-60 60 100
0 48 100
18 126 100
36 108 100
48 96 100
6 6 10
124 104 100
100 100 100
108 108 100
108 92 105
116 96 105
116 112 103
41 5 12
140 160 100
170 100 100
220 300 100
100 100 100
110 210 100
200 100 100
220 100 100
150 230 100
130 100 100
280 300 100
190 100 100
150 170 100
110 100 100
140 240 100
140 300 100
140 100 100
100 300 100
120 180 100
210 100 100
160 300 100
240 300 100
120 220 100
180 200 100
170 190 100
110 190 100
160 220 100
240 100 100
260 300 100
180 300 100
180 100 100
160 100 100
120 300 100
130 230 100
200 300 100
230 100 100
160 180 100
130 170 100
120 100 100
100 200 100
150 100 100
170 210 100
8 8 10
108 108 101
100 100 100
92 124 105
116 116 102
100 132 104
92 108 107
84 116 106
108 124 103
12 12 10
68 116 104
100 100 100
116 116 104
84 100 100
76 108 102
100 132 108
108 108 102
108 124 106
92 92 98
92 140 110
84 132 108
76 124 106
10 3 12
130 100 110
170 100 110
120 100 100
100 100 100
180 100 100
160 100 100
190 100 110
140 100 100
150 100 110
110 100 110
41 8 12
280 300 100
110 100 100
240 300 100
100 300 100
130 230 100
220 100 100
120 220 100
210 100 100
100 200 100
200 100 100
110 210 100
140 300 100
150 170 100
100 100 100
180 200 100
160 180 100
240 100 100
130 100 100
180 300 100
150 230 100
230 100 100
140 240 100
160 300 100
260 300 100
110 190 100
170 100 100
220 300 100
120 300 100
140 160 100
120 100 100
130 170 100
120 180 100
140 100 100
150 100 100
180 100 100
170 210 100
160 100 100
200 300 100
170 190 100
190 100 100
160 220 100
8 6 100
180 180 209
180 340 201
260 420 202
100 260 200
340 340 203
260 100 207
340 180 206
420 260 205
200 200 100
5954 -1921 260
3314 3439 291
2194 2319 331
3874 3999 331
7714 -161 321
7874 479 298
7794 559 256
6514 1839 273
1234 -881 314
194 159 297
1154 -801 278
2034 -1681 299
6914 1439 281
1474 1599 316
594 -241 320
434 -81 319
5794 2559 295
6754 1599 260
994 1119 288
514 -161 297
6914 -961 263
7394 959 314
6994 -881 328
354 479 276
3634 3759 334
3234 -2881 266
2434 2559 265
7634 719 301
2354 2479 317
4594 3759 266
1554 -1201 306
434 559 330
3954 4079 289
7074 1279 256
274 79 296
6274 -1601 285
6594 1759 258
4274 4079 290
4834 -3041 323
1234 1359 313
1314 1439 270
3394 -3041 275
2514 -2161 268
1634 -1281 326
3474 -3121 255
114 239 255
5394 2959 299
6354 -1521 289
7234 1119 322
4914 -2961 314
1954 2079 275
7394 -481 318
6114 2239 270
754 879 310
8034 159 318
6114 -1761 288
6354 1999 266
7314 1039 282
2674 2799 285
6594 -1281 310
3634 -3281 327
2594 -2241 324
4034 4159 289
1714 -1361 329
7794 -81 313
1314 -961 274
7954 399 318
2994 -2641 275
7554 799 318
5314 3039 321
1714 1839 263
4114 4239 295
7154 -721 321
3074 3199 289
1154 1279 266
1474 -1121 319
4594 -3281 298
6754 -1121 296
6194 2159 334
4914 3439 260
994 -641 314
3394 3519 323
4674 -3201 333
5394 -2481 278
5234 3119 277
6834 -1041 257
354 -1 316
5474 -2401 264
7474 -401 273
2114 -1761 275
5154 3199 322
2834 2959 285
1394 1519 299
674 799 308
4434 3919 301
2754 -2401 302
3714 3839 307
4754 -3121 257
2034 2159 279
6274 2079 287
4034 -3681 273
3074 -2721 285
4674 3679 298
5634 2719 282
5314 -2561 317
6434 -1441 324
834 -481 258
7714 639 278
514 639 313
5714 2639 303
6034 -1841 260
3234 3359 296
1394 -1041 333
7874 -1 260
2514 2639 330
7554 -321 313
4994 -2881 269
4514 3839 266
1874 1999 330
5874 2479 270
2274 -1921 271
2354 -2001 312
3554 -3201 260
274 399 315
4114 -3761 308
5874 -2001 331
4434 -3441 261
7154 1199 276
3954 -3601 293
1634 1759 299
674 -321 257
5474 2879 262
1874 -1521 321
2674 -2321 313
754 -401 325
3794 3919 298
1794 -1441 288
2914 -2561 317
5154 -2721 331
7474 879 256
3874 -3521 262
2754 2879 262
3154 -2801 261
7314 -561 298
4274 -3601 292
6034 2319 323
5634 -2241 321
914 1039 261
2114 2239 327
4514 -3361 331
7074 -801 310
4354 -3521 300
2834 -2481 299
4354 3999 322
6994 1359 303
3714 -3361 297
3474 3599 329
7634 -241 275
6674 -1201 265
4754 3599 322
6834 1519 325
8034 319 260
3794 -3441 303
1554 1679 325
5554 -2321 259
2194 -1841 322
5794 -2081 275
1954 -1601 329
2914 3039 280
194 319 322
5954 2399 330
4834 3519 329
3154 3279 285
2274 2399 311
5234 -2641 330
1074 -721 312
834 959 256
4194 4159 329
5074 -2801 327
6514 -1361 283
1074 1199 263
3314 -2961 281
4194 -3681 303
2434 -2081 292
6674 1679 315
1794 1919 304
6434 1919 288
5074 3279 290
5554 2799 307
594 719 307
914 -561 298
3554 3679 331
5714 -2161 266
2594 2719 264
7234 -641 291
2994 3119 320
8114 239 325
7954 79 301
4994 3359 269
6194 -1681 307
10 3 10
132 132 100
124 124 108
148 148 100
100 100 100
108 108 108
116 116 100
140 140 108
164 164 100
156 156 108
172 172 108
100 100 32
2098 2170 2203
1483 1580 1604
1788 1848 1903
1226 1314 1341
1017 1118 1118
1274 1371 1388
1199 1286 1317
818 918 936
1035 1141 1143
923 1008 1032
764 881 897
1174 1263 1287
286 412 407
203 333 337
673 803 789
1667 1740 1793
1323 1409 1438
1811 1873 1927
650 783 762
440 571 547
160 293 296
986 1091 1098
747 863 878
1106 1200 1226
2480 2553 2560
1302 1393 1417
579 720 694
2195 2273 2313
258 388 390
1987 2051 2087
1904 1980 2021
2082 2146 2182
1378 1473 1505
1709 1787 1841
1569 1660 1691
2214 2303 2331
1622 1704 1745
2397 2491 2507
1434 1520 1557
598 746 715
2032 2096 2129
422 541 522
2147 2218 2261
552 693 667
133 267 276
866 954 994
2008 2075 2107
1854 1926 1974
1341 1431 1461
1126 1217 1247
792 902 919
337 460 455
1404 1500 1527
2281 2375 2403
114 239 255
1528 1624 1649
2426 2507 2525
460 591 573
1085 1182 1196
367 486 482
2168 2242 2284
1835 1896 1954
1059 1159 1168
1740 1814 1864
313 432 431
716 847 851
533 674 637
181 316 313
1649 1723 1767
2375 2470 2489
2264 2350 2374
689 827 820
1934 2008 2043
2348 2454 2463
1884 1952 1997
2297 2405 2421
1508 1596 1623
1546 1641 1675
628 765 734
488 622 593
1957 2030 2067
2119 2192 2234
1357 1457 1485
1147 1245 1267
2452 2526 2541
392 516 505
230 359 368
2320 2435 2447
2237 2322 2358
1599 1679 1718
945 1039 1062
966 1065 1080
515 650 611
839 937 963
2061 2125 2160
1256 1341 1361
1759 1830 1883
896 977 1011
1462 1551 1583
1683 1769 1818
4 4 10
108 106 101
116 100 102
100 100 100
108 94 101
32 10 12
220 120 100
270 110 110
120 120 100
170 110 110
150 70 100
170 90 100
200 100 100
140 140 110
140 60 110
280 100 108
220 80 110
260 120 110
100 100 100
240 60 110
130 70 110
250 130 110
110 90 110
230 70 110
160 80 100
260 80 108
250 70 108
210 90 110
240 140 110
130 130 100
270 90 108
180 100 100
230 130 100
210 110 100
110 110 100
150 130 110
120 80 110
160 120 110
77 10 10
264 64 100
256 56 100
440 -240 100
360 0 100
416 -104 100
344 16 100
248 -32 100
352 8 100
232 32 100
216 16 100
416 -184 100
296 16 100
440 -160 100
400 -120 100
280 -80 100
376 -96 100
480 -120 100
264 -64 100
456 -144 100
320 -120 100
288 8 100
320 40 100
440 -80 100
504 -144 100
408 -208 100
432 -88 100
424 -176 100
328 32 100
520 -160 100
376 -64 100
400 -200 100
432 -72 100
416 -56 100
312 32 100
392 -112 100
256 -24 100
408 -48 100
200 0 100
432 -232 100
368 -72 100
408 -112 100
464 -136 100
336 24 100
224 24 100
496 -136 100
336 -104 100
416 -216 100
240 40 100
448 -152 100
272 72 100
512 -152 100
472 -128 100
272 -8 100
328 -112 100
208 8 100
240 -40 100
392 -48 100
280 0 100
304 24 100
344 -96 100
424 -64 100
256 -56 100
400 -40 100
248 48 100
384 -56 100
280 80 100
248 -48 100
424 -224 100
264 -16 100
384 -104 100
272 -72 100
360 -80 100
424 -96 100
352 -88 100
432 -168 100
488 -128 100
408 -192 100
100 2 32
1147 1245 1267
2147 2218 2261
716 847 851
181 316 313
2480 2553 2560
1811 1873 1927
1788 1848 1903
1987 2051 2087
1884 1952 1997
1274 1371 1388
2237 2322 2358
2032 2096 2129
2264 2350 2374
2061 2125 2160
1199 1286 1317
792 902 919
673 803 789
1854 1926 1974
818 918 936
2098 2170 2203
392 516 505
133 267 276
1904 1980 2021
1302 1393 1417
2397 2491 2507
1934 2008 2043
2214 2303 2331
2008 2075 2107
923 1008 1032
515 650 611
2320 2435 2447
1035 1141 1143
1508 1596 1623
160 293 296
2082 2146 2182
203 333 337
1740 1814 1864
422 541 522
764 881 897
2375 2470 2489
2452 2526 2541
2195 2273 2313
1256 1341 1361
2168 2242 2284
533 674 637
1599 1679 1718
598 746 715
628 765 734
1378 1473 1505
2281 2375 2403
1341 1431 1461
286 412 407
1323 1409 1438
1483 1580 1604
966 1065 1080
313 432 431
1622 1704 1745
552 693 667
839 937 963
1957 2030 2067
1357 1457 1485
896 977 1011
1546 1641 1675
1226 1314 1341
114 239 255
258 388 390
2348 2454 2463
1667 1740 1793
579 720 694
1434 1520 1557
866 954 994
460 591 573
650 783 762
1126 1217 1247
367 486 482
1569 1660 1691
2297 2405 2421
689 827 820
1462 1551 1583
488 622 593
1649 1723 1767
1759 1830 1883
1835 1896 1954
1085 1182 1196
945 1039 1062
1683 1769 1818
2426 2507 2525
1059 1159 1168
1106 1200 1226
440 571 547
1709 1787 1841
2119 2192 2234
337 460 455
1174 1263 1287
1017 1118 1118
1528 1624 1649
230 359 368
1404 1500 1527
986 1091 1098
747 863 878
5 1 20
131 249 266
159 282 289
114 239 255
175 295 307
146 267 278
20 20 3
132 237 256
118 243 255
124 249 255
126 231 255
120 233 256
130 235 255
114 239 255
118 235 255
128 245 256
122 247 256
120 245 256
130 243 256
132 241 256
122 231 255
116 241 256
128 233 256
124 229 256
116 237 255
134 239 255
126 247 255
10 5 8
10 10 10
30 30 30
40 40 40
25 25 25
50 50 50
5 5 5
15 15 15
35 35 35
20 20 20
45 45 45
9 3 10
160 60 160
138 78 138
130 80 130
116 116 116
168 48 168
176 56 176
146 86 146
100 100 100
108 108 108
8 5 100
180 340 201
100 260 200
340 180 206
260 100 207
340 340 203
260 420 202
180 180 209
420 260 205
10 4 12
130 100 110
150 100 100
110 100 110
190 100 110
180 100 100
120 100 100
140 100 100
100 100 100
170 100 100
160 100 100
3 3 10
114 239 255
126 252 268
121 244 261
80 4 10
3308 414 420
3908 474 480
2900 380 380
3308 426 420
2500 340 340
1308 226 220
3516 440 440
1716 260 260
2100 300 300
708 154 160
1300 220 220
308 114 120
1308 214 220
3316 420 420
708 166 160
1908 286 280
3916 480 480
2116 300 300
908 174 180
3716 460 460
2908 374 380
100 100 100
2108 306 300
300 120 120
3908 486 480
2308 326 320
108 94 100
2508 346 340
2908 386 380
1108 206 200
308 126 120
1100 200 200
108 106 100
2508 334 340
1508 246 240
1508 234 240
2300 320 320
2708 366 360
1516 240 240
1708 266 260
716 160 160
2308 314 320
1900 280 280
508 146 140
3100 400 400
1708 254 260
1116 200 200
508 134 140
2108 294 300
908 186 180
316 120 120
2716 360 360
1908 274 280
3500 440 440
3300 420 420
2316 320 320
2516 340 340
3900 480 480
2708 354 360
3108 394 400
1316 220 220
116 100 100
3116 400 400
1500 240 240
1916 280 280
3700 460 460
900 180 180
1700 260 260
3708 454 460
3508 446 440
3508 434 440
3108 406 400
2700 360 360
500 140 140
1108 194 200
916 180 180
516 140 140
3708 466 460
2916 380 380
700 160 160
6 5 10
124 104 100
108 108 100
116 112 103
108 92 105
116 96 105
100 100 100
6 4 10
108 92 105
116 96 105
100 100 100
116 112 103
108 108 100
124 104 100
4 4 10
100 100 100
116 100 100
108 94 100
108 106 100
252 200 7
18 210 232
-132 180 191
-126 174 192
24 312 273
-18 18 104
-72 216 209
36 36 115
-138 186 190
84 204 303
60 252 287
36 156 315
-84 132 171
-6 42 108
138 138 340
-42 102 148
0 192 229
-144 144 181
18 114 136
-48 192 213
-18 30 106
108 228 295
-66 66 160
-108 180 195
78 114 330
84 108 331
30 270 280
-108 228 203
-90 138 172
24 264 281
-144 192 189
-6 6 102
-30 78 152
18 222 234
96 240 293
-114 210 200
-18 270 258
-90 90 164
114 210 298
96 192 301
120 120 337
6 42 110
-156 180 187
30 174 312
108 204 299
-60 252 247
12 324 271
-150 150 182
-54 186 214
42 42 116
6 102 134
-42 54 156
-72 72 161
-48 288 253
-6 330 268
-12 180 227
30 258 282
-48 48 157
-12 12 103
78 258 290
-6 294 262
-36 156 223
6 90 132
-54 198 212
12 132 139
72 264 289
0 48 109
24 72 129
-66 210 210
54 198 308
0 288 261
72 168 321
-78 114 168
102 234 294
-84 228 207
-18 306 264
138 186 348
6 234 236
90 246 292
-48 144 221
78 126 328
-6 138 142
30 306 274
-12 300 263
-78 126 170
-78 222 208
66 258 288
138 150 342
126 174 346
0 336 269
-42 282 254
48 144 317
-102 198 198
66 66 120
66 210 306
-12 276 259
-162 174 186
30 162 314
54 150 318
-114 222 202
114 222 296
-150 186 188
-60 204 211
18 318 272
48 288 277
-162 162 184
-42 90 150
30 30 114
-54 54 158
12 228 235
144 192 349
-66 162 218
-72 120 169
42 294 276
0 240 237
12 204 231
-84 84 163
12 108 135
-36 228 243
-126 126 178
-42 234 244
126 126 338
162 174 352
18 126 138
12 84 131
-24 72 153
48 96 125
132 180 347
-102 186 196
-168 168 185
24 24 113
-30 114 146
96 96 333
84 156 323
42 186 310
126 162 344
90 198 302
-36 84 151
-12 228 239
36 252 283
42 90 126
-90 234 206
72 216 305
144 144 341
-24 264 257
132 132 339
-6 282 260
84 252 291
-120 216 201
156 180 351
132 156 343
36 84 127
-18 318 266
36 276 279
-102 234 204
0 144 141
54 90 124
6 198 230
48 192 309
48 48 117
-36 108 147
42 282 278
0 96 133
90 138 326
-12 132 143
-132 132 179
-66 270 250
60 84 123
-48 240 245
-120 168 193
-72 264 249
-54 150 220
-36 276 255
36 180 311
-156 156 183
-96 240 205
150 186 350
-24 168 225
36 300 275
-30 270 256
102 198 300
24 120 137
72 120 329
120 168 345
84 132 327
-66 174 216
6 330 270
42 246 284
54 54 118
-84 108 167
-60 60 159
-24 216 241
-12 36 107
120 216 297
-114 126 176
-18 174 226
-30 162 224
-120 120 177
24 168 313
-114 174 194
96 144 325
78 210 304
-18 222 240
54 246 286
102 102 334
-90 102 166
-78 78 162
-36 60 155
-96 192 197
-30 222 242
-108 204 199
-60 180 215
-96 144 173
-6 234 238
72 72 121
66 78 122
78 162 322
-54 246 246
6 138 140
0 0 101
-12 324 267
-30 66 154
-6 186 228
60 60 119
-138 138 180
-102 138 174
-24 312 265
18 30 112
-66 258 248
-24 24 105
-48 96 149
-96 96 165
-18 126 144
60 204 307
48 240 285
-54 282 252
24 216 233
60 156 319
-24 120 145
12 36 111
-60 156 219
-42 150 222
108 108 335
42 150 316
-60 276 251
90 150 324
30 78 128
90 102 332
114 114 336
66 162 320
-108 132 175
18 78 130
-72 168 217
8 1 100
40000000 -40000000 -40000000
-40000000 -40000000 40000000
-40000000 40000000 40000000
40000000 -40000000 40000000
40000000 40000000 -40000000
-40000000 40000000 -40000000
-40000000 -40000000 -40000000
40000000 40000000 40000000
12 11 80
242 111 261
178 175 256
370 367 266
242 367 299
306 47 304
434 303 265
498 239 307
114 239 255
370 111 294
178 303 306
306 431 308
434 175 308
1 1 100
100 100 100
200 199 100
7954 399 318
7714 639 278
3554 -3201 260
3874 -3521 262
1154 1279 266
3074 3199 289
7794 -81 313
5874 2479 270
7074 1279 256
3314 3439 291
2914 -2561 317
1954 -1601 329
7074 -801 310
914 1039 261
2914 3039 280
914 -561 298
3154 3279 285
6114 2239 270
1714 1839 263
4754 -3121 257
2434 2559 265
4194 -3681 303
1234 -881 314
7874 -1 260
4434 3919 301
5314 -2561 317
5874 -2001 331
4834 -3041 323
2594 2719 264
1554 1679 325
3394 3519 323
4034 -3681 273
2514 -2161 268
1634 -1281 326
4194 4159 329
1394 -1041 333
4514 -3361 331
2194 -1841 322
194 159 297
7874 479 298
7794 559 256
3874 3999 331
1074 -721 312
274 79 296
3474 -3121 255
1394 1519 299
7634 719 301
4514 3839 266
4034 4159 289
1794 -1441 288
3234 3359 296
1154 -801 278
754 879 310
8034 159 318
5634 2719 282
2354 2479 317
7314 1039 282
594 -241 320
5554 -2321 259
3234 -2881 266
2834 -2481 299
1474 -1121 319
2034 2159 279
2434 -2081 292
2994 -2641 275
754 -401 325
3074 -2721 285
3634 3759 334
2194 2319 331
3794 3919 298
2674 2799 285
5714 2639 303
6354 1999 266
6514 -1361 283
2674 -2321 313
514 639 313
1234 1359 313
7474 -401 273
6994 1359 303
7714 -161 321
994 -641 314
4274 -3601 292
6674 1679 315
1874 -1521 321
434 559 330
3954 4079 289
2994 3119 320
6594 -1281 310
5394 -2481 278
7554 -321 313
354 -1 316
4994 -2881 269
4434 -3441 261
5234 3119 277
3394 -3041 275
7234 -641 291
4114 -3761 308
1634 1759 299
6754 -1121 296
2594 -2241 324
1314 -961 274
1714 -1361 329
5794 2559 295
994 1119 288
4914 -2961 314
3314 -2961 281
1874 1999 330
274 399 315
6674 -1201 265
7394 -481 318
7954 79 301
3474 3599 329
1554 -1201 306
2274 -1921 271
4834 3519 329
6434 -1441 324
1474 1599 316
2114 2239 327
2754 2879 262
3634 -3281 327
5954 -1921 260
4594 -3281 298
2114 -1761 275
194 319 322
8034 319 260
6994 -881 328
354 479 276
6274 -1601 285
1074 1199 263
5074 -2801 327
7634 -241 275
6514 1839 273
4114 4239 295
674 -321 257
6834 -1041 257
7394 959 314
5154 3199 322
2754 -2401 302
6034 2319 323
5234 -2641 330
2274 2399 311
6434 1919 288
4754 3599 322
3954 -3601 293
6194 -1681 307
6754 1599 260
4674 3679 298
6114 -1761 288
6274 2079 287
1794 1919 304
3554 3679 331
834 959 256
4674 -3201 333
5714 -2161 266
4594 3759 266
1954 2079 275
4914 3439 260
6834 1519 325
5074 3279 290
8114 239 325
2354 -2001 312
7154 1199 276
4354 -3521 300
6914 -961 263
7234 1119 322
434 -81 319
5394 2959 299
7154 -721 321
5634 -2241 321
4354 3999 322
834 -481 258
2514 2639 330
6034 -1841 260
5954 2399 330
6914 1439 281
2834 2959 285
3794 -3441 303
5474 -2401 264
3714 3839 307
7474 879 256
594 719 307
5554 2799 307
3714 -3361 297
6594 1759 258
7554 799 318
4274 4079 290
5154 -2721 331
5474 2879 262
3154 -2801 261
1314 1439 270
7314 -561 298
5794 -2081 275
6194 2159 334
5314 3039 321
2034 -1681 299
4994 3359 269
514 -161 297
114 239 255
6354 -1521 289
674 799 308
8 7 100
260 420 202
260 100 207
180 340 201
180 180 209
100 260 200
420 260 205
340 340 203
340 180 206
3 2 10
126 252 268
114 239 255
121 244 261
4 4 10
108 106 100
116 100 100
100 100 100
108 94 100
10 10 10
108 100 100
60 100 100
68 100 100
132 100 100
100 100 100
124 100 100
92 100 100
84 100 100
116 100 100
76 100 100
20 20 10
92 116 100
116 100 100
100 100 100
92 132 100
108 148 100
132 148 100
116 148 100
140 132 100
108 100 100
92 108 100
100 148 100
92 140 100
132 100 100
140 124 100
124 100 100
140 116 100
124 148 100
140 108 100
140 140 100
92 124 100
3 1 10
114 239 255
126 252 268
121 244 261
1001 3 12
280 200 220
220 180 180
240 220 200
100 260 240
140 200 180
280 280 180
120 100 120
160 160 160
100 160 240
280 180 120
220 220 100
220 240 220
200 260 120
100 120 200
180 140 180
120 220 260
160 120 140
120 160 160
140 180 200
260 280 280
100 160 160
260 160 260
180 100 220
100 280 100
160 220 220
140 220 180
160 200 200
140 120 120
160 160 280
240 200 240
100 220 260
100 260 120
100 260 140
240 240 160
120 200 140
280 240 120
160 240 260
120 100 260
120 160 120
180 220 200
140 120 140
140 240 140
160 200 120
160 220 240
100 180 120
280 260 120
100 260 160
140 260 220
200 260 220
160 260 100
140 200 120
280 160 100
240 140 180
260 180 180
160 280 120
280 100 240
220 160 140
280 140 100
200 220 160
220 260 260
160 220 160
280 280 280
180 120 280
180 260 100
260 260 200
160 100 160
240 160 220
140 220 240
140 240 180
120 280 260
100 140 100
220 240 100
280 120 100
120 200 240
140 140 280
280 280 200
280 260 220
220 280 280
280 220 100
200 180 120
140 200 280
160 100 100
120 220 240
200 100 260
140 280 240
100 200 160
260 220 260
220 260 180
160 100 120
280 200 240
260 120 140
100 260 220
160 120 180
240 180 260
160 160 140
240 160 160
260 100 220
280 220 140
120 120 180
220 220 280
160 140 120
140 280 220
120 260 180
120 180 200
200 220 240
100 140 140
260 240 120
140 160 140
220 280 140
100 240 140
110 100 100
200 280 140
160 260 160
160 100 140
280 280 160
220 240 240
120 240 120
140 200 240
160 120 260
220 200 220
100 240 240
240 180 240
280 100 220
280 260 280
160 280 160
200 260 140
200 220 220
240 220 220
100 280 160
120 240 260
140 240 200
120 220 180
160 240 280
180 280 220
120 180 180
240 100 220
280 240 240
160 280 240
180 260 120
100 220 120
100 220 240
160 180 260
180 140 240
120 200 200
180 180 260
140 100 100
180 140 220
220 220 220
240 280 180
240 100 280
220 120 240
180 280 100
200 160 140
240 240 200
100 160 260
260 100 140
240 260 240
100 240 100
100 100 260
280 120 160
140 220 160
200 120 220
280 200 200
160 240 240
160 160 200
180 280 200
160 180 280
220 180 120
280 240 220
140 260 200
220 180 140
160 140 220
200 180 260
220 160 180
260 180 240
260 140 180
180 200 260
200 120 100
180 280 160
280 120 220
200 220 120
200 240 240
280 260 100
280 240 200
240 120 180
200 180 280
220 180 160
180 140 100
120 260 120
180 240 240
180 240 160
140 280 200
280 140 280
220 240 260
140 140 240
200 180 140
180 160 140
200 220 100
240 100 200
160 100 240
260 220 280
140 100 240
260 240 240
280 100 100
120 160 200
240 100 140
160 220 260
180 140 120
160 120 160
280 160 280
140 180 140
200 140 120
100 160 180
100 280 220
240 100 120
260 260 240
220 100 160
260 140 260
200 100 160
120 120 260
160 240 160
140 260 280
200 260 260
220 140 220
120 120 120
140 180 220
220 140 240
240 200 220
120 120 240
120 200 260
220 100 100
260 100 180
240 260 220
220 280 220
200 200 180
200 280 160
120 180 260
140 280 100
220 160 160
100 140 180
140 220 280
260 140 120
120 180 280
140 100 180
100 180 140
240 280 220
260 220 140
180 240 260
160 180 200
180 260 140
220 160 280
280 140 140
200 180 220
160 240 140
240 280 260
160 240 100
260 180 280
240 160 240
160 180 100
180 160 100
180 120 100
140 260 140
200 180 180
260 180 200
260 200 260
260 100 280
280 220 220
120 280 200
220 160 240
160 200 280
260 120 240
160 240 180
220 240 280
160 120 240
200 200 280
140 220 140
180 240 180
200 240 120
200 180 100
240 200 200
180 200 140
100 260 260
120 200 280
260 160 220
240 180 280
260 220 120
240 260 260
280 120 240
120 280 160
260 140 100
100 120 220
260 160 100
140 120 160
100 180 200
180 200 220
180 260 240
120 260 160
120 240 280
180 180 180
120 260 200
220 200 100
140 160 100
260 240 280
120 280 240
280 200 280
140 100 200
280 160 160
120 280 280
220 260 100
200 160 220
180 240 100
120 220 120
240 200 140
220 200 160
240 220 100
100 240 280
200 240 160
120 260 240
200 160 180
100 260 100
220 260 160
160 120 280
280 260 240
220 200 120
120 120 280
220 140 160
100 120 100
220 100 220
220 220 260
140 200 100
240 140 220
200 200 100
180 260 160
100 200 180
180 180 120
140 160 180
140 140 220
160 260 260
160 140 180
260 100 160
260 160 160
220 180 200
180 280 120
240 280 280
120 280 220
120 160 220
120 100 240
160 120 100
240 240 140
240 180 100
160 100 220
200 120 240
280 220 120
240 240 280
200 140 260
120 220 100
180 240 220
240 180 160
160 220 140
200 200 220
220 220 180
160 260 180
280 220 280
180 200 120
120 160 180
140 260 240
280 240 260
100 120 160
240 180 220
160 140 200
160 280 280
280 100 140
160 180 140
260 280 220
220 200 180
220 140 140
200 220 180
280 180 180
260 200 120
160 180 120
240 120 280
280 160 180
180 100 180
200 220 260
120 160 260
180 200 280
100 140 260
140 260 260
140 200 200
280 280 120
120 240 160
220 120 120
200 180 200
140 240 120
120 280 180
120 140 280
260 240 180
140 280 260
100 100 280
260 260 180
120 220 200
100 100 140
200 220 140
260 260 260
140 160 200
240 180 120
180 100 160
120 100 220
180 240 280
100 280 180
280 120 280
280 200 140
260 200 280
180 220 180
120 280 100
160 140 160
140 260 180
260 200 200
100 220 200
140 160 160
160 260 280
240 120 200
200 100 180
140 140 160
260 220 180
120 240 200
180 100 120
280 180 240
120 180 140
100 120 140
240 140 260
180 160 220
100 100 200
200 200 160
160 260 140
280 100 260
140 160 260
120 240 240
260 120 260
160 220 200
240 100 260
280 180 160
140 240 240
200 140 280
280 160 200
140 200 260
120 260 280
200 120 280
280 140 220
220 160 260
220 140 180
120 120 140
260 220 220
120 100 100
240 280 200
140 140 120
200 280 120
100 220 280
180 220 100
160 100 200
280 180 220
140 220 260
160 280 140
100 220 180
180 160 180
120 260 140
140 120 200
140 160 240
180 120 140
100 160 200
220 220 160
200 280 200
180 140 200
140 140 100
260 160 240
180 140 280
140 280 280
140 180 260
280 120 120
140 100 220
160 240 220
100 100 160
100 280 260
140 120 180
260 240 220
180 100 140
180 200 240
180 120 260
200 120 160
100 200 240
260 220 160
220 200 260
140 100 260
180 160 160
100 140 280
220 180 280
100 180 260
100 280 120
240 140 200
200 220 200
240 120 140
100 180 240
120 160 240
200 140 240
100 180 280
240 200 100
240 120 120
260 280 100
260 100 200
200 260 160
160 160 260
200 120 260
220 220 120
200 240 280
200 240 260
180 260 220
260 120 120
280 200 160
140 200 140
200 160 120
140 100 120
260 140 240
280 120 140
220 160 200
200 200 200
120 220 220
180 220 120
100 220 160
160 260 120
140 120 240
220 280 160
100 220 220
200 260 240
120 260 220
160 200 100
260 280 260
180 280 260
180 280 280
200 240 220
200 200 260
200 160 240
240 100 160
180 180 200
180 240 140
200 280 240
160 100 280
240 240 240
180 240 200
240 160 260
120 100 200
200 200 240
260 200 220
140 240 280
160 260 200
160 200 220
140 200 160
120 280 120
220 160 100
100 240 260
220 140 200
240 140 120
240 200 120
260 160 180
280 100 180
160 140 240
240 160 120
200 120 140
200 140 100
140 260 160
100 140 220
200 140 200
200 200 120
100 120 240
260 120 160
240 260 140
280 120 260
160 200 160
240 160 140
280 160 240
280 260 160
220 120 260
120 180 240
160 280 260
240 120 240
120 240 180
240 240 220
200 260 200
200 120 180
200 100 220
280 220 180
100 140 240
200 280 260
180 180 140
100 140 200
220 200 240
200 260 100
140 220 200
240 140 100
280 140 120
140 120 100
240 140 160
180 220 240
100 180 180
140 240 100
240 280 120
240 180 140
180 140 140
180 100 100
100 240 220
220 140 260
120 260 260
260 220 240
260 180 120
160 140 100
240 260 100
220 280 260
120 180 120
100 200 220
220 280 200
100 260 200
180 120 240
180 260 200
220 280 100
100 100 240
200 280 180
280 160 220
280 280 260
100 100 220
260 240 140
220 100 120
200 280 220
260 260 220
280 280 100
120 240 140
100 280 200
280 280 140
260 240 160
100 120 180
120 100 180
280 240 100
120 220 280
260 120 100
140 180 180
260 240 260
200 140 220
180 120 180
180 280 180
240 120 100
220 240 140
180 200 160
140 140 140
280 140 160
240 120 160
260 160 200
140 260 120
280 220 240
200 260 180
140 140 180
160 220 120
260 200 160
260 280 160
260 280 180
160 200 240
240 100 240
200 180 240
140 180 280
160 220 100
100 220 100
160 140 260
140 160 220
180 160 260
180 100 200
260 200 100
160 160 240
140 240 220
260 140 200
280 120 180
240 240 120
100 200 120
140 180 240
280 160 140
180 140 160
120 240 220
140 100 160
260 140 140
240 100 100
100 100 180
240 180 180
180 180 160
100 160 140
220 200 140
140 140 200
240 240 180
220 260 240
120 120 160
260 160 120
280 140 180
120 260 100
180 260 180
260 180 260
180 260 260
280 200 100
180 200 200
140 240 160
220 280 180
140 100 280
260 280 120
100 180 220
200 240 140
140 160 280
140 180 120
240 220 180
100 140 160
260 200 180
100 240 200
220 100 280
160 140 140
160 240 200
280 260 260
120 100 280
200 240 180
280 180 260
140 280 140
120 140 160
120 220 140
200 200 140
100 160 100
220 140 100
140 200 220
220 120 160
120 120 100
180 180 280
240 280 240
180 280 240
160 220 280
160 180 160
160 260 240
260 260 280
160 100 260
280 140 260
140 180 100
160 260 220
120 180 100
220 240 120
240 220 240
160 160 180
260 260 100
100 100 100
160 100 180
100 260 180
160 180 180
220 240 180
220 100 260
280 240 180
220 180 100
220 160 120
240 120 220
220 120 180
240 100 180
240 200 260
180 180 240
240 220 260
280 180 100
260 180 140
160 280 180
140 280 160
220 240 160
180 200 180
240 180 200
260 220 100
260 180 160
200 160 280
280 200 120
160 140 280
240 120 260
280 180 140
220 180 240
200 260 280
280 260 180
100 200 260
100 240 120
100 200 200
120 220 160
100 180 160
100 280 240
200 160 100
120 120 200
220 220 140
120 100 140
260 280 200
220 100 200
260 200 140
240 160 100
280 220 260
180 100 260
180 220 280
120 200 100
260 180 220
240 220 120
200 120 120
120 160 280
260 260 120
100 200 140
220 140 120
160 180 220
220 200 200
280 200 180
120 100 160
240 160 180
160 180 240
140 120 260
260 140 280
260 280 140
260 100 260
220 240 200
280 220 200
140 220 100
200 100 120
200 220 280
180 260 280
180 120 200
260 160 140
220 220 240
280 220 160
240 280 100
100 200 280
280 280 240
240 160 200
240 220 140
120 140 220
200 100 200
260 100 100
100 120 260
180 180 100
180 160 120
160 280 200
280 140 200
280 100 160
260 100 120
140 260 100
180 140 260
240 240 100
120 140 260
220 180 220
260 140 160
280 180 200
140 280 180
220 140 280
160 280 100
240 160 280
260 120 200
220 160 220
160 120 200
160 160 120
180 100 280
240 260 180
260 100 240
280 240 280
140 100 140
260 180 100
200 280 280
180 220 160
200 180 160
280 240 160
240 200 180
160 280 220
240 260 120
220 260 120
100 160 280
120 200 120
120 180 220
200 280 100
280 160 260
140 220 220
100 260 280
240 140 240
140 240 260
120 140 100
200 160 260
220 200 280
220 100 140
180 120 220
200 100 240
180 200 100
100 160 120
120 140 120
120 140 140
180 220 220
120 240 100
180 160 280
220 280 120
180 240 120
100 280 280
120 140 180
280 260 140
140 160 120
220 260 220
220 280 240
240 240 260
240 280 160
140 180 160
260 240 200
180 280 140
120 200 180
160 200 260
140 220 120
240 260 200
120 160 140
180 160 240
100 160 220
240 140 280
160 200 140
260 260 140
160 200 180
260 120 220
200 120 200
120 200 220
180 120 120
240 220 160
220 100 180
100 200 100
220 120 140
160 220 180
180 160 200
120 120 220
240 280 140
120 200 160
160 120 120
240 140 140
280 160 120
220 260 280
220 120 280
180 220 260
100 240 160
260 260 160
180 120 160
100 180 100
220 180 260
120 140 200
260 120 180
260 280 240
160 160 220
120 280 140
240 260 160
220 100 240
120 140 240
220 120 100
200 160 160
280 100 200
200 160 200
260 140 220
260 240 100
200 240 200
160 120 220
180 180 220
120 160 100
220 120 220
280 120 200
280 260 200
220 260 200
120 180 160
260 160 280
140 280 120
280 240 140
200 140 180
100 220 140
280 180 280
240 200 160
280 280 220
220 260 140
160 240 120
140 140 260
200 140 140
180 220 140
200 240 100
100 120 280
140 120 280
280 140 240
100 120 120
100 240 180
240 200 280
280 100 280
100 280 140
260 200 240
280 100 120
220 220 200
200 100 280
160 160 100
180 100 240
200 100 140
200 100 100
240 220 280
140 120 220
100 140 120
260 220 200
200 140 160
240 260 280
100 100 120
260 120 280
220 120 200
280 200 260
200 2 100
4834 3519 329
914 -561 298
5154 3199 322
1074 1199 263
4514 3839 266
8034 159 318
754 879 310
7474 -401 273
2274 -1921 271
5394 -2481 278
3074 -2721 285
6274 2079 287
5954 2399 330
4034 4159 289
3794 -3441 303
2274 2399 311
2834 2959 285
514 -161 297
6034 -1841 260
6434 -1441 324
1074 -721 312
834 959 256
6034 2319 323
194 319 322
1394 1519 299
7394 959 314
5714 2639 303
1554 -1201 306
6994 1359 303
7954 79 301
7154 1199 276
6434 1919 288
5794 -2081 275
4754 3599 322
7314 1039 282
2514 -2161 268
5314 -2561 317
1714 1839 263
1314 1439 270
7074 -801 310
7394 -481 318
6914 -961 263
7634 719 301
6754 -1121 296
4354 3999 322
514 639 313
1154 -801 278
7314 -561 298
1634 1759 299
7474 879 256
5314 3039 321
7234 -641 291
6194 -1681 307
5074 -2801 327
7874 -1 260
7794 559 256
114 239 255
3154 3279 285
4034 -3681 273
1234 -881 314
7714 -161 321
4114 -3761 308
2914 3039 280
6354 -1521 289
4274 -3601 292
6514 -1361 283
2114 -1761 275
2994 -2641 275
5794 2559 295
4994 3359 269
2594 -2241 324
5234 -2641 330
354 -1 316
1954 -1601 329
1794 -1441 288
4354 -3521 300
1154 1279 266
2354 2479 317
2514 2639 330
4514 -3361 331
3394 -3041 275
354 479 276
3314 3439 291
2594 2719 264
3474 3599 329
6994 -881 328
3474 -3121 255
2034 2159 279
2834 -2481 299
674 799 308
3554 3679 331
2354 -2001 312
1874 -1521 321
274 399 315
2754 2879 262
6514 1839 273
5154 -2721 331
3954 -3601 293
4274 4079 290
5714 -2161 266
4914 -2961 314
2194 2319 331
7874 479 298
1474 -1121 319
4594 3759 266
7154 -721 321
6594 1759 258
5474 2879 262
6594 -1281 310
674 -321 257
1874 1999 330
994 1119 288
6354 1999 266
6194 2159 334
2114 2239 327
1954 2079 275
2674 -2321 313
5474 -2401 264
1554 1679 325
6674 1679 315
7234 1119 322
914 1039 261
3234 3359 296
4194 -3681 303
3154 -2801 261
4594 -3281 298
7074 1279 256
4434 -3441 261
1394 -1041 333
1714 -1361 329
8034 319 260
2994 3119 320
7714 639 278
274 79 296
6834 -1041 257
754 -401 325
7554 799 318
4914 3439 260
6834 1519 325
3874 -3521 262
6674 -1201 265
6914 1439 281
2434 2559 265
4114 4239 295
4434 3919 301
1634 -1281 326
834 -481 258
5634 2719 282
5874 -2001 331
1234 1359 313
6754 1599 260
7634 -241 275
4834 -3041 323
7794 -81 313
194 159 297
434 -81 319
6114 -1761 288
2674 2799 285
2194 -1841 322
5074 3279 290
5554 -2321 259
434 559 330
6274 -1601 285
3074 3199 289
6114 2239 270
994 -641 314
3954 4079 289
2034 -1681 299
5394 2959 299
3714 -3361 297
1474 1599 316
2754 -2401 302
3554 -3201 260
5954 -1921 260
5554 2799 307
1314 -961 274
3234 -2881 266
3634 -3281 327
3714 3839 307
5634 -2241 321
4674 3679 298
2914 -2561 317
7554 -321 313
594 719 307
1794 1919 304
4674 -3201 333
3794 3919 298
3394 3519 323
3634 3759 334
4754 -3121 257
594 -241 320
4994 -2881 269
4194 4159 329
7954 399 318
3874 3999 331
8114 239 325
3314 -2961 281
5234 3119 277
2434 -2081 292
5874 2479 270
8 8 100
340 180 206
420 260 205
180 180 209
340 340 203
260 420 202
180 340 201
100 260 200
260 100 207
16 10 12
100 100 100
130 130 100
170 90 108
120 80 110
110 110 100
140 140 110
180 100 108
150 130 110
130 70 110
170 110 110
150 70 108
160 80 108
140 60 110
110 90 110
120 120 100
160 120 110
5 5 20
159 282 289
131 249 266
146 267 278
175 295 307
114 239 255
20 19 25
399 493 528
378 477 511
361 460 496
482 563 597
323 423 456
130 256 277
458 547 577
342 445 474
442 527 558
228 342 368
164 287 320
301 408 440
269 376 399
150 271 298
249 363 382
114 239 255
286 389 420
419 506 543
187 305 333
211 320 353
3 1 3
116 241 257
118 243 259
114 239 255
10 6 12
170 100 110
110 100 110
180 100 100
160 100 100
190 100 110
100 100 100
130 100 110
150 100 105
120 100 104
140 100 106
0 0 0
