7954
71232
7168
69970
3440
367760
162560
60000
600
6336
1744
6774
94
864
7132
162640
1616
1168
9224
-1
111280
54
7040
208000
1078
3480
9384
52830
104320
6144
60000
3750
134
6336
1176
60000
4096
4506
3720
3720
2661360
1568
2304
1640
56810
14406
5330080
822
12160
7680
8888
566208
407680
213840
38400
13230
3032
2784
4208
6336
2384
4224
316480
10707040
1752
572078
1904
7736
5208
11114
2400
856
1704
1704
265200
2304
1644
1856
2544
2080
1856
53626
60000
376832
60000
10653280
367760
1106
1856
3480
7168
600
1824
111200
411040
7736
11188
66338
54
3880
