10 10 12
205 233 211
170 202 182
219 252 231
188 219 195
196 227 203
213 242 221
248 282 254
238 271 248
228 263 239
179 209 189
12 2 80
490 138 240
298 74 187
426 330 223
170 202 182
234 266 193
490 266 244
426 74 182
362 10 202
298 330 191
554 202 194
234 138 194
362 394 213
20 20 10
132 100 100
140 124 100
124 148 100
116 148 100
108 100 100
100 100 100
140 116 100
92 140 100
92 124 100
92 132 100
140 132 100
108 148 100
124 100 100
116 100 100
92 108 100
92 116 100
100 148 100
132 148 100
140 108 100
140 140 100
20 20 25
500 539 486
439 476 431
266 295 280
520 561 503
476 515 465
362 405 362
380 418 378
170 202 182
245 273 257
397 441 397
301 342 318
223 260 236
186 216 202
418 454 412
543 581 523
285 318 297
347 387 347
208 239 215
324 363 334
456 498 447
10 10 10
124 100 100
69 100 100
61 100 100
132 100 100
116 100 100
77 100 100
108 100 100
100 100 100
85 100 100
93 100 100
8 7 100
420 260 205
340 180 206
260 420 202
100 260 200
180 180 209
180 340 201
340 340 203
260 100 207
8 3 100
100 260 200
260 420 202
420 260 205
180 180 209
260 100 207
180 340 201
340 340 203
340 180 206
8 1 100
260 420 202
340 180 206
420 260 205
180 340 201
260 100 207
180 180 209
340 340 203
100 260 200
10 1 10
160 100 100
260 100 100
280 100 100
140 100 100
100 100 100
240 100 100
200 100 100
180 100 100
120 100 100
220 100 100
12 12 10
108 108 98
92 92 98
84 100 96
100 132 92
100 100 100
84 132 88
116 116 96
92 140 90
76 108 94
108 124 94
76 124 90
68 116 92
12 4 10
108 106 100
108 94 100
116 100 100
316 120 120
516 140 140
508 134 140
502 140 140
508 146 140
301 120 120
308 114 120
308 126 120
100 100 100
5 3 20
183 221 201
214 243 223
202 231 211
170 202 182
231 261 241
20 2 3
188 200 182
190 202 183
176 208 183
182 194 183
180 212 182
170 202 182
174 206 183
174 198 182
178 210 183
188 204 182
182 210 182
172 200 183
172 204 183
186 198 182
184 208 182
186 206 182
184 196 182
180 192 182
176 196 182
178 194 182
10 1 12
196 227 203
219 252 231
228 263 239
213 242 221
188 219 195
238 271 248
205 233 211
170 202 182
248 282 254
179 209 189
10 9 12
196 227 203
205 233 211
179 209 189
219 252 231
238 271 248
188 219 195
248 282 254
213 242 221
228 263 239
170 202 182
200 3 100
4650 3722 201
7050 1322 198
4730 3642 253
6410 1962 200
6330 -1638 227
2970 3002 256
4330 4042 233
3610 -3238 226
4170 -3798 198
5530 -2438 227
2090 2122 209
4970 3402 243
7530 -438 210
170 202 182
1050 -678 194
3050 -2678 197
6170 2202 248
5050 -2918 228
650 -278 238
5290 3082 202
2970 -2598 192
7770 602 254
5210 3162 227
5210 -2758 232
7290 1082 228
7130 -838 218
2090 -1718 256
5370 3002 261
6170 -1798 182
810 -438 244
810 842 214
2330 -1958 237
1290 -918 192
3850 -3478 204
2410 2442 184
3290 -2918 200
8010 362 192
4570 -3398 249
6410 -1558 233
1450 -1078 205
3530 -3158 232
1370 -998 191
4090 4122 237
1930 -1558 217
3050 3082 228
7690 -278 221
570 -198 259
4970 -2998 209
7770 -198 203
4890 -3078 255
1850 1882 258
2010 2042 246
1130 1162 230
410 442 261
4010 -3638 261
4090 -3718 239
5850 2522 201
4810 3562 212
6730 1642 233
7370 -598 247
8010 42 259
6810 -1158 257
5610 -2358 241
4250 -3718 213
6570 -1398 224
4170 4202 249
6890 -1078 214
330 362 191
8090 122 209
1690 -1318 233
3610 3642 202
3770 3802 205
4330 -3638 245
6890 1482 253
6650 -1318 233
5290 -2678 248
4890 3482 236
7610 762 241
7450 -518 239
5130 3242 193
1530 -1158 212
3850 3882 197
5770 2602 198
6970 1402 257
250 122 193
1450 1482 248
3450 3482 255
7450 922 182
1530 1562 248
2890 2922 218
2730 2762 246
6570 1802 244
2650 2682 187
250 282 225
7850 522 240
6010 2362 256
3690 -3318 202
4490 -3478 213
570 602 212
2570 -2198 229
3130 -2758 237
3130 3162 230
1690 1722 217
6010 -1958 220
970 -598 186
6250 -1718 210
2410 -2038 190
3690 3722 195
1610 1642 222
5690 2682 209
1930 1962 228
1210 -838 225
4010 4042 223
3290 3322 260
7370 1002 198
1770 -1398 261
6650 1722 187
3530 3562 240
4570 3802 260
7530 842 233
1370 1402 224
5610 2762 229
410 -38 245
5930 -2038 251
3450 -3078 223
5450 2922 253
5130 -2838 237
2250 2282 229
5850 -2118 182
1610 -1238 216
3770 -3398 241
3210 -2838 261
7050 -918 209
4730 -3238 255
7850 -118 235
2250 -1878 247
2570 2602 236
6810 1562 247
5930 2442 234
6490 -1478 230
490 522 191
3370 3402 234
4490 3882 254
6970 -998 187
6090 2282 254
3210 3242 218
2810 -2438 183
970 1002 219
4810 -3158 190
2890 -2518 189
6090 -1878 251
4650 -3318 243
8170 202 230
2490 2522 251
2330 2362 182
1210 1242 250
890 -518 231
2170 -1798 251
3930 -3558 201
6330 2042 189
490 -118 260
330 42 260
5690 -2278 220
2010 -1638 198
6250 2122 231
4410 3962 215
650 682 242
5770 -2198 198
730 -358 218
1130 -758 187
1050 1082 210
3930 3962 182
6730 -1238 182
7610 -358 205
7130 1242 224
2490 -2118 253
2810 2842 245
2730 -2358 194
4410 -3558 195
3370 -2998 226
7210 -758 196
2650 -2278 197
1850 -1478 239
5370 -2598 214
6490 1882 224
7690 682 259
7290 -678 224
5450 -2518 193
1770 1802 197
2170 2202 248
1290 1322 227
5050 3322 187
5530 2842 248
4250 4122 190
7930 -38 203
7930 442 251
730 762 224
890 922 234
7210 1162 249
8090 282 239
10 2 12
188 219 195
228 263 239
238 271 248
196 227 203
213 242 221
219 252 231
248 282 254
179 209 189
170 202 182
205 233 211
10 2 10
108 108 108
228 232 232
214 216 216
207 208 208
221 224 224
124 124 124
100 100 100
116 116 116
200 200 200
132 132 132
16 12 12
110 90 100
150 70 100
100 100 100
110 110 100
150 130 100
140 140 100
170 90 100
180 100 100
140 60 100
130 130 100
160 80 100
120 80 100
160 120 100
130 70 100
170 110 100
120 120 100
2 2 10
5 5 5
55 5 5
8 2 100
340 340 203
260 420 202
180 340 201
260 100 207
420 260 205
100 260 200
340 180 206
180 180 209
20 1 3
188 204 182
176 208 183
174 206 183
182 210 182
172 204 183
170 202 182
186 206 182
180 212 182
182 194 183
184 196 182
172 200 183
178 210 183
190 202 183
176 196 182
184 208 182
180 192 182
178 194 182
188 200 182
174 198 182
186 198 182
20 2 25
476 515 465
397 441 397
439 476 431
347 387 347
380 418 378
543 581 523
500 539 486
418 454 412
223 260 236
301 342 318
362 405 362
186 216 202
245 273 257
520 561 503
324 363 334
208 239 215
456 498 447
170 202 182
266 295 280
285 318 297
10 5 100
394 100 100
772 100 100
100 100 100
490 100 100
864 100 100
297 100 100
585 100 100
199 100 100
679 100 100
955 100 100
6 2 11
300 300 300
110 100 100
200 209 200
100 100 100
200 200 200
300 300 308
10 10 10
100 100 100
76 100 100
124 100 100
108 100 100
116 100 100
68 100 100
92 100 100
132 100 100
84 100 100
60 100 100
16 12 12
170 110 110
160 80 100
150 70 100
140 60 110
120 80 110
120 120 100
150 130 110
130 70 110
110 110 100
170 90 100
140 140 110
100 100 100
180 100 100
110 90 110
130 130 100
160 120 110
252 200 7
24 312 100
0 288 100
132 180 100
6 234 100
-12 180 100
24 72 100
-96 96 100
-114 126 100
-114 222 100
-78 78 100
-54 282 100
30 258 100
-60 156 100
-138 138 100
84 132 100
24 216 100
48 288 100
-102 186 100
-126 174 100
-60 204 100
-42 234 100
-6 234 100
-48 96 100
-30 270 100
-120 216 100
78 126 100
144 144 100
-48 192 100
0 48 100
66 210 100
126 174 100
-108 204 100
126 126 100
0 144 100
66 66 100
102 198 100
18 126 100
36 252 100
30 306 100
-6 294 100
-6 138 100
-30 162 100
-12 12 100
12 36 100
84 156 100
84 252 100
6 138 100
-18 126 100
-96 240 100
60 156 100
48 192 100
-162 162 100
42 246 100
-66 270 100
54 198 100
60 60 100
-18 30 100
-126 126 100
-6 330 100
42 186 100
-84 108 100
96 144 100
18 210 100
48 144 100
108 228 100
156 180 100
162 174 100
12 84 100
-6 186 100
-60 60 100
12 228 100
-36 156 100
-36 60 100
90 198 100
-18 318 100
126 162 100
12 324 100
-168 168 100
-102 234 100
-78 222 100
-18 270 100
-132 132 100
-108 228 100
-24 120 100
-30 66 100
36 36 100
138 186 100
54 90 100
36 300 100
90 102 100
-102 138 100
96 240 100
-120 168 100
90 138 100
-84 228 100
96 96 100
-48 144 100
78 258 100
6 42 100
66 78 100
-60 276 100
60 204 100
30 30 100
36 84 100
24 24 100
-54 54 100
-108 180 100
138 138 100
78 114 100
102 102 100
-42 282 100
114 222 100
42 150 100
-54 186 100
-54 246 100
132 132 100
-12 132 100
24 264 100
-90 138 100
24 120 100
-156 156 100
-66 174 100
-60 252 100
-72 72 100
-54 150 100
-30 78 100
120 168 100
72 72 100
-24 264 100
12 132 100
-138 186 100
138 150 100
30 162 100
120 216 100
-78 114 100
84 204 100
24 168 100
0 192 100
-30 222 100
0 0 100
36 156 100
96 192 100
-12 36 100
54 246 100
6 90 100
66 162 100
-90 90 100
18 114 100
-66 66 100
-60 180 100
-132 180 100
72 120 100
12 108 100
-18 174 100
72 216 100
-78 126 100
-42 150 100
72 264 100
-66 258 100
-12 276 100
-66 162 100
-150 186 100
-114 210 100
-108 132 100
90 150 100
30 270 100
-120 120 100
78 210 100
150 186 100
48 240 100
90 246 100
-90 102 100
60 252 100
-84 84 100
-48 48 100
48 48 100
-66 210 100
114 114 100
54 150 100
66 258 100
108 204 100
114 210 100
-84 132 100
6 330 100
-24 168 100
6 198 100
-36 228 100
18 222 100
120 120 100
0 96 100
78 162 100
-102 198 100
60 84 100
-90 234 100
144 192 100
36 276 100
18 30 100
102 234 100
-72 120 100
-24 24 100
-36 84 100
12 204 100
42 42 100
42 294 100
42 282 100
-96 192 100
18 78 100
18 318 100
-36 108 100
-24 72 100
-162 174 100
-54 198 100
-42 90 100
72 168 100
-18 222 100
-12 228 100
-150 150 100
-144 192 100
30 78 100
-42 102 100
-72 216 100
-6 6 100
-36 276 100
-6 42 100
-6 282 100
108 108 100
54 54 100
-18 18 100
-42 54 100
-30 114 100
-24 312 100
132 156 100
84 108 100
-144 144 100
36 180 100
0 336 100
48 96 100
-72 264 100
-18 306 100
-12 324 100
-156 180 100
-114 174 100
-96 144 100
30 174 100
6 102 100
-48 240 100
-12 300 100
0 240 100
-24 216 100
-72 168 100
42 90 100
-48 288 100
12 3 80
426 330 223
234 266 193
170 202 182
234 138 194
362 394 213
554 202 194
362 10 202
490 266 244
426 74 182
298 330 191
298 74 187
490 138 240
100 1 32
1615 1681 1749
562 615 633
269 301 277
1665 1736 1808
197 227 213
1748 1847 1911
2057 2170 2218
1635 1705 1778
1093 1151 1218
1431 1495 1548
1178 1239 1300
2131 2252 2285
876 947 959
913 1000 1013
170 202 182
957 1044 1062
1486 1549 1588
831 904 906
543 598 609
222 257 241
1710 1788 1857
1282 1353 1399
1917 2038 2092
1208 1266 1325
1692 1766 1837
2156 2277 2303
766 841 841
520 579 585
723 788 802
1012 1081 1115
2027 2149 2192
2105 2224 2260
643 683 714
2401 2536 2548
1833 1935 2005
449 509 511
2314 2443 2466
356 395 382
1526 1600 1635
307 348 327
433 489 481
1131 1194 1261
812 874 890
2222 2346 2382
2006 2119 2175
374 426 398
1595 1664 1719
1810 1910 1980
1872 1991 2039
489 563 560
1766 1865 1937
1307 1384 1418
326 379 355
1385 1447 1494
1357 1429 1463
1408 1478 1520
897 973 984
1965 2082 2127
413 463 451
1988 2100 2146
2380 2510 2532
1507 1575 1604
847 923 933
785 858 864
289 330 303
663 714 737
681 745 764
1729 1816 1887
1065 1135 1197
469 534 537
1462 1526 1571
2204 2329 2365
697 764 784
2263 2390 2422
1568 1643 1691
2244 2365 2403
1115 1172 1234
1329 1411 1438
248 273 261
592 634 656
1854 1964 2022
2080 2196 2241
1545 1618 1665
2336 2466 2482
982 1061 1088
1049 1116 1168
1888 2013 2070
622 656 685
2283 2413 2447
1160 1221 1277
1232 1291 1354
2361 2483 2510
1934 2066 2110
934 1021 1034
740 811 820
392 447 420
2187 2303 2334
1251 1322 1383
1783 1890 1956
1033 1097 1142
1 1 100
170 202 182
20 1 25
223 260 236
301 342 318
347 387 347
520 561 503
362 405 362
324 363 334
186 216 202
439 476 431
397 441 397
543 581 523
500 539 486
208 239 215
266 295 280
418 454 412
170 202 182
245 273 257
380 418 378
285 318 297
476 515 465
456 498 447
20 3 3
190 202 183
186 206 182
172 204 183
176 208 183
170 202 182
176 196 182
180 192 182
174 198 182
178 194 182
182 194 183
184 196 182
188 200 182
174 206 183
172 200 183
186 198 182
182 210 182
188 204 182
178 210 183
184 208 182
180 212 182
12 12 10
116 116 96
108 124 94
76 108 94
84 100 96
108 108 98
92 140 90
92 92 98
100 132 92
76 124 90
68 116 92
84 132 88
100 100 100
10 2 10
500 500 500
508 508 508
300 300 300
100 100 100
308 308 308
108 108 108
208 208 208
400 400 400
408 408 408
200 200 200
200 1 100
1850 -1478 239
4010 -3638 261
1050 1082 210
570 -198 259
3370 3402 234
6010 2362 256
3290 3322 260
4570 3802 260
3290 -2918 200
6490 1882 224
3050 3082 228
1690 -1318 233
4250 4122 190
5370 3002 261
2650 2682 187
4090 4122 237
4330 -3638 245
3450 3482 255
2330 -1958 237
6810 1562 247
1930 1962 228
2170 2202 248
2330 2362 182
5690 -2278 220
4650 3722 201
1290 1322 227
490 522 191
3850 -3478 204
2490 2522 251
7450 922 182
6170 2202 248
3210 3242 218
4410 3962 215
330 362 191
3050 -2678 197
810 -438 244
7610 -358 205
3690 -3318 202
2410 2442 184
7770 -198 203
7530 842 233
6010 -1958 220
6090 -1878 251
6250 2122 231
2570 2602 236
5850 2522 201
7290 -678 224
4570 -3398 249
7770 602 254
2810 2842 245
6170 -1798 182
4890 3482 236
4970 -2998 209
3770 3802 205
1770 -1398 261
890 922 234
5770 2602 198
1370 -998 191
5930 -2038 251
4170 4202 249
1530 1562 248
5690 2682 209
1130 1162 230
5530 2842 248
3130 3162 230
1930 -1558 217
1370 1402 224
4730 -3238 255
7690 -278 221
6330 -1638 227
4970 3402 243
3930 -3558 201
6570 1802 244
3930 3962 182
4890 -3078 255
4410 -3558 195
5450 2922 253
6250 -1718 210
5130 3242 193
2730 -2358 194
8010 362 192
890 -518 231
7450 -518 239
6810 -1158 257
5930 2442 234
4810 -3158 190
7130 -838 218
5290 -2678 248
4090 -3718 239
3130 -2758 237
2090 2122 209
250 122 193
5530 -2438 227
2890 -2518 189
5290 3082 202
2250 -1878 247
1130 -758 187
3450 -3078 223
6410 -1558 233
8170 202 230
410 -38 245
6090 2282 254
170 202 182
6970 1402 257
2170 -1798 251
1210 -838 225
1450 -1078 205
6650 1722 187
4810 3562 212
6730 -1238 182
8090 282 239
7850 -118 235
5050 -2918 228
2090 -1718 256
3690 3722 195
6490 -1478 230
7050 1322 198
4010 4042 223
6730 1642 233
490 -118 260
2250 2282 229
3530 3562 240
6330 2042 189
410 442 261
7850 522 240
2410 -2038 190
1450 1482 248
3210 -2838 261
2970 3002 256
7610 762 241
2810 -2438 183
2010 -1638 198
6410 1962 200
1290 -918 192
5210 -2758 232
4170 -3798 198
6890 1482 253
5850 -2118 182
7530 -438 210
1210 1242 250
6890 -1078 214
570 602 212
1690 1722 217
4730 3642 253
330 42 260
2730 2762 246
2650 -2278 197
7370 1002 198
3610 -3238 226
3530 -3158 232
1850 1882 258
1610 1642 222
7370 -598 247
3610 3642 202
8090 122 209
3850 3882 197
1050 -678 194
4490 3882 254
4330 4042 233
7050 -918 209
6570 -1398 224
7930 442 251
7210 1162 249
5210 3162 227
3770 -3398 241
7130 1242 224
7930 -38 203
730 -358 218
2010 2042 246
5130 -2838 237
2890 2922 218
4250 -3718 213
810 842 214
3370 -2998 226
970 1002 219
8010 42 259
7690 682 259
2570 -2198 229
7290 1082 228
650 -278 238
1530 -1158 212
6650 -1318 233
650 682 242
730 762 224
2970 -2598 192
2490 -2118 253
7210 -758 196
5370 -2598 214
1770 1802 197
5770 -2198 198
5610 2762 229
1610 -1238 216
5450 -2518 193
6970 -998 187
970 -598 186
4650 -3318 243
250 282 225
4490 -3478 213
5050 3322 187
5610 -2358 241
8 8 10
100 100 100
100 132 100
92 108 100
108 108 100
108 124 100
84 116 100
92 124 100
116 116 100
5 2 20
214 243 223
202 231 211
170 202 182
183 221 201
231 261 241
8 7 10
108 124 103
116 116 102
100 132 104
92 124 105
84 116 106
100 100 100
108 108 101
92 108 107
8 7 10
84 116 106
100 132 104
92 108 107
116 116 102
100 100 100
108 124 103
108 108 101
92 124 105
200 50 100
2490 2522 251
970 1002 219
3130 -2758 237
2330 -1958 237
3930 3962 182
1930 1962 228
2090 2122 209
8090 282 239
6010 -1958 220
5930 2442 234
8010 42 259
5770 -2198 198
1450 -1078 205
2890 -2518 189
7690 682 259
6410 -1558 233
7850 -118 235
5290 -2678 248
7290 1082 228
4970 -2998 209
2010 -1638 198
890 922 234
330 362 191
6090 2282 254
1770 1802 197
1050 1082 210
7210 -758 196
5050 -2918 228
1610 1642 222
3290 3322 260
810 842 214
2730 2762 246
7530 -438 210
3610 3642 202
3770 3802 205
170 202 182
4970 3402 243
3770 -3398 241
4250 4122 190
2250 2282 229
2330 2362 182
5210 3162 227
7770 602 254
7210 1162 249
490 522 191
2250 -1878 247
4570 3802 260
6650 1722 187
1290 1322 227
3210 -2838 261
5530 2842 248
3530 -3158 232
4330 4042 233
2890 2922 218
5370 -2598 214
7930 442 251
890 -518 231
2570 -2198 229
6250 2122 231
5370 3002 261
5690 2682 209
6810 1562 247
1850 -1478 239
490 -118 260
3610 -3238 226
5930 -2038 251
6890 -1078 214
5130 3242 193
2970 -2598 192
4090 4122 237
6970 1402 257
1610 -1238 216
4730 -3238 255
3050 3082 228
4250 -3718 213
4170 -3798 198
3850 -3478 204
3930 -3558 201
330 42 260
7130 -838 218
3210 3242 218
4730 3642 253
6170 2202 248
4490 -3478 213
4810 3562 212
7530 842 233
2650 2682 187
410 442 261
3690 3722 195
4890 -3078 255
6650 -1318 233
4890 3482 236
5450 2922 253
6090 -1878 251
250 282 225
5610 -2358 241
3050 -2678 197
7690 -278 221
2570 2602 236
7370 -598 247
7770 -198 203
5850 -2118 182
2490 -2118 253
4010 4042 223
6330 -1638 227
6570 -1398 224
6410 1962 200
7450 -518 239
6490 1882 224
7130 1242 224
8090 122 209
6250 -1718 210
410 -38 245
1930 -1558 217
7370 1002 198
2810 -2438 183
5050 3322 187
1530 1562 248
6890 1482 253
5850 2522 201
5290 3082 202
2090 -1718 256
1210 1242 250
3130 3162 230
1130 1162 230
810 -438 244
1290 -918 192
2410 -2038 190
2170 2202 248
3690 -3318 202
4410 -3558 195
7610 -358 205
5210 -2758 232
1130 -758 187
970 -598 186
7450 922 182
1370 1402 224
4170 4202 249
2410 2442 184
6330 2042 189
3450 -3078 223
3850 3882 197
4810 -3158 190
2730 -2358 194
6970 -998 187
570 602 212
4570 -3398 249
4330 -3638 245
1690 -1318 233
2810 2842 245
2650 -2278 197
1050 -678 194
4490 3882 254
7050 -918 209
1690 1722 217
6170 -1798 182
1530 -1158 212
650 -278 238
1450 1482 248
1370 -998 191
7930 -38 203
6010 2362 256
6730 1642 233
6730 -1238 182
570 -198 259
5530 -2438 227
4650 3722 201
5130 -2838 237
650 682 242
4650 -3318 243
7850 522 240
6810 -1158 257
3290 -2918 200
730 -358 218
5690 -2278 220
5450 -2518 193
7050 1322 198
730 762 224
2170 -1798 251
8010 362 192
5770 2602 198
6570 1802 244
1850 1882 258
1770 -1398 261
5610 2762 229
2970 3002 256
4410 3962 215
3530 3562 240
3370 3402 234
2010 2042 246
4090 -3718 239
6490 -1478 230
7290 -678 224
3450 3482 255
250 122 193
8170 202 230
1210 -838 225
4010 -3638 261
3370 -2998 226
7610 762 241
6 3 10
100 100 100
124 104 100
108 92 105
116 112 103
108 108 100
116 96 105
41 4 12
130 100 100
170 190 100
230 100 100
150 100 100
110 210 100
100 300 100
200 100 100
120 180 100
140 240 100
150 170 100
120 100 100
110 100 100
160 180 100
210 100 100
170 210 100
160 100 100
280 300 100
220 300 100
160 220 100
140 300 100
140 160 100
130 230 100
120 220 100
120 300 100
200 300 100
130 170 100
190 100 100
260 300 100
100 100 100
160 300 100
180 200 100
240 100 100
100 200 100
240 300 100
180 100 100
180 300 100
110 190 100
150 230 100
140 100 100
170 100 100
220 100 100
10 3 10
148 148 106
108 108 108
156 156 102
100 100 100
164 164 108
116 116 102
132 132 104
140 140 104
124 124 106
172 172 100
252 200 7
-96 240 145
-48 96 125
-6 282 110
138 150 130
-42 102 120
78 210 130
18 30 60
-150 150 140
36 252 115
72 120 125
30 270 130
120 216 145
-102 138 130
0 240 105
102 234 130
42 282 140
0 288 105
-144 144 145
132 156 135
162 174 130
42 150 120
-60 276 155
0 96 145
48 144 125
-24 216 105
-30 222 110
54 90 120
-36 276 135
18 210 130
-72 72 125
54 54 90
-42 150 130
-114 210 140
0 0 5
-24 168 145
78 126 130
-60 60 135
6 198 140
-162 174 120
-54 246 130
144 144 125
-6 234 100
18 114 130
-30 78 140
78 258 110
-108 180 115
-120 120 145
54 150 130
90 138 140
-102 234 150
-6 186 150
-18 126 100
-54 54 140
-6 138 100
-18 222 100
36 300 155
-162 162 130
-60 204 115
-66 210 120
96 96 105
-120 216 145
-12 300 95
60 156 135
-66 258 140
-24 120 105
-90 138 120
-150 186 110
-6 42 40
-48 192 105
-24 24 25
-78 126 110
90 246 120
90 150 150
72 216 125
12 204 135
72 72 105
84 156 155
132 132 115
66 78 110
-30 162 140
48 96 125
24 264 125
-66 162 110
-18 270 120
30 258 120
84 108 115
-54 282 150
-30 66 150
-18 174 150
-36 156 135
-18 306 100
6 90 150
-156 180 115
66 66 100
-42 234 120
-12 276 115
84 204 135
48 240 105
108 204 155
12 132 115
-90 90 110
36 36 75
-66 270 150
-144 192 105
-12 12 15
36 84 135
-96 96 105
30 174 100
18 318 140
138 138 120
36 156 115
78 162 150
0 192 145
-42 90 130
114 114 100
-108 204 135
-156 156 135
-36 60 155
-84 132 115
108 108 95
-90 234 140
72 264 105
-12 324 115
-18 318 110
-72 216 125
12 108 135
-132 180 95
-84 228 135
6 234 110
24 24 65
-18 30 30
-132 132 155
-90 102 100
120 120 105
36 276 135
-48 288 145
-12 228 95
-48 240 125
66 258 100
-102 198 130
102 102 100
12 36 55
6 330 130
-6 6 10
42 90 130
-168 168 125
12 228 115
-12 36 35
96 240 125
0 144 105
60 84 115
-12 132 95
-6 294 100
132 180 155
-108 132 135
-60 156 115
-126 174 100
-12 180 155
72 168 145
-24 264 125
-96 144 125
18 126 120
60 204 115
-78 222 130
66 210 120
-48 144 125
90 102 110
114 222 140
-30 114 110
30 306 150
42 294 150
48 192 105
30 162 110
-84 108 95
-114 126 140
120 168 145
126 162 140
126 174 150
48 48 85
66 162 140
24 216 125
150 186 140
144 192 145
-6 330 120
-42 282 140
30 78 140
-108 228 155
-54 198 110
12 324 135
-102 186 120
-138 138 150
-72 264 145
30 30 70
-24 312 105
24 168 105
48 288 145
24 120 125
-60 252 135
-36 108 115
-84 84 115
-36 228 115
114 210 150
-30 270 130
54 198 110
54 246 100
36 180 95
102 198 150
-138 186 100
-78 78 120
-54 150 120
-36 84 135
126 126 110
-24 72 145
18 222 120
0 336 125
108 228 135
42 186 100
96 192 145
84 252 115
96 144 145
-126 126 150
-42 54 150
78 114 120
-18 18 20
156 180 135
6 138 110
0 48 45
60 252 95
24 312 145
12 84 155
90 198 140
6 102 140
138 186 150
-60 180 95
42 42 80
-120 168 105
18 78 150
-48 48 145
-54 186 100
-72 120 105
24 72 145
-66 174 100
-114 174 110
60 60 95
84 132 135
-66 66 130
6 42 50
-96 192 125
42 246 110
-78 114 100
-72 168 105
-114 222 150
60 50 7
6 42 42
6 6 6
-12 36 36
12 132 132
18 30 30
-30 78 78
42 54 54
36 60 60
-36 84 84
-18 30 30
-18 78 78
-30 30 30
24 24 24
6 138 138
-60 84 84
-54 90 90
-48 96 96
-36 36 36
-66 66 66
24 120 120
-60 60 60
12 36 36
36 84 84
-42 90 90
0 144 144
-42 42 42
18 18 18
42 102 102
-12 108 108
66 66 66
0 0 0
30 66 66
42 90 90
-66 78 78
-6 90 90
-24 72 72
-12 132 132
-24 24 24
36 108 108
12 12 12
18 126 126
24 72 72
-12 84 84
0 96 96
60 60 60
-48 48 48
-18 126 126
-6 42 42
48 96 96
-54 54 54
0 48 48
30 78 78
-24 120 120
30 114 114
-18 114 114
-6 102 102
54 54 54
48 48 48
-72 72 72
-6 138 138
200 100 100
5370 -2598 214
4250 4122 190
5130 3242 193
410 -38 245
730 -358 218
6250 2122 231
890 -518 231
4970 -2998 209
4810 3562 212
4890 -3078 255
1130 1162 230
5610 -2358 241
1530 1562 248
1850 -1478 239
2410 2442 184
1450 1482 248
4410 3962 215
5370 3002 261
3770 3802 205
6410 1962 200
3210 3242 218
570 602 212
3130 -2758 237
1690 -1318 233
5850 2522 201
330 42 260
8090 282 239
6170 -1798 182
250 282 225
5050 3322 187
2330 -1958 237
6810 1562 247
570 -198 259
4810 -3158 190
8090 122 209
6410 -1558 233
5290 -2678 248
1210 1242 250
4650 3722 201
5690 2682 209
1610 -1238 216
3930 3962 182
5210 3162 227
2330 2362 182
6170 2202 248
5530 -2438 227
7450 922 182
4090 -3718 239
3530 3562 240
4570 -3398 249
7770 602 254
2250 -1878 247
970 1002 219
3450 3482 255
1930 -1558 217
3610 -3238 226
1050 1082 210
5530 2842 248
5290 3082 202
5770 -2198 198
6890 1482 253
6490 1882 224
6250 -1718 210
1450 -1078 205
2970 3002 256
3050 -2678 197
3370 -2998 226
650 -278 238
4330 -3638 245
7130 -838 218
7290 1082 228
810 -438 244
7370 -598 247
1770 -1398 261
7930 442 251
3690 3722 195
650 682 242
8170 202 230
4170 4202 249
1370 -998 191
4730 -3238 255
4010 -3638 261
5770 2602 198
4970 3402 243
6650 1722 187
5450 -2518 193
250 122 193
3290 3322 260
6810 -1158 257
3210 -2838 261
3050 3082 228
2890 -2518 189
2570 2602 236
1610 1642 222
4170 -3798 198
810 842 214
3290 -2918 200
6010 -1958 220
7050 -918 209
1690 1722 217
2410 -2038 190
7050 1322 198
7850 -118 235
5930 2442 234
5690 -2278 220
5450 2922 253
3370 3402 234
6090 2282 254
6490 -1478 230
2810 -2438 183
3130 3162 230
6330 2042 189
2730 2762 246
2250 2282 229
3770 -3398 241
2650 -2278 197
4730 3642 253
5050 -2918 228
4650 -3318 243
4490 -3478 213
6730 1642 233
3450 -3078 223
1850 1882 258
890 922 234
410 442 261
6730 -1238 182
7690 682 259
7530 -438 210
4570 3802 260
730 762 224
3610 3642 202
6650 -1318 233
2170 -1798 251
4250 -3718 213
7690 -278 221
6570 -1398 224
3850 3882 197
8010 362 192
7210 -758 196
6330 -1638 227
2570 -2198 229
7370 1002 198
1930 1962 228
5930 -2038 251
2010 2042 246
3690 -3318 202
2010 -1638 198
490 -118 260
7530 842 233
2890 2922 218
1370 1402 224
2090 2122 209
7850 522 240
7610 -358 205
5130 -2838 237
2970 -2598 192
4090 4122 237
7130 1242 224
4490 3882 254
2170 2202 248
7610 762 241
5850 -2118 182
7210 1162 249
4330 4042 233
1130 -758 187
6570 1802 244
490 522 191
6090 -1878 251
8010 42 259
6010 2362 256
4890 3482 236
3850 -3478 204
1050 -678 194
6890 -1078 214
7930 -38 203
2090 -1718 256
970 -598 186
170 202 182
4010 4042 223
2730 -2358 194
5610 2762 229
1290 -918 192
2490 2522 251
3530 -3158 232
1210 -838 225
1530 -1158 212
3930 -3558 201
2810 2842 245
7770 -198 203
2490 -2118 253
4410 -3558 195
330 362 191
6970 -998 187
6970 1402 257
2650 2682 187
1770 1802 197
5210 -2758 232
7450 -518 239
1290 1322 227
7290 -678 224
20 19 3
176 208 183
184 208 182
184 196 182
182 194 183
178 210 183
170 202 182
174 206 183
172 204 183
180 212 182
186 198 182
176 196 182
186 206 182
178 194 182
182 210 182
188 204 182
188 200 182
172 200 183
190 202 183
180 192 182
174 198 182
16 16 12
150 130 100
120 80 100
150 70 100
130 70 100
180 100 100
170 110 100
140 60 100
160 120 100
100 100 100
140 140 100
170 90 100
110 90 100
160 80 100
130 130 100
120 120 100
110 110 100
20 20 10
92 132 99
100 100 100
140 132 97
132 148 100
140 116 99
108 148 103
116 100 102
100 148 104
124 148 101
140 124 98
116 148 102
92 108 96
124 100 103
140 108 100
108 100 101
132 100 104
92 140 100
92 116 97
92 124 98
140 140 96
5 4 20
202 231 211
231 261 241
183 221 201
214 243 223
170 202 182
100 99 32
1160 1221 1277
1486 1549 1588
1729 1816 1887
1208 1266 1325
1065 1135 1197
1115 1172 1234
643 683 714
489 563 560
1595 1664 1719
812 874 890
1093 1151 1218
766 841 841
1692 1766 1837
1462 1526 1571
934 1021 1034
876 947 959
2187 2303 2334
785 858 864
663 714 737
697 764 784
1357 1429 1463
1965 2082 2127
326 379 355
982 1061 1088
2131 2252 2285
1307 1384 1418
1033 1097 1142
1635 1705 1778
1888 2013 2070
1615 1681 1749
433 489 481
2314 2443 2466
1783 1890 1956
1934 2066 2110
1329 1411 1438
1710 1788 1857
374 426 398
289 330 303
2283 2413 2447
2336 2466 2482
1872 1991 2039
1988 2100 2146
1431 1495 1548
2027 2149 2192
269 301 277
2156 2277 2303
1049 1116 1168
1232 1291 1354
2006 2119 2175
543 598 609
831 904 906
1568 1643 1691
2244 2365 2403
2057 2170 2218
2380 2510 2532
2222 2346 2382
392 447 420
197 227 213
1748 1847 1911
1408 1478 1520
1385 1447 1494
2080 2196 2241
1131 1194 1261
1282 1353 1399
2204 2329 2365
957 1044 1062
356 395 382
681 745 764
897 973 984
1545 1618 1665
170 202 182
913 1000 1013
520 579 585
1665 1736 1808
1178 1239 1300
2361 2483 2510
469 534 537
1854 1964 2022
1012 1081 1115
622 656 685
592 634 656
1917 2038 2092
723 788 802
740 811 820
413 463 451
1507 1575 1604
449 509 511
2263 2390 2422
1251 1322 1383
2105 2224 2260
2401 2536 2548
1810 1910 1980
248 273 261
307 348 327
847 923 933
1833 1935 2005
1526 1600 1635
222 257 241
562 615 633
1766 1865 1937
12 12 80
298 74 187
490 138 240
426 330 223
298 330 191
234 266 193
362 394 213
554 202 194
362 10 202
170 202 182
426 74 182
490 266 244
234 138 194
8 4 100
260 100 207
100 260 200
340 180 206
420 260 205
180 340 201
260 420 202
180 180 209
340 340 203
12 1 80
234 138 194
298 74 187
170 202 182
426 330 223
490 266 244
362 10 202
554 202 194
362 394 213
298 330 191
426 74 182
234 266 193
490 138 240
60 50 7
24 24 100
-30 78 100
-24 24 100
-36 84 100
-6 90 100
36 84 100
-30 30 100
-60 84 100
-66 78 100
24 120 100
-6 138 100
-18 126 100
30 78 100
6 6 100
-48 48 100
-18 30 100
12 12 100
-54 54 100
48 48 100
-48 96 100
60 60 100
-12 36 100
-12 84 100
-24 72 100
30 114 100
-12 132 100
42 90 100
54 54 100
-24 120 100
-18 78 100
-12 108 100
0 0 100
18 18 100
66 66 100
12 132 100
12 36 100
-18 114 100
18 30 100
6 138 100
-6 42 100
-42 90 100
42 54 100
-42 42 100
-66 66 100
0 144 100
-6 102 100
24 72 100
42 102 100
30 66 100
6 42 100
-54 90 100
36 60 100
-36 36 100
-72 72 100
0 96 100
-60 60 100
0 48 100
18 126 100
36 108 100
48 96 100
6 6 10
124 104 100
100 100 100
108 108 100
108 92 105
116 96 105
116 112 103
41 5 12
140 160 100
170 100 100
220 300 100
100 100 100
110 210 100
200 100 100
220 100 100
150 230 100
130 100 100
280 300 100
190 100 100
150 170 100
110 100 100
140 240 100
140 300 100
140 100 100
100 300 100
120 180 100
210 100 100
160 300 100
240 300 100
120 220 100
180 200 100
170 190 100
110 190 100
160 220 100
240 100 100
260 300 100
180 300 100
180 100 100
160 100 100
120 300 100
130 230 100
200 300 100
230 100 100
160 180 100
130 170 100
120 100 100
100 200 100
150 100 100
170 210 100
8 8 10
108 108 101
100 100 100
92 124 105
116 116 102
100 132 104
92 108 107
84 116 106
108 124 103
12 12 10
68 116 104
100 100 100
116 116 104
84 100 100
76 108 102
100 132 108
108 108 102
108 124 106
92 92 98
92 140 110
84 132 108
76 124 106
10 3 12
130 100 110
170 100 110
120 100 100
100 100 100
180 100 100
160 100 100
190 100 110
140 100 100
150 100 110
110 100 110
41 8 12
280 300 100
110 100 100
240 300 100
100 300 100
130 230 100
220 100 100
120 220 100
210 100 100
100 200 100
200 100 100
110 210 100
140 300 100
150 170 100
100 100 100
180 200 100
160 180 100
240 100 100
130 100 100
180 300 100
150 230 100
230 100 100
140 240 100
160 300 100
260 300 100
110 190 100
170 100 100
220 300 100
120 300 100
140 160 100
120 100 100
130 170 100
120 180 100
140 100 100
150 100 100
180 100 100
170 210 100
160 100 100
200 300 100
170 190 100
190 100 100
160 220 100
8 6 100
180 180 209
180 340 201
260 420 202
100 260 200
340 340 203
260 100 207
340 180 206
420 260 205
200 200 100
6010 -1958 220
3370 3402 234
2250 2282 229
3930 3962 182
7770 -198 203
7930 442 251
7850 522 240
6570 1802 244
1290 -918 192
250 122 193
1210 -838 225
2090 -1718 256
6970 1402 257
1530 1562 248
650 -278 238
490 -118 260
5850 2522 201
6810 1562 247
1050 1082 210
570 -198 259
6970 -998 187
7450 922 182
7050 -918 209
410 442 261
3690 3722 195
3290 -2918 200
2490 2522 251
7690 682 259
2410 2442 184
4650 3722 201
1610 -1238 216
490 522 191
4010 4042 223
7130 1242 224
330 42 260
6330 -1638 227
6650 1722 187
4330 4042 233
4890 -3078 255
1290 1322 227
1370 1402 224
3450 -3078 223
2570 -2198 229
1690 -1318 233
3530 -3158 232
170 202 182
5450 2922 253
6410 -1558 233
7290 1082 228
4970 -2998 209
2010 2042 246
7450 -518 239
6170 2202 248
810 842 214
8090 122 209
6170 -1798 182
6410 1962 200
7370 1002 198
2730 2762 246
6650 -1318 233
3690 -3318 202
2650 -2278 197
4090 4122 237
1770 -1398 261
7850 -118 235
1370 -998 191
8010 362 192
3050 -2678 197
7610 762 241
5370 3002 261
1770 1802 197
4170 4202 249
7210 -758 196
3130 3162 230
1210 1242 250
1530 -1158 212
4650 -3318 243
6810 -1158 257
6250 2122 231
4970 3402 243
1050 -678 194
3450 3482 255
4730 -3238 255
5450 -2518 193
5290 3082 202
6890 -1078 214
410 -38 245
5530 -2438 227
7530 -438 210
2170 -1798 251
5210 3162 227
2890 2922 218
1450 1482 248
730 762 224
4490 3882 254
2810 -2438 183
3770 3802 205
4810 -3158 190
2090 2122 209
6330 2042 189
4090 -3718 239
3130 -2758 237
4730 3642 253
5690 2682 209
5370 -2598 214
6490 -1478 230
890 -518 231
7770 602 254
570 602 212
5770 2602 198
6090 -1878 251
3290 3322 260
1450 -1078 205
7930 -38 203
2570 2602 236
7610 -358 205
5050 -2918 228
4570 3802 260
1930 1962 228
5930 2442 234
2330 -1958 237
2410 -2038 190
3610 -3238 226
330 362 191
4170 -3798 198
5930 -2038 251
4490 -3478 213
7210 1162 249
4010 -3638 261
1690 1722 217
730 -358 218
5530 2842 248
1930 -1558 217
2730 -2358 194
810 -438 244
3850 3882 197
1850 -1478 239
2970 -2598 192
5210 -2758 232
7530 842 233
3930 -3558 201
2810 2842 245
3210 -2838 261
7370 -598 247
4330 -3638 245
6090 2282 254
5690 -2278 220
970 1002 219
2170 2202 248
4570 -3398 249
7130 -838 218
4410 -3558 195
2890 -2518 189
4410 3962 215
7050 1322 198
3770 -3398 241
3530 3562 240
7690 -278 221
6730 -1238 182
4810 3562 212
6890 1482 253
8090 282 239
3850 -3478 204
1610 1642 222
5610 -2358 241
2250 -1878 247
5850 -2118 182
2010 -1638 198
2970 3002 256
250 282 225
6010 2362 256
4890 3482 236
3210 3242 218
2330 2362 182
5290 -2678 248
1130 -758 187
890 922 234
4250 4122 190
5130 -2838 237
6570 -1398 224
1130 1162 230
3370 -2998 226
4250 -3718 213
2490 -2118 253
6730 1642 233
1850 1882 258
6490 1882 224
5130 3242 193
5610 2762 229
650 682 242
970 -598 186
3610 3642 202
5770 -2198 198
2650 2682 187
7290 -678 224
3050 3082 228
8170 202 230
8010 42 259
5050 3322 187
6250 -1718 210
10 3 10
132 132 100
124 124 108
148 148 100
100 100 100
108 108 108
116 116 100
140 140 108
164 164 100
156 156 108
172 172 108
100 100 32
2027 2149 2192
1462 1526 1571
1748 1847 1911
1178 1239 1300
982 1061 1088
1232 1291 1354
1160 1221 1277
812 874 890
1012 1081 1115
897 973 984
766 841 841
1131 1194 1261
326 379 355
269 301 277
681 745 764
1635 1705 1778
1282 1353 1399
1766 1865 1937
663 714 737
449 509 511
222 257 241
957 1044 1062
740 811 820
1065 1135 1197
2401 2536 2548
1251 1322 1383
592 634 656
2131 2252 2285
307 348 327
1917 2038 2092
1854 1964 2022
2006 2119 2175
1357 1429 1463
1692 1766 1837
1545 1618 1665
2156 2277 2303
1595 1664 1719
2336 2466 2482
1408 1478 1520
622 656 685
1965 2082 2127
433 489 481
2080 2196 2241
562 615 633
197 227 213
847 923 933
1934 2066 2110
1810 1910 1980
1307 1384 1418
1093 1151 1218
785 858 864
374 426 398
1385 1447 1494
2222 2346 2382
170 202 182
1507 1575 1604
2361 2483 2510
469 534 537
1049 1116 1168
392 447 420
2105 2224 2260
1783 1890 1956
1033 1097 1142
1710 1788 1857
356 395 382
723 788 802
543 598 609
248 273 261
1615 1681 1749
2314 2443 2466
2204 2329 2365
697 764 784
1872 1991 2039
2283 2413 2447
1833 1935 2005
2244 2365 2403
1486 1549 1588
1526 1600 1635
643 683 714
489 563 560
1888 2013 2070
2057 2170 2218
1329 1411 1438
1115 1172 1234
2380 2510 2532
413 463 451
289 330 303
2263 2390 2422
2187 2303 2334
1568 1643 1691
913 1000 1013
934 1021 1034
520 579 585
831 904 906
1988 2100 2146
1208 1266 1325
1729 1816 1887
876 947 959
1431 1495 1548
1665 1736 1808
4 4 10
108 106 101
116 100 102
100 100 100
108 94 101
32 10 12
220 120 100
270 110 110
120 120 100
170 110 110
150 70 100
170 90 100
200 100 100
140 140 110
140 60 110
280 100 108
220 80 110
260 120 110
100 100 100
240 60 110
130 70 110
250 130 110
110 90 110
230 70 110
160 80 100
260 80 108
250 70 108
210 90 110
240 140 110
130 130 100
270 90 108
180 100 100
230 130 100
210 110 100
110 110 100
150 130 110
120 80 110
160 120 110
77 10 10
264 64 100
256 56 100
440 -240 100
360 0 100
416 -104 100
344 16 100
248 -32 100
352 8 100
232 32 100
216 16 100
416 -184 100
296 16 100
440 -160 100
400 -120 100
280 -80 100
376 -96 100
480 -120 100
264 -64 100
456 -144 100
320 -120 100
288 8 100
320 40 100
440 -80 100
504 -144 100
408 -208 100
432 -88 100
424 -176 100
328 32 100
520 -160 100
376 -64 100
400 -200 100
432 -72 100
416 -56 100
312 32 100
392 -112 100
256 -24 100
408 -48 100
200 0 100
432 -232 100
368 -72 100
408 -112 100
464 -136 100
336 24 100
224 24 100
496 -136 100
336 -104 100
416 -216 100
240 40 100
448 -152 100
272 72 100
512 -152 100
472 -128 100
272 -8 100
328 -112 100
208 8 100
240 -40 100
392 -48 100
280 0 100
304 24 100
344 -96 100
424 -64 100
256 -56 100
400 -40 100
248 48 100
384 -56 100
280 80 100
248 -48 100
424 -224 100
264 -16 100
384 -104 100
272 -72 100
360 -80 100
424 -96 100
352 -88 100
432 -168 100
488 -128 100
408 -192 100
100 2 32
1115 1172 1234
2080 2196 2241
723 788 802
248 273 261
2401 2536 2548
1766 1865 1937
1748 1847 1911
1917 2038 2092
1833 1935 2005
1232 1291 1354
2187 2303 2334
1965 2082 2127
2204 2329 2365
1988 2100 2146
1160 1221 1277
785 858 864
681 745 764
1810 1910 1980
812 874 890
2027 2149 2192
413 463 451
197 227 213
1854 1964 2022
1251 1322 1383
2336 2466 2482
1872 1991 2039
2156 2277 2303
1934 2066 2110
897 973 984
520 579 585
2263 2390 2422
1012 1081 1115
1486 1549 1588
222 257 241
2006 2119 2175
269 301 277
1710 1788 1857
433 489 481
766 841 841
2314 2443 2466
2380 2510 2532
2131 2252 2285
1208 1266 1325
2105 2224 2260
543 598 609
1568 1643 1691
622 656 685
643 683 714
1357 1429 1463
2222 2346 2382
1307 1384 1418
326 379 355
1282 1353 1399
1462 1526 1571
934 1021 1034
356 395 382
1595 1664 1719
562 615 633
831 904 906
1888 2013 2070
1329 1411 1438
876 947 959
1526 1600 1635
1178 1239 1300
170 202 182
307 348 327
2283 2413 2447
1635 1705 1778
592 634 656
1408 1478 1520
847 923 933
469 534 537
663 714 737
1093 1151 1218
392 447 420
1545 1618 1665
2244 2365 2403
697 764 784
1431 1495 1548
489 563 560
1615 1681 1749
1729 1816 1887
1783 1890 1956
1049 1116 1168
913 1000 1013
1665 1736 1808
2361 2483 2510
1033 1097 1142
1065 1135 1197
449 509 511
1692 1766 1837
2057 2170 2218
374 426 398
1131 1194 1261
982 1061 1088
1507 1575 1604
289 330 303
1385 1447 1494
957 1044 1062
740 811 820
5 1 20
183 221 201
214 243 223
170 202 182
231 261 241
202 231 211
20 20 3
188 200 182
174 206 183
180 212 182
182 194 183
176 196 182
186 198 182
170 202 182
174 198 182
184 208 182
178 210 183
176 208 183
186 206 182
188 204 182
178 194 182
172 204 183
184 196 182
180 192 182
172 200 183
190 202 183
182 210 182
10 5 8
10 10 10
30 30 30
40 40 40
25 25 25
50 50 50
5 5 5
15 15 15
35 35 35
20 20 20
45 45 45
9 3 10
160 60 160
138 78 138
130 80 130
116 116 116
168 48 168
176 56 176
146 86 146
100 100 100
108 108 108
8 5 100
180 340 201
100 260 200
340 180 206
260 100 207
340 340 203
260 420 202
180 180 209
420 260 205
10 4 12
130 100 110
150 100 100
110 100 110
190 100 110
180 100 100
120 100 100
140 100 100
100 100 100
170 100 100
160 100 100
3 3 10
170 202 182
187 216 196
178 211 191
80 4 10
3308 414 420
3908 474 480
2900 380 380
3308 426 420
2500 340 340
1308 226 220
3516 440 440
1716 260 260
2100 300 300
708 154 160
1300 220 220
308 114 120
1308 214 220
3316 420 420
708 166 160
1908 286 280
3916 480 480
2116 300 300
908 174 180
3716 460 460
2908 374 380
100 100 100
2108 306 300
300 120 120
3908 486 480
2308 326 320
108 94 100
2508 346 340
2908 386 380
1108 206 200
308 126 120
1100 200 200
108 106 100
2508 334 340
1508 246 240
1508 234 240
2300 320 320
2708 366 360
1516 240 240
1708 266 260
716 160 160
2308 314 320
1900 280 280
508 146 140
3100 400 400
1708 254 260
1116 200 200
508 134 140
2108 294 300
908 186 180
316 120 120
2716 360 360
1908 274 280
3500 440 440
3300 420 420
2316 320 320
2516 340 340
3900 480 480
2708 354 360
3108 394 400
1316 220 220
116 100 100
3116 400 400
1500 240 240
1916 280 280
3700 460 460
900 180 180
1700 260 260
3708 454 460
3508 446 440
3508 434 440
3108 406 400
2700 360 360
500 140 140
1108 194 200
916 180 180
516 140 140
3708 466 460
2916 380 380
700 160 160
6 5 10
124 104 100
108 108 100
116 112 103
108 92 105
116 96 105
100 100 100
6 4 10
108 92 105
116 96 105
100 100 100
116 112 103
108 108 100
124 104 100
4 4 10
100 100 100
116 100 100
108 94 100
108 106 100
252 200 7
18 210 232
-132 180 191
-126 174 192
24 312 273
-18 18 104
-72 216 209
36 36 115
-138 186 190
84 204 303
60 252 287
36 156 315
-84 132 171
-6 42 108
138 138 340
-42 102 148
0 192 229
-144 144 181
18 114 136
-48 192 213
-18 30 106
108 228 295
-66 66 160
-108 180 195
78 114 330
84 108 331
30 270 280
-108 228 203
-90 138 172
24 264 281
-144 192 189
-6 6 102
-30 78 152
18 222 234
96 240 293
-114 210 200
-18 270 258
-90 90 164
114 210 298
96 192 301
120 120 337
6 42 110
-156 180 187
30 174 312
108 204 299
-60 252 247
12 324 271
-150 150 182
-54 186 214
42 42 116
6 102 134
-42 54 156
-72 72 161
-48 288 253
-6 330 268
-12 180 227
30 258 282
-48 48 157
-12 12 103
78 258 290
-6 294 262
-36 156 223
6 90 132
-54 198 212
12 132 139
72 264 289
0 48 109
24 72 129
-66 210 210
54 198 308
0 288 261
72 168 321
-78 114 168
102 234 294
-84 228 207
-18 306 264
138 186 348
6 234 236
90 246 292
-48 144 221
78 126 328
-6 138 142
30 306 274
-12 300 263
-78 126 170
-78 222 208
66 258 288
138 150 342
126 174 346
0 336 269
-42 282 254
48 144 317
-102 198 198
66 66 120
66 210 306
-12 276 259
-162 174 186
30 162 314
54 150 318
-114 222 202
114 222 296
-150 186 188
-60 204 211
18 318 272
48 288 277
-162 162 184
-42 90 150
30 30 114
-54 54 158
12 228 235
144 192 349
-66 162 218
-72 120 169
42 294 276
0 240 237
12 204 231
-84 84 163
12 108 135
-36 228 243
-126 126 178
-42 234 244
126 126 338
162 174 352
18 126 138
12 84 131
-24 72 153
48 96 125
132 180 347
-102 186 196
-168 168 185
24 24 113
-30 114 146
96 96 333
84 156 323
42 186 310
126 162 344
90 198 302
-36 84 151
-12 228 239
36 252 283
42 90 126
-90 234 206
72 216 305
144 144 341
-24 264 257
132 132 339
-6 282 260
84 252 291
-120 216 201
156 180 351
132 156 343
36 84 127
-18 318 266
36 276 279
-102 234 204
0 144 141
54 90 124
6 198 230
48 192 309
48 48 117
-36 108 147
42 282 278
0 96 133
90 138 326
-12 132 143
-132 132 179
-66 270 250
60 84 123
-48 240 245
-120 168 193
-72 264 249
-54 150 220
-36 276 255
36 180 311
-156 156 183
-96 240 205
150 186 350
-24 168 225
36 300 275
-30 270 256
102 198 300
24 120 137
72 120 329
120 168 345
84 132 327
-66 174 216
6 330 270
42 246 284
54 54 118
-84 108 167
-60 60 159
-24 216 241
-12 36 107
120 216 297
-114 126 176
-18 174 226
-30 162 224
-120 120 177
24 168 313
-114 174 194
96 144 325
78 210 304
-18 222 240
54 246 286
102 102 334
-90 102 166
-78 78 162
-36 60 155
-96 192 197
-30 222 242
-108 204 199
-60 180 215
-96 144 173
-6 234 238
72 72 121
66 78 122
78 162 322
-54 246 246
6 138 140
0 0 101
-12 324 267
-30 66 154
-6 186 228
60 60 119
-138 138 180
-102 138 174
-24 312 265
18 30 112
-66 258 248
-24 24 105
-48 96 149
-96 96 165
-18 126 144
60 204 307
48 240 285
-54 282 252
24 216 233
60 156 319
-24 120 145
12 36 111
-60 156 219
-42 150 222
108 108 335
42 150 316
-60 276 251
90 150 324
30 78 128
90 102 332
114 114 336
66 162 320
-108 132 175
18 78 130
-72 168 217
8 1 100
40000000 -40000000 -40000000
-40000000 -40000000 40000000
-40000000 40000000 40000000
40000000 -40000000 40000000
40000000 40000000 -40000000
-40000000 40000000 -40000000
-40000000 -40000000 -40000000
40000000 40000000 40000000
12 11 80
298 74 187
234 138 194
426 330 223
298 330 191
362 10 202
490 266 244
554 202 194
170 202 182
426 74 182
234 266 193
362 394 213
490 138 240
1 1 100
100 100 100
200 199 100
8010 362 192
7770 602 254
3610 -3238 226
3930 -3558 201
1210 1242 250
3130 3162 230
7850 -118 235
5930 2442 234
7130 1242 224
3370 3402 234
2970 -2598 192
2010 -1638 198
7130 -838 218
970 1002 219
2970 3002 256
970 -598 186
3210 3242 218
6170 2202 248
1770 1802 197
4810 -3158 190
2490 2522 251
4250 -3718 213
1290 -918 192
7930 -38 203
4490 3882 254
5370 -2598 214
5930 -2038 251
4890 -3078 255
2650 2682 187
1610 1642 222
3450 3482 255
4090 -3718 239
2570 -2198 229
1690 -1318 233
4250 4122 190
1450 -1078 205
4570 -3398 249
2250 -1878 247
250 122 193
7930 442 251
7850 522 240
3930 3962 182
1130 -758 187
330 42 260
3530 -3158 232
1450 1482 248
7690 682 259
4570 3802 260
4090 4122 237
1850 -1478 239
3290 3322 260
1210 -838 225
810 842 214
8090 122 209
5690 2682 209
2410 2442 184
7370 1002 198
650 -278 238
5610 -2358 241
3290 -2918 200
2890 -2518 189
1530 -1158 212
2090 2122 209
2490 -2118 253
3050 -2678 197
810 -438 244
3130 -2758 237
3690 3722 195
2250 2282 229
3850 3882 197
2730 2762 246
5770 2602 198
6410 1962 200
6570 -1398 224
2730 -2358 194
570 602 212
1290 1322 227
7530 -438 210
7050 1322 198
7770 -198 203
1050 -678 194
4330 -3638 245
6730 1642 233
1930 -1558 217
490 522 191
4010 4042 223
3050 3082 228
6650 -1318 233
5450 -2518 193
7610 -358 205
410 -38 245
5050 -2918 228
4490 -3478 213
5290 3082 202
3450 -3078 223
7290 -678 224
4170 -3798 198
1690 1722 217
6810 -1158 257
2650 -2278 197
1370 -998 191
1770 -1398 261
5850 2522 201
1050 1082 210
4970 -2998 209
3370 -2998 226
1930 1962 228
330 362 191
6730 -1238 182
7450 -518 239
8010 42 259
3530 3562 240
1610 -1238 216
2330 -1958 237
4890 3482 236
6490 -1478 230
1530 1562 248
2170 2202 248
2810 2842 245
3690 -3318 202
6010 -1958 220
4650 -3318 243
2170 -1798 251
250 282 225
8090 282 239
7050 -918 209
410 442 261
6330 -1638 227
1130 1162 230
5130 -2838 237
7690 -278 221
6570 1802 244
4170 4202 249
730 -358 218
6890 -1078 214
7450 922 182
5210 3162 227
2810 -2438 183
6090 2282 254
5290 -2678 248
2330 2362 182
6490 1882 224
4810 3562 212
4010 -3638 261
6250 -1718 210
6810 1562 247
4730 3642 253
6170 -1798 182
6330 2042 189
1850 1882 258
3610 3642 202
890 922 234
4730 -3238 255
5770 -2198 198
4650 3722 201
2010 2042 246
4970 3402 243
6890 1482 253
5130 3242 193
8170 202 230
2410 -2038 190
7210 1162 249
4410 -3558 195
6970 -998 187
7290 1082 228
490 -118 260
5450 2922 253
7210 -758 196
5690 -2278 220
4410 3962 215
890 -518 231
2570 2602 236
6090 -1878 251
6010 2362 256
6970 1402 257
2890 2922 218
3850 -3478 204
5530 -2438 227
3770 3802 205
7530 842 233
650 682 242
5610 2762 229
3770 -3398 241
6650 1722 187
7610 762 241
4330 4042 233
5210 -2758 232
5530 2842 248
3210 -2838 261
1370 1402 224
7370 -598 247
5850 -2118 182
6250 2122 231
5370 3002 261
2090 -1718 256
5050 3322 187
570 -198 259
170 202 182
6410 -1558 233
730 762 224
8 7 100
260 420 202
260 100 207
180 340 201
180 180 209
100 260 200
420 260 205
340 340 203
340 180 206
3 2 10
187 216 196
170 202 182
178 211 191
4 4 10
108 106 100
116 100 100
100 100 100
108 94 100
10 10 10
108 100 100
60 100 100
68 100 100
132 100 100
100 100 100
124 100 100
92 100 100
84 100 100
116 100 100
76 100 100
20 20 10
92 116 100
116 100 100
100 100 100
92 132 100
108 148 100
132 148 100
116 148 100
140 132 100
108 100 100
92 108 100
100 148 100
92 140 100
132 100 100
140 124 100
124 100 100
140 116 100
124 148 100
140 108 100
140 140 100
92 124 100
3 1 10
170 202 182
187 216 196
178 211 191
1001 3 12
280 200 220
220 180 180
240 220 200
100 260 240
140 200 180
280 280 180
120 100 120
160 160 160
100 160 240
280 180 120
220 220 100
220 240 220
200 260 120
100 120 200
180 140 180
120 220 260
160 120 140
120 160 160
140 180 200
260 280 280
100 160 160
260 160 260
180 100 220
100 280 100
160 220 220
140 220 180
160 200 200
140 120 120
160 160 280
240 200 240
100 220 260
100 260 120
100 260 140
240 240 160
120 200 140
280 240 120
160 240 260
120 100 260
120 160 120
180 220 200
140 120 140
140 240 140
160 200 120
160 220 240
100 180 120
280 260 120
100 260 160
140 260 220
200 260 220
160 260 100
140 200 120
280 160 100
240 140 180
260 180 180
160 280 120
280 100 240
220 160 140
280 140 100
200 220 160
220 260 260
160 220 160
280 280 280
180 120 280
180 260 100
260 260 200
160 100 160
240 160 220
140 220 240
140 240 180
120 280 260
100 140 100
220 240 100
280 120 100
120 200 240
140 140 280
280 280 200
280 260 220
220 280 280
280 220 100
200 180 120
140 200 280
160 100 100
120 220 240
200 100 260
140 280 240
100 200 160
260 220 260
220 260 180
160 100 120
280 200 240
260 120 140
100 260 220
160 120 180
240 180 260
160 160 140
240 160 160
260 100 220
280 220 140
120 120 180
220 220 280
160 140 120
140 280 220
120 260 180
120 180 200
200 220 240
100 140 140
260 240 120
140 160 140
220 280 140
100 240 140
110 100 100
200 280 140
160 260 160
160 100 140
280 280 160
220 240 240
120 240 120
140 200 240
160 120 260
220 200 220
100 240 240
240 180 240
280 100 220
280 260 280
160 280 160
200 260 140
200 220 220
240 220 220
100 280 160
120 240 260
140 240 200
120 220 180
160 240 280
180 280 220
120 180 180
240 100 220
280 240 240
160 280 240
180 260 120
100 220 120
100 220 240
160 180 260
180 140 240
120 200 200
180 180 260
140 100 100
180 140 220
220 220 220
240 280 180
240 100 280
220 120 240
180 280 100
200 160 140
240 240 200
100 160 260
260 100 140
240 260 240
100 240 100
100 100 260
280 120 160
140 220 160
200 120 220
280 200 200
160 240 240
160 160 200
180 280 200
160 180 280
220 180 120
280 240 220
140 260 200
220 180 140
160 140 220
200 180 260
220 160 180
260 180 240
260 140 180
180 200 260
200 120 100
180 280 160
280 120 220
200 220 120
200 240 240
280 260 100
280 240 200
240 120 180
200 180 280
220 180 160
180 140 100
120 260 120
180 240 240
180 240 160
140 280 200
280 140 280
220 240 260
140 140 240
200 180 140
180 160 140
200 220 100
240 100 200
160 100 240
260 220 280
140 100 240
260 240 240
280 100 100
120 160 200
240 100 140
160 220 260
180 140 120
160 120 160
280 160 280
140 180 140
200 140 120
100 160 180
100 280 220
240 100 120
260 260 240
220 100 160
260 140 260
200 100 160
120 120 260
160 240 160
140 260 280
200 260 260
220 140 220
120 120 120
140 180 220
220 140 240
240 200 220
120 120 240
120 200 260
220 100 100
260 100 180
240 260 220
220 280 220
200 200 180
200 280 160
120 180 260
140 280 100
220 160 160
100 140 180
140 220 280
260 140 120
120 180 280
140 100 180
100 180 140
240 280 220
260 220 140
180 240 260
160 180 200
180 260 140
220 160 280
280 140 140
200 180 220
160 240 140
240 280 260
160 240 100
260 180 280
240 160 240
160 180 100
180 160 100
180 120 100
140 260 140
200 180 180
260 180 200
260 200 260
260 100 280
280 220 220
120 280 200
220 160 240
160 200 280
260 120 240
160 240 180
220 240 280
160 120 240
200 200 280
140 220 140
180 240 180
200 240 120
200 180 100
240 200 200
180 200 140
100 260 260
120 200 280
260 160 220
240 180 280
260 220 120
240 260 260
280 120 240
120 280 160
260 140 100
100 120 220
260 160 100
140 120 160
100 180 200
180 200 220
180 260 240
120 260 160
120 240 280
180 180 180
120 260 200
220 200 100
140 160 100
260 240 280
120 280 240
280 200 280
140 100 200
280 160 160
120 280 280
220 260 100
200 160 220
180 240 100
120 220 120
240 200 140
220 200 160
240 220 100
100 240 280
200 240 160
120 260 240
200 160 180
100 260 100
220 260 160
160 120 280
280 260 240
220 200 120
120 120 280
220 140 160
100 120 100
220 100 220
220 220 260
140 200 100
240 140 220
200 200 100
180 260 160
100 200 180
180 180 120
140 160 180
140 140 220
160 260 260
160 140 180
260 100 160
260 160 160
220 180 200
180 280 120
240 280 280
120 280 220
120 160 220
120 100 240
160 120 100
240 240 140
240 180 100
160 100 220
200 120 240
280 220 120
240 240 280
200 140 260
120 220 100
180 240 220
240 180 160
160 220 140
200 200 220
220 220 180
160 260 180
280 220 280
180 200 120
120 160 180
140 260 240
280 240 260
100 120 160
240 180 220
160 140 200
160 280 280
280 100 140
160 180 140
260 280 220
220 200 180
220 140 140
200 220 180
280 180 180
260 200 120
160 180 120
240 120 280
280 160 180
180 100 180
200 220 260
120 160 260
180 200 280
100 140 260
140 260 260
140 200 200
280 280 120
120 240 160
220 120 120
200 180 200
140 240 120
120 280 180
120 140 280
260 240 180
140 280 260
100 100 280
260 260 180
120 220 200
100 100 140
200 220 140
260 260 260
140 160 200
240 180 120
180 100 160
120 100 220
180 240 280
100 280 180
280 120 280
280 200 140
260 200 280
180 220 180
120 280 100
160 140 160
140 260 180
260 200 200
100 220 200
140 160 160
160 260 280
240 120 200
200 100 180
140 140 160
260 220 180
120 240 200
180 100 120
280 180 240
120 180 140
100 120 140
240 140 260
180 160 220
100 100 200
200 200 160
160 260 140
280 100 260
140 160 260
120 240 240
260 120 260
160 220 200
240 100 260
280 180 160
140 240 240
200 140 280
280 160 200
140 200 260
120 260 280
200 120 280
280 140 220
220 160 260
220 140 180
120 120 140
260 220 220
120 100 100
240 280 200
140 140 120
200 280 120
100 220 280
180 220 100
160 100 200
280 180 220
140 220 260
160 280 140
100 220 180
180 160 180
120 260 140
140 120 200
140 160 240
180 120 140
100 160 200
220 220 160
200 280 200
180 140 200
140 140 100
260 160 240
180 140 280
140 280 280
140 180 260
280 120 120
140 100 220
160 240 220
100 100 160
100 280 260
140 120 180
260 240 220
180 100 140
180 200 240
180 120 260
200 120 160
100 200 240
260 220 160
220 200 260
140 100 260
180 160 160
100 140 280
220 180 280
100 180 260
100 280 120
240 140 200
200 220 200
240 120 140
100 180 240
120 160 240
200 140 240
100 180 280
240 200 100
240 120 120
260 280 100
260 100 200
200 260 160
160 160 260
200 120 260
220 220 120
200 240 280
200 240 260
180 260 220
260 120 120
280 200 160
140 200 140
200 160 120
140 100 120
260 140 240
280 120 140
220 160 200
200 200 200
120 220 220
180 220 120
100 220 160
160 260 120
140 120 240
220 280 160
100 220 220
200 260 240
120 260 220
160 200 100
260 280 260
180 280 260
180 280 280
200 240 220
200 200 260
200 160 240
240 100 160
180 180 200
180 240 140
200 280 240
160 100 280
240 240 240
180 240 200
240 160 260
120 100 200
200 200 240
260 200 220
140 240 280
160 260 200
160 200 220
140 200 160
120 280 120
220 160 100
100 240 260
220 140 200
240 140 120
240 200 120
260 160 180
280 100 180
160 140 240
240 160 120
200 120 140
200 140 100
140 260 160
100 140 220
200 140 200
200 200 120
100 120 240
260 120 160
240 260 140
280 120 260
160 200 160
240 160 140
280 160 240
280 260 160
220 120 260
120 180 240
160 280 260
240 120 240
120 240 180
240 240 220
200 260 200
200 120 180
200 100 220
280 220 180
100 140 240
200 280 260
180 180 140
100 140 200
220 200 240
200 260 100
140 220 200
240 140 100
280 140 120
140 120 100
240 140 160
180 220 240
100 180 180
140 240 100
240 280 120
240 180 140
180 140 140
180 100 100
100 240 220
220 140 260
120 260 260
260 220 240
260 180 120
160 140 100
240 260 100
220 280 260
120 180 120
100 200 220
220 280 200
100 260 200
180 120 240
180 260 200
220 280 100
100 100 240
200 280 180
280 160 220
280 280 260
100 100 220
260 240 140
220 100 120
200 280 220
260 260 220
280 280 100
120 240 140
100 280 200
280 280 140
260 240 160
100 120 180
120 100 180
280 240 100
120 220 280
260 120 100
140 180 180
260 240 260
200 140 220
180 120 180
180 280 180
240 120 100
220 240 140
180 200 160
140 140 140
280 140 160
240 120 160
260 160 200
140 260 120
280 220 240
200 260 180
140 140 180
160 220 120
260 200 160
260 280 160
260 280 180
160 200 240
240 100 240
200 180 240
140 180 280
160 220 100
100 220 100
160 140 260
140 160 220
180 160 260
180 100 200
260 200 100
160 160 240
140 240 220
260 140 200
280 120 180
240 240 120
100 200 120
140 180 240
280 160 140
180 140 160
120 240 220
140 100 160
260 140 140
240 100 100
100 100 180
240 180 180
180 180 160
100 160 140
220 200 140
140 140 200
240 240 180
220 260 240
120 120 160
260 160 120
280 140 180
120 260 100
180 260 180
260 180 260
180 260 260
280 200 100
180 200 200
140 240 160
220 280 180
140 100 280
260 280 120
100 180 220
200 240 140
140 160 280
140 180 120
240 220 180
100 140 160
260 200 180
100 240 200
220 100 280
160 140 140
160 240 200
280 260 260
120 100 280
200 240 180
280 180 260
140 280 140
120 140 160
120 220 140
200 200 140
100 160 100
220 140 100
140 200 220
220 120 160
120 120 100
180 180 280
240 280 240
180 280 240
160 220 280
160 180 160
160 260 240
260 260 280
160 100 260
280 140 260
140 180 100
160 260 220
120 180 100
220 240 120
240 220 240
160 160 180
260 260 100
100 100 100
160 100 180
100 260 180
160 180 180
220 240 180
220 100 260
280 240 180
220 180 100
220 160 120
240 120 220
220 120 180
240 100 180
240 200 260
180 180 240
240 220 260
280 180 100
260 180 140
160 280 180
140 280 160
220 240 160
180 200 180
240 180 200
260 220 100
260 180 160
200 160 280
280 200 120
160 140 280
240 120 260
280 180 140
220 180 240
200 260 280
280 260 180
100 200 260
100 240 120
100 200 200
120 220 160
100 180 160
100 280 240
200 160 100
120 120 200
220 220 140
120 100 140
260 280 200
220 100 200
260 200 140
240 160 100
280 220 260
180 100 260
180 220 280
120 200 100
260 180 220
240 220 120
200 120 120
120 160 280
260 260 120
100 200 140
220 140 120
160 180 220
220 200 200
280 200 180
120 100 160
240 160 180
160 180 240
140 120 260
260 140 280
260 280 140
260 100 260
220 240 200
280 220 200
140 220 100
200 100 120
200 220 280
180 260 280
180 120 200
260 160 140
220 220 240
280 220 160
240 280 100
100 200 280
280 280 240
240 160 200
240 220 140
120 140 220
200 100 200
260 100 100
100 120 260
180 180 100
180 160 120
160 280 200
280 140 200
280 100 160
260 100 120
140 260 100
180 140 260
240 240 100
120 140 260
220 180 220
260 140 160
280 180 200
140 280 180
220 140 280
160 280 100
240 160 280
260 120 200
220 160 220
160 120 200
160 160 120
180 100 280
240 260 180
260 100 240
280 240 280
140 100 140
260 180 100
200 280 280
180 220 160
200 180 160
280 240 160
240 200 180
160 280 220
240 260 120
220 260 120
100 160 280
120 200 120
120 180 220
200 280 100
280 160 260
140 220 220
100 260 280
240 140 240
140 240 260
120 140 100
200 160 260
220 200 280
220 100 140
180 120 220
200 100 240
180 200 100
100 160 120
120 140 120
120 140 140
180 220 220
120 240 100
180 160 280
220 280 120
180 240 120
100 280 280
120 140 180
280 260 140
140 160 120
220 260 220
220 280 240
240 240 260
240 280 160
140 180 160
260 240 200
180 280 140
120 200 180
160 200 260
140 220 120
240 260 200
120 160 140
180 160 240
100 160 220
240 140 280
160 200 140
260 260 140
160 200 180
260 120 220
200 120 200
120 200 220
180 120 120
240 220 160
220 100 180
100 200 100
220 120 140
160 220 180
180 160 200
120 120 220
240 280 140
120 200 160
160 120 120
240 140 140
280 160 120
220 260 280
220 120 280
180 220 260
100 240 160
260 260 160
180 120 160
100 180 100
220 180 260
120 140 200
260 120 180
260 280 240
160 160 220
120 280 140
240 260 160
220 100 240
120 140 240
220 120 100
200 160 160
280 100 200
200 160 200
260 140 220
260 240 100
200 240 200
160 120 220
180 180 220
120 160 100
220 120 220
280 120 200
280 260 200
220 260 200
120 180 160
260 160 280
140 280 120
280 240 140
200 140 180
100 220 140
280 180 280
240 200 160
280 280 220
220 260 140
160 240 120
140 140 260
200 140 140
180 220 140
200 240 100
100 120 280
140 120 280
280 140 240
100 120 120
100 240 180
240 200 280
280 100 280
100 280 140
260 200 240
280 100 120
220 220 200
200 100 280
160 160 100
180 100 240
200 100 140
200 100 100
240 220 280
140 120 220
100 140 120
260 220 200
200 140 160
240 260 280
100 100 120
260 120 280
220 120 200
280 200 260
200 2 100
4890 3482 236
970 -598 186
5210 3162 227
1130 1162 230
4570 3802 260
8090 122 209
810 842 214
7530 -438 210
2330 -1958 237
5450 -2518 193
3130 -2758 237
6330 2042 189
6010 2362 256
4090 4122 237
3850 -3478 204
2330 2362 182
2890 2922 218
570 -198 259
6090 -1878 251
6490 -1478 230
1130 -758 187
890 922 234
6090 2282 254
250 282 225
1450 1482 248
7450 922 182
5770 2602 198
1610 -1238 216
7050 1322 198
8010 42 259
7210 1162 249
6490 1882 224
5850 -2118 182
4810 3562 212
7370 1002 198
2570 -2198 229
5370 -2598 214
1770 1802 197
1370 1402 224
7130 -838 218
7450 -518 239
6970 -998 187
7690 682 259
6810 -1158 257
4410 3962 215
570 602 212
1210 -838 225
7370 -598 247
1690 1722 217
7530 842 233
5370 3002 261
7290 -678 224
6250 -1718 210
5130 -2838 237
7930 -38 203
7850 522 240
170 202 182
3210 3242 218
4090 -3718 239
1290 -918 192
7770 -198 203
4170 -3798 198
2970 3002 256
6410 -1558 233
4330 -3638 245
6570 -1398 224
2170 -1798 251
3050 -2678 197
5850 2522 201
5050 3322 187
2650 -2278 197
5290 -2678 248
410 -38 245
2010 -1638 198
1850 -1478 239
4410 -3558 195
1210 1242 250
2410 2442 184
2570 2602 236
4570 -3398 249
3450 -3078 223
410 442 261
3370 3402 234
2650 2682 187
3530 3562 240
7050 -918 209
3530 -3158 232
2090 2122 209
2890 -2518 189
730 762 224
3610 3642 202
2410 -2038 190
1930 -1558 217
330 362 191
2810 2842 245
6570 1802 244
5210 -2758 232
4010 -3638 261
4330 4042 233
5770 -2198 198
4970 -2998 209
2250 2282 229
7930 442 251
1530 -1158 212
4650 3722 201
7210 -758 196
6650 1722 187
5530 2842 248
6650 -1318 233
730 -358 218
1930 1962 228
1050 1082 210
6410 1962 200
6250 2122 231
2170 2202 248
2010 2042 246
2730 -2358 194
5530 -2438 227
1610 1642 222
6730 1642 233
7290 1082 228
970 1002 219
3290 3322 260
4250 -3718 213
3210 -2838 261
4650 -3318 243
7130 1242 224
4490 -3478 213
1450 -1078 205
1770 -1398 261
8090 282 239
3050 3082 228
7770 602 254
330 42 260
6890 -1078 214
810 -438 244
7610 762 241
4970 3402 243
6890 1482 253
3930 -3558 201
6730 -1238 182
6970 1402 257
2490 2522 251
4170 4202 249
4490 3882 254
1690 -1318 233
890 -518 231
5690 2682 209
5930 -2038 251
1290 1322 227
6810 1562 247
7690 -278 221
4890 -3078 255
7850 -118 235
250 122 193
490 -118 260
6170 -1798 182
2730 2762 246
2250 -1878 247
5130 3242 193
5610 -2358 241
490 522 191
6330 -1638 227
3130 3162 230
6170 2202 248
1050 -678 194
4010 4042 223
2090 -1718 256
5450 2922 253
3770 -3398 241
1530 1562 248
2810 -2438 183
3610 -3238 226
6010 -1958 220
5610 2762 229
1370 -998 191
3290 -2918 200
3690 -3318 202
3770 3802 205
5690 -2278 220
4730 3642 253
2970 -2598 192
7610 -358 205
650 682 242
1850 1882 258
4730 -3238 255
3850 3882 197
3450 3482 255
3690 3722 195
4810 -3158 190
650 -278 238
5050 -2918 228
4250 4122 190
8010 362 192
3930 3962 182
8170 202 230
3370 -2998 226
5290 3082 202
2490 -2118 253
5930 2442 234
8 8 100
340 180 206
420 260 205
180 180 209
340 340 203
260 420 202
180 340 201
100 260 200
260 100 207
16 10 12
100 100 100
130 130 100
170 90 108
120 80 110
110 110 100
140 140 110
180 100 108
150 130 110
130 70 110
170 110 110
150 70 108
160 80 108
140 60 110
110 90 110
120 120 100
160 120 110
5 5 20
214 243 223
183 221 201
202 231 211
231 261 241
170 202 182
20 19 25
456 498 447
439 476 431
418 454 412
543 581 523
380 418 378
186 216 202
520 561 503
397 441 397
500 539 486
285 318 297
223 260 236
362 405 362
324 363 334
208 239 215
301 342 318
170 202 182
347 387 347
476 515 465
245 273 257
266 295 280
3 1 3
172 204 184
174 206 186
170 202 182
10 6 12
170 100 110
110 100 110
180 100 100
160 100 100
190 100 110
100 100 100
130 100 110
150 100 105
120 100 104
140 100 106
0 0 0
