8016
71296
7168
71144
3440
367760
162560
60000
600
6336
1744
6576
94
864
7192
163040
1618
1168
9224
-1
111280
54
6990
208000
1078
3480
9384
52830
104768
6144
60000
3750
134
6336
1176
60000
4096
4416
3720
3720
2653360
1568
2304
1640
56810
14406
5317600
798
12160
7680
8944
564792
410752
213840
38400
13230
3032
2784
4208
6336
2384
4224
316480
10647200
1752
570842
1904
7736
5208
10998
2400
832
1704
1704
265200
2304
1720
1856
2544
2080
1856
53626
60000
376960
60000
10593600
367760
1130
1856
3480
7168
600
1824
111200
411040
7736
11314
67484
54
3880
