10 10 12
133 222 92
99 188 60
151 241 105
119 206 75
125 212 85
143 233 99
175 263 128
166 253 119
160 247 112
110 197 67
12 2 80
419 124 80
227 60 74
355 316 101
99 188 60
163 252 73
419 252 97
355 60 104
291 -4 74
227 316 105
483 188 80
163 124 78
291 380 121
20 20 10
132 100 100
140 124 100
124 148 100
116 148 100
108 100 100
100 100 100
140 116 100
92 140 100
92 124 100
92 132 100
140 132 100
108 148 100
124 100 100
116 100 100
92 108 100
92 116 100
100 148 100
132 148 100
140 108 100
140 140 100
20 20 25
416 515 370
351 451 308
190 286 158
429 535 387
396 493 348
275 380 243
294 398 260
99 188 60
167 268 138
307 417 274
221 320 191
152 245 118
117 210 74
328 437 292
449 559 408
205 307 177
256 356 227
139 232 95
240 339 211
374 475 330
10 10 10
124 100 100
69 100 100
61 100 100
132 100 100
116 100 100
77 100 100
108 100 100
100 100 100
85 100 100
93 100 100
8 7 100
420 260 205
340 180 206
260 420 202
100 260 200
180 180 209
180 340 201
340 340 203
260 100 207
8 3 100
100 260 200
260 420 202
420 260 205
180 180 209
260 100 207
180 340 201
340 340 203
340 180 206
8 1 100
260 420 202
340 180 206
420 260 205
180 340 201
260 100 207
180 180 209
340 340 203
100 260 200
10 1 10
160 100 100
260 100 100
280 100 100
140 100 100
100 100 100
240 100 100
200 100 100
180 100 100
120 100 100
220 100 100
12 12 10
108 108 98
92 92 98
84 100 96
100 132 92
100 100 100
84 132 88
116 116 96
92 140 90
76 108 94
108 124 94
76 124 90
68 116 92
12 4 10
108 106 100
108 94 100
116 100 100
316 120 120
516 140 140
508 134 140
502 140 140
508 146 140
301 120 120
308 114 120
308 126 120
100 100 100
5 3 20
118 205 79
149 238 107
133 220 89
99 188 60
159 250 126
20 2 3
117 186 60
119 188 60
105 194 61
111 180 61
109 198 61
99 188 60
103 192 61
103 184 60
107 196 61
117 190 60
111 196 60
101 186 61
101 190 61
115 184 61
113 194 60
115 192 60
113 182 60
109 178 61
105 182 60
107 180 60
10 1 12
125 212 85
151 241 105
160 247 112
143 233 99
119 206 75
166 253 119
133 222 92
99 188 60
175 263 128
110 197 67
10 9 12
125 212 85
133 222 92
110 197 67
151 241 105
166 253 119
119 206 75
175 263 128
143 233 99
160 247 112
99 188 60
200 3 100
4579 3708 63
6979 1308 108
4659 3628 76
6339 1948 125
6259 -1652 68
2899 2988 86
4259 4028 72
3539 -3252 139
4099 -3812 100
5459 -2452 67
2019 2108 63
4899 3388 128
7459 -452 130
99 188 60
979 -692 111
2979 -2692 68
6099 2188 91
4979 -2932 70
579 -292 69
5219 3068 69
2899 -2612 123
7699 588 98
5139 3148 129
5139 -2772 76
7219 1068 75
7059 -852 130
2019 -1732 74
5299 2988 132
6099 -1812 139
739 -452 112
739 828 88
2259 -1972 120
1219 -932 112
3779 -3492 61
2339 2428 118
3219 -2932 61
7939 348 60
4499 -3412 93
6339 -1572 99
1379 -1092 117
3459 -3172 107
1299 -1012 99
4019 4108 71
1859 -1572 126
2979 3068 61
7619 -292 125
499 -212 73
4899 -3012 110
7699 -212 121
4819 -3092 84
1779 1868 109
1939 2028 138
1059 1148 119
339 428 89
3939 -3652 128
4019 -3732 133
5779 2508 66
4739 3548 74
6659 1628 134
7299 -612 104
7939 28 80
6739 -1172 72
5539 -2372 114
4179 -3732 95
6499 -1412 87
4099 4188 65
6819 -1092 65
259 348 137
8019 108 84
1619 -1332 86
3539 3628 62
3699 3788 109
4259 -3652 106
6819 1468 77
6579 -1332 128
5219 -2692 128
4819 3468 121
7539 748 66
7379 -532 62
5059 3228 112
1459 -1172 85
3779 3868 77
5699 2588 83
6899 1388 122
179 108 103
1379 1468 138
3379 3468 105
7379 908 111
1459 1548 88
2819 2908 80
2659 2748 109
6499 1788 128
2579 2668 98
179 268 89
7779 508 90
5939 2348 67
3619 -3332 138
4419 -3492 129
499 588 65
2499 -2212 99
3059 -2772 96
3059 3148 100
1619 1708 111
5939 -1972 128
899 -612 103
6179 -1732 98
2339 -2052 139
3619 3708 63
1539 1628 102
5619 2668 90
1859 1948 98
1139 -852 67
3939 4028 137
3219 3308 121
7299 988 94
1699 -1412 65
6579 1708 82
3459 3548 123
4499 3788 75
7459 828 88
1299 1388 123
5539 2748 124
339 -52 95
5859 -2052 66
3379 -3092 96
5379 2908 75
5059 -2852 88
2179 2268 88
5779 -2132 138
1539 -1252 65
3699 -3412 86
3139 -2852 93
6979 -932 72
4659 -3252 135
7779 -132 123
2179 -1892 137
2499 2588 107
6739 1548 61
5859 2428 136
6419 -1492 60
419 508 85
3299 3388 130
4419 3868 128
6899 -1012 134
6019 2268 68
3139 3228 123
2739 -2452 88
899 988 90
4739 -3172 129
2819 -2532 134
6019 -1892 106
4579 -3332 75
8099 188 98
2419 2508 79
2259 2348 107
1139 1228 98
819 -532 112
2099 -1812 106
3859 -3572 139
6259 2028 117
419 -132 72
259 28 101
5619 -2292 104
1939 -1652 78
6179 2108 116
4339 3948 135
579 668 80
5699 -2212 94
659 -372 136
1059 -772 130
979 1068 62
3859 3948 93
6659 -1252 106
7539 -372 99
7059 1228 112
2419 -2132 62
2739 2828 136
2659 -2372 91
4339 -3572 80
3299 -3012 90
7139 -772 84
2579 -2292 114
1779 -1492 120
5299 -2612 97
6419 1868 65
7619 668 100
7219 -692 119
5379 -2532 90
1699 1788 100
2099 2188 67
1219 1308 125
4979 3308 73
5459 2828 102
4179 4108 129
7859 -52 94
7859 428 115
659 748 96
819 908 138
7139 1148 91
8019 268 74
10 2 12
119 206 75
160 247 112
166 253 119
125 212 85
143 233 99
151 241 105
175 263 128
110 197 67
99 188 60
133 222 92
10 2 10
108 108 108
228 232 232
214 216 216
207 208 208
221 224 224
124 124 124
100 100 100
116 116 116
200 200 200
132 132 132
16 12 12
110 90 100
150 70 100
100 100 100
110 110 100
150 130 100
140 140 100
170 90 100
180 100 100
140 60 100
130 130 100
160 80 100
120 80 100
160 120 100
130 70 100
170 110 100
120 120 100
2 2 10
5 5 5
55 5 5
8 2 100
340 340 203
260 420 202
180 340 201
260 100 207
420 260 205
100 260 200
340 180 206
180 180 209
20 1 3
117 190 60
105 194 61
103 192 61
111 196 60
101 190 61
99 188 60
115 192 60
109 198 61
111 180 61
113 182 60
101 186 61
107 196 61
119 188 60
105 182 60
113 194 60
109 178 61
107 180 60
117 186 60
103 184 60
115 184 61
20 2 25
396 493 348
307 417 274
351 451 308
256 356 227
294 398 260
449 559 408
416 515 370
328 437 292
152 245 118
221 320 191
275 380 243
117 210 74
167 268 138
429 535 387
240 339 211
139 232 95
374 475 330
99 188 60
190 286 158
205 307 177
10 5 100
394 100 100
772 100 100
100 100 100
490 100 100
864 100 100
297 100 100
585 100 100
199 100 100
679 100 100
955 100 100
6 2 11
300 300 300
110 100 100
200 209 200
100 100 100
200 200 200
300 300 308
10 10 10
100 100 100
76 100 100
124 100 100
108 100 100
116 100 100
68 100 100
92 100 100
132 100 100
84 100 100
60 100 100
16 12 12
170 110 110
160 80 100
150 70 100
140 60 110
120 80 110
120 120 100
150 130 110
130 70 110
110 110 100
170 90 100
140 140 110
100 100 100
180 100 100
110 90 110
130 130 100
160 120 110
252 200 7
24 312 100
0 288 100
132 180 100
6 234 100
-12 180 100
24 72 100
-96 96 100
-114 126 100
-114 222 100
-78 78 100
-54 282 100
30 258 100
-60 156 100
-138 138 100
84 132 100
24 216 100
48 288 100
-102 186 100
-126 174 100
-60 204 100
-42 234 100
-6 234 100
-48 96 100
-30 270 100
-120 216 100
78 126 100
144 144 100
-48 192 100
0 48 100
66 210 100
126 174 100
-108 204 100
126 126 100
0 144 100
66 66 100
102 198 100
18 126 100
36 252 100
30 306 100
-6 294 100
-6 138 100
-30 162 100
-12 12 100
12 36 100
84 156 100
84 252 100
6 138 100
-18 126 100
-96 240 100
60 156 100
48 192 100
-162 162 100
42 246 100
-66 270 100
54 198 100
60 60 100
-18 30 100
-126 126 100
-6 330 100
42 186 100
-84 108 100
96 144 100
18 210 100
48 144 100
108 228 100
156 180 100
162 174 100
12 84 100
-6 186 100
-60 60 100
12 228 100
-36 156 100
-36 60 100
90 198 100
-18 318 100
126 162 100
12 324 100
-168 168 100
-102 234 100
-78 222 100
-18 270 100
-132 132 100
-108 228 100
-24 120 100
-30 66 100
36 36 100
138 186 100
54 90 100
36 300 100
90 102 100
-102 138 100
96 240 100
-120 168 100
90 138 100
-84 228 100
96 96 100
-48 144 100
78 258 100
6 42 100
66 78 100
-60 276 100
60 204 100
30 30 100
36 84 100
24 24 100
-54 54 100
-108 180 100
138 138 100
78 114 100
102 102 100
-42 282 100
114 222 100
42 150 100
-54 186 100
-54 246 100
132 132 100
-12 132 100
24 264 100
-90 138 100
24 120 100
-156 156 100
-66 174 100
-60 252 100
-72 72 100
-54 150 100
-30 78 100
120 168 100
72 72 100
-24 264 100
12 132 100
-138 186 100
138 150 100
30 162 100
120 216 100
-78 114 100
84 204 100
24 168 100
0 192 100
-30 222 100
0 0 100
36 156 100
96 192 100
-12 36 100
54 246 100
6 90 100
66 162 100
-90 90 100
18 114 100
-66 66 100
-60 180 100
-132 180 100
72 120 100
12 108 100
-18 174 100
72 216 100
-78 126 100
-42 150 100
72 264 100
-66 258 100
-12 276 100
-66 162 100
-150 186 100
-114 210 100
-108 132 100
90 150 100
30 270 100
-120 120 100
78 210 100
150 186 100
48 240 100
90 246 100
-90 102 100
60 252 100
-84 84 100
-48 48 100
48 48 100
-66 210 100
114 114 100
54 150 100
66 258 100
108 204 100
114 210 100
-84 132 100
6 330 100
-24 168 100
6 198 100
-36 228 100
18 222 100
120 120 100
0 96 100
78 162 100
-102 198 100
60 84 100
-90 234 100
144 192 100
36 276 100
18 30 100
102 234 100
-72 120 100
-24 24 100
-36 84 100
12 204 100
42 42 100
42 294 100
42 282 100
-96 192 100
18 78 100
18 318 100
-36 108 100
-24 72 100
-162 174 100
-54 198 100
-42 90 100
72 168 100
-18 222 100
-12 228 100
-150 150 100
-144 192 100
30 78 100
-42 102 100
-72 216 100
-6 6 100
-36 276 100
-6 42 100
-6 282 100
108 108 100
54 54 100
-18 18 100
-42 54 100
-30 114 100
-24 312 100
132 156 100
84 108 100
-144 144 100
36 180 100
0 336 100
48 96 100
-72 264 100
-18 306 100
-12 324 100
-156 180 100
-114 174 100
-96 144 100
30 174 100
6 102 100
-48 240 100
-12 300 100
0 240 100
-24 216 100
-72 168 100
42 90 100
-48 288 100
12 3 80
355 316 101
163 252 73
99 188 60
163 124 78
291 380 121
483 188 80
291 -4 74
419 252 97
355 60 104
227 316 105
227 60 74
419 124 80
100 1 32
1627 1691 1631
523 617 513
203 284 166
1683 1735 1685
128 217 89
1793 1830 1780
2144 2153 2135
1655 1716 1660
1101 1169 1101
1425 1496 1461
1182 1265 1202
2217 2229 2211
885 930 836
930 970 886
99 188 60
965 1024 937
1478 1547 1508
842 880 784
495 590 493
153 238 109
1739 1784 1730
1276 1350 1301
1989 2020 1980
1208 1283 1226
1710 1760 1701
2244 2257 2239
755 816 729
468 569 472
710 771 690
1007 1074 992
2121 2131 2109
2194 2199 2182
613 685 570
2501 2519 2495
1887 1923 1883
411 504 395
2413 2425 2400
296 383 259
1526 1605 1547
255 329 223
387 473 366
1139 1219 1153
811 849 766
2317 2335 2311
2092 2112 2081
319 411 290
1600 1671 1611
1869 1893 1853
1930 1971 1932
451 552 443
1811 1848 1808
1301 1370 1332
274 353 240
1379 1444 1399
1349 1427 1382
1399 1468 1430
908 946 866
2038 2068 2026
367 447 349
2067 2092 2056
2472 2498 2476
1508 1577 1526
861 908 806
781 833 746
225 301 197
638 709 601
664 725 631
1765 1806 1757
1079 1138 1071
433 533 426
1447 1519 1479
2295 2309 2290
687 747 659
2367 2372 2365
1577 1649 1592
2337 2355 2336
1121 1191 1131
1318 1396 1362
173 266 139
554 636 529
1910 1949 1906
2165 2182 2155
1552 1626 1572
2437 2451 2417
983 1052 964
1063 1115 1047
1959 1989 1952
584 665 549
2393 2396 2384
1162 1249 1174
1229 1310 1257
2456 2469 2448
2016 2046 1999
948 1001 915
734 796 707
345 430 321
2268 2280 2261
1246 1331 1277
1838 1875 1827
1033 1095 1020
1 1 100
99 188 60
20 1 25
152 245 118
221 320 191
256 356 227
429 535 387
275 380 243
240 339 211
117 210 74
351 451 308
307 417 274
449 559 408
416 515 370
139 232 95
190 286 158
328 437 292
99 188 60
167 268 138
294 398 260
205 307 177
396 493 348
374 475 330
20 3 3
119 188 60
115 192 60
101 190 61
105 194 61
99 188 60
105 182 60
109 178 61
103 184 60
107 180 60
111 180 61
113 182 60
117 186 60
103 192 61
101 186 61
115 184 61
111 196 60
117 190 60
107 196 61
113 194 60
109 198 61
12 12 10
116 116 96
108 124 94
76 108 94
84 100 96
108 108 98
92 140 90
92 92 98
100 132 92
76 124 90
68 116 92
84 132 88
100 100 100
10 2 10
500 500 500
508 508 508
300 300 300
100 100 100
308 308 308
108 108 108
208 208 208
400 400 400
408 408 408
200 200 200
200 1 100
1779 -1492 120
3939 -3652 128
979 1068 62
499 -212 73
3299 3388 130
5939 2348 67
3219 3308 121
4499 3788 75
3219 -2932 61
6419 1868 65
2979 3068 61
1619 -1332 86
4179 4108 129
5299 2988 132
2579 2668 98
4019 4108 71
4259 -3652 106
3379 3468 105
2259 -1972 120
6739 1548 61
1859 1948 98
2099 2188 67
2259 2348 107
5619 -2292 104
4579 3708 63
1219 1308 125
419 508 85
3779 -3492 61
2419 2508 79
7379 908 111
6099 2188 91
3139 3228 123
4339 3948 135
259 348 137
2979 -2692 68
739 -452 112
7539 -372 99
3619 -3332 138
2339 2428 118
7699 -212 121
7459 828 88
5939 -1972 128
6019 -1892 106
6179 2108 116
2499 2588 107
5779 2508 66
7219 -692 119
4499 -3412 93
7699 588 98
2739 2828 136
6099 -1812 139
4819 3468 121
4899 -3012 110
3699 3788 109
1699 -1412 65
819 908 138
5699 2588 83
1299 -1012 99
5859 -2052 66
4099 4188 65
1459 1548 88
5619 2668 90
1059 1148 119
5459 2828 102
3059 3148 100
1859 -1572 126
1299 1388 123
4659 -3252 135
7619 -292 125
6259 -1652 68
4899 3388 128
3859 -3572 139
6499 1788 128
3859 3948 93
4819 -3092 84
4339 -3572 80
5379 2908 75
6179 -1732 98
5059 3228 112
2659 -2372 91
7939 348 60
819 -532 112
7379 -532 62
6739 -1172 72
5859 2428 136
4739 -3172 129
7059 -852 130
5219 -2692 128
4019 -3732 133
3059 -2772 96
2019 2108 63
179 108 103
5459 -2452 67
2819 -2532 134
5219 3068 69
2179 -1892 137
1059 -772 130
3379 -3092 96
6339 -1572 99
8099 188 98
339 -52 95
6019 2268 68
99 188 60
6899 1388 122
2099 -1812 106
1139 -852 67
1379 -1092 117
6579 1708 82
4739 3548 74
6659 -1252 106
8019 268 74
7779 -132 123
4979 -2932 70
2019 -1732 74
3619 3708 63
6419 -1492 60
6979 1308 108
3939 4028 137
6659 1628 134
419 -132 72
2179 2268 88
3459 3548 123
6259 2028 117
339 428 89
7779 508 90
2339 -2052 139
1379 1468 138
3139 -2852 93
2899 2988 86
7539 748 66
2739 -2452 88
1939 -1652 78
6339 1948 125
1219 -932 112
5139 -2772 76
4099 -3812 100
6819 1468 77
5779 -2132 138
7459 -452 130
1139 1228 98
6819 -1092 65
499 588 65
1619 1708 111
4659 3628 76
259 28 101
2659 2748 109
2579 -2292 114
7299 988 94
3539 -3252 139
3459 -3172 107
1779 1868 109
1539 1628 102
7299 -612 104
3539 3628 62
8019 108 84
3779 3868 77
979 -692 111
4419 3868 128
4259 4028 72
6979 -932 72
6499 -1412 87
7859 428 115
7139 1148 91
5139 3148 129
3699 -3412 86
7059 1228 112
7859 -52 94
659 -372 136
1939 2028 138
5059 -2852 88
2819 2908 80
4179 -3732 95
739 828 88
3299 -3012 90
899 988 90
7939 28 80
7619 668 100
2499 -2212 99
7219 1068 75
579 -292 69
1459 -1172 85
6579 -1332 128
579 668 80
659 748 96
2899 -2612 123
2419 -2132 62
7139 -772 84
5299 -2612 97
1699 1788 100
5699 -2212 94
5539 2748 124
1539 -1252 65
5379 -2532 90
6899 -1012 134
899 -612 103
4579 -3332 75
179 268 89
4419 -3492 129
4979 3308 73
5539 -2372 114
8 8 10
100 100 100
100 132 100
92 108 100
108 108 100
108 124 100
84 116 100
92 124 100
116 116 100
5 2 20
149 238 107
133 220 89
99 188 60
118 205 79
159 250 126
8 7 10
108 124 103
116 116 102
100 132 104
92 124 105
84 116 106
100 100 100
108 108 101
92 108 107
8 7 10
84 116 106
100 132 104
92 108 107
116 116 102
100 100 100
108 124 103
108 108 101
92 124 105
200 50 100
2419 2508 79
899 988 90
3059 -2772 96
2259 -1972 120
3859 3948 93
1859 1948 98
2019 2108 63
8019 268 74
5939 -1972 128
5859 2428 136
7939 28 80
5699 -2212 94
1379 -1092 117
2819 -2532 134
7619 668 100
6339 -1572 99
7779 -132 123
5219 -2692 128
7219 1068 75
4899 -3012 110
1939 -1652 78
819 908 138
259 348 137
6019 2268 68
1699 1788 100
979 1068 62
7139 -772 84
4979 -2932 70
1539 1628 102
3219 3308 121
739 828 88
2659 2748 109
7459 -452 130
3539 3628 62
3699 3788 109
99 188 60
4899 3388 128
3699 -3412 86
4179 4108 129
2179 2268 88
2259 2348 107
5139 3148 129
7699 588 98
7139 1148 91
419 508 85
2179 -1892 137
4499 3788 75
6579 1708 82
1219 1308 125
3139 -2852 93
5459 2828 102
3459 -3172 107
4259 4028 72
2819 2908 80
5299 -2612 97
7859 428 115
819 -532 112
2499 -2212 99
6179 2108 116
5299 2988 132
5619 2668 90
6739 1548 61
1779 -1492 120
419 -132 72
3539 -3252 139
5859 -2052 66
6819 -1092 65
5059 3228 112
2899 -2612 123
4019 4108 71
6899 1388 122
1539 -1252 65
4659 -3252 135
2979 3068 61
4179 -3732 95
4099 -3812 100
3779 -3492 61
3859 -3572 139
259 28 101
7059 -852 130
3139 3228 123
4659 3628 76
6099 2188 91
4419 -3492 129
4739 3548 74
7459 828 88
2579 2668 98
339 428 89
3619 3708 63
4819 -3092 84
6579 -1332 128
4819 3468 121
5379 2908 75
6019 -1892 106
179 268 89
5539 -2372 114
2979 -2692 68
7619 -292 125
2499 2588 107
7299 -612 104
7699 -212 121
5779 -2132 138
2419 -2132 62
3939 4028 137
6259 -1652 68
6499 -1412 87
6339 1948 125
7379 -532 62
6419 1868 65
7059 1228 112
8019 108 84
6179 -1732 98
339 -52 95
1859 -1572 126
7299 988 94
2739 -2452 88
4979 3308 73
1459 1548 88
6819 1468 77
5779 2508 66
5219 3068 69
2019 -1732 74
1139 1228 98
3059 3148 100
1059 1148 119
739 -452 112
1219 -932 112
2339 -2052 139
2099 2188 67
3619 -3332 138
4339 -3572 80
7539 -372 99
5139 -2772 76
1059 -772 130
899 -612 103
7379 908 111
1299 1388 123
4099 4188 65
2339 2428 118
6259 2028 117
3379 -3092 96
3779 3868 77
4739 -3172 129
2659 -2372 91
6899 -1012 134
499 588 65
4499 -3412 93
4259 -3652 106
1619 -1332 86
2739 2828 136
2579 -2292 114
979 -692 111
4419 3868 128
6979 -932 72
1619 1708 111
6099 -1812 139
1459 -1172 85
579 -292 69
1379 1468 138
1299 -1012 99
7859 -52 94
5939 2348 67
6659 1628 134
6659 -1252 106
499 -212 73
5459 -2452 67
4579 3708 63
5059 -2852 88
579 668 80
4579 -3332 75
7779 508 90
6739 -1172 72
3219 -2932 61
659 -372 136
5619 -2292 104
5379 -2532 90
6979 1308 108
659 748 96
2099 -1812 106
7939 348 60
5699 2588 83
6499 1788 128
1779 1868 109
1699 -1412 65
5539 2748 124
2899 2988 86
4339 3948 135
3459 3548 123
3299 3388 130
1939 2028 138
4019 -3732 133
6419 -1492 60
7219 -692 119
3379 3468 105
179 108 103
8099 188 98
1139 -852 67
3939 -3652 128
3299 -3012 90
7539 748 66
6 3 10
100 100 100
124 104 100
108 92 105
116 112 103
108 108 100
116 96 105
41 4 12
130 100 100
170 190 100
230 100 100
150 100 100
110 210 100
100 300 100
200 100 100
120 180 100
140 240 100
150 170 100
120 100 100
110 100 100
160 180 100
210 100 100
170 210 100
160 100 100
280 300 100
220 300 100
160 220 100
140 300 100
140 160 100
130 230 100
120 220 100
120 300 100
200 300 100
130 170 100
190 100 100
260 300 100
100 100 100
160 300 100
180 200 100
240 100 100
100 200 100
240 300 100
180 100 100
180 300 100
110 190 100
150 230 100
140 100 100
170 100 100
220 100 100
10 3 10
148 148 106
108 108 108
156 156 102
100 100 100
164 164 108
116 116 102
132 132 104
140 140 104
124 124 106
172 172 100
252 200 7
-96 240 145
-48 96 125
-6 282 110
138 150 130
-42 102 120
78 210 130
18 30 60
-150 150 140
36 252 115
72 120 125
30 270 130
120 216 145
-102 138 130
0 240 105
102 234 130
42 282 140
0 288 105
-144 144 145
132 156 135
162 174 130
42 150 120
-60 276 155
0 96 145
48 144 125
-24 216 105
-30 222 110
54 90 120
-36 276 135
18 210 130
-72 72 125
54 54 90
-42 150 130
-114 210 140
0 0 5
-24 168 145
78 126 130
-60 60 135
6 198 140
-162 174 120
-54 246 130
144 144 125
-6 234 100
18 114 130
-30 78 140
78 258 110
-108 180 115
-120 120 145
54 150 130
90 138 140
-102 234 150
-6 186 150
-18 126 100
-54 54 140
-6 138 100
-18 222 100
36 300 155
-162 162 130
-60 204 115
-66 210 120
96 96 105
-120 216 145
-12 300 95
60 156 135
-66 258 140
-24 120 105
-90 138 120
-150 186 110
-6 42 40
-48 192 105
-24 24 25
-78 126 110
90 246 120
90 150 150
72 216 125
12 204 135
72 72 105
84 156 155
132 132 115
66 78 110
-30 162 140
48 96 125
24 264 125
-66 162 110
-18 270 120
30 258 120
84 108 115
-54 282 150
-30 66 150
-18 174 150
-36 156 135
-18 306 100
6 90 150
-156 180 115
66 66 100
-42 234 120
-12 276 115
84 204 135
48 240 105
108 204 155
12 132 115
-90 90 110
36 36 75
-66 270 150
-144 192 105
-12 12 15
36 84 135
-96 96 105
30 174 100
18 318 140
138 138 120
36 156 115
78 162 150
0 192 145
-42 90 130
114 114 100
-108 204 135
-156 156 135
-36 60 155
-84 132 115
108 108 95
-90 234 140
72 264 105
-12 324 115
-18 318 110
-72 216 125
12 108 135
-132 180 95
-84 228 135
6 234 110
24 24 65
-18 30 30
-132 132 155
-90 102 100
120 120 105
36 276 135
-48 288 145
-12 228 95
-48 240 125
66 258 100
-102 198 130
102 102 100
12 36 55
6 330 130
-6 6 10
42 90 130
-168 168 125
12 228 115
-12 36 35
96 240 125
0 144 105
60 84 115
-12 132 95
-6 294 100
132 180 155
-108 132 135
-60 156 115
-126 174 100
-12 180 155
72 168 145
-24 264 125
-96 144 125
18 126 120
60 204 115
-78 222 130
66 210 120
-48 144 125
90 102 110
114 222 140
-30 114 110
30 306 150
42 294 150
48 192 105
30 162 110
-84 108 95
-114 126 140
120 168 145
126 162 140
126 174 150
48 48 85
66 162 140
24 216 125
150 186 140
144 192 145
-6 330 120
-42 282 140
30 78 140
-108 228 155
-54 198 110
12 324 135
-102 186 120
-138 138 150
-72 264 145
30 30 70
-24 312 105
24 168 105
48 288 145
24 120 125
-60 252 135
-36 108 115
-84 84 115
-36 228 115
114 210 150
-30 270 130
54 198 110
54 246 100
36 180 95
102 198 150
-138 186 100
-78 78 120
-54 150 120
-36 84 135
126 126 110
-24 72 145
18 222 120
0 336 125
108 228 135
42 186 100
96 192 145
84 252 115
96 144 145
-126 126 150
-42 54 150
78 114 120
-18 18 20
156 180 135
6 138 110
0 48 45
60 252 95
24 312 145
12 84 155
90 198 140
6 102 140
138 186 150
-60 180 95
42 42 80
-120 168 105
18 78 150
-48 48 145
-54 186 100
-72 120 105
24 72 145
-66 174 100
-114 174 110
60 60 95
84 132 135
-66 66 130
6 42 50
-96 192 125
42 246 110
-78 114 100
-72 168 105
-114 222 150
60 50 7
6 42 42
6 6 6
-12 36 36
12 132 132
18 30 30
-30 78 78
42 54 54
36 60 60
-36 84 84
-18 30 30
-18 78 78
-30 30 30
24 24 24
6 138 138
-60 84 84
-54 90 90
-48 96 96
-36 36 36
-66 66 66
24 120 120
-60 60 60
12 36 36
36 84 84
-42 90 90
0 144 144
-42 42 42
18 18 18
42 102 102
-12 108 108
66 66 66
0 0 0
30 66 66
42 90 90
-66 78 78
-6 90 90
-24 72 72
-12 132 132
-24 24 24
36 108 108
12 12 12
18 126 126
24 72 72
-12 84 84
0 96 96
60 60 60
-48 48 48
-18 126 126
-6 42 42
48 96 96
-54 54 54
0 48 48
30 78 78
-24 120 120
30 114 114
-18 114 114
-6 102 102
54 54 54
48 48 48
-72 72 72
-6 138 138
200 100 100
5299 -2612 97
4179 4108 129
5059 3228 112
339 -52 95
659 -372 136
6179 2108 116
819 -532 112
4899 -3012 110
4739 3548 74
4819 -3092 84
1059 1148 119
5539 -2372 114
1459 1548 88
1779 -1492 120
2339 2428 118
1379 1468 138
4339 3948 135
5299 2988 132
3699 3788 109
6339 1948 125
3139 3228 123
499 588 65
3059 -2772 96
1619 -1332 86
5779 2508 66
259 28 101
8019 268 74
6099 -1812 139
179 268 89
4979 3308 73
2259 -1972 120
6739 1548 61
499 -212 73
4739 -3172 129
8019 108 84
6339 -1572 99
5219 -2692 128
1139 1228 98
4579 3708 63
5619 2668 90
1539 -1252 65
3859 3948 93
5139 3148 129
2259 2348 107
6099 2188 91
5459 -2452 67
7379 908 111
4019 -3732 133
3459 3548 123
4499 -3412 93
7699 588 98
2179 -1892 137
899 988 90
3379 3468 105
1859 -1572 126
3539 -3252 139
979 1068 62
5459 2828 102
5219 3068 69
5699 -2212 94
6819 1468 77
6419 1868 65
6179 -1732 98
1379 -1092 117
2899 2988 86
2979 -2692 68
3299 -3012 90
579 -292 69
4259 -3652 106
7059 -852 130
7219 1068 75
739 -452 112
7299 -612 104
1699 -1412 65
7859 428 115
3619 3708 63
579 668 80
8099 188 98
4099 4188 65
1299 -1012 99
4659 -3252 135
3939 -3652 128
5699 2588 83
4899 3388 128
6579 1708 82
5379 -2532 90
179 108 103
3219 3308 121
6739 -1172 72
3139 -2852 93
2979 3068 61
2819 -2532 134
2499 2588 107
1539 1628 102
4099 -3812 100
739 828 88
3219 -2932 61
5939 -1972 128
6979 -932 72
1619 1708 111
2339 -2052 139
6979 1308 108
7779 -132 123
5859 2428 136
5619 -2292 104
5379 2908 75
3299 3388 130
6019 2268 68
6419 -1492 60
2739 -2452 88
3059 3148 100
6259 2028 117
2659 2748 109
2179 2268 88
3699 -3412 86
2579 -2292 114
4659 3628 76
4979 -2932 70
4579 -3332 75
4419 -3492 129
6659 1628 134
3379 -3092 96
1779 1868 109
819 908 138
339 428 89
6659 -1252 106
7619 668 100
7459 -452 130
4499 3788 75
659 748 96
3539 3628 62
6579 -1332 128
2099 -1812 106
4179 -3732 95
7619 -292 125
6499 -1412 87
3779 3868 77
7939 348 60
7139 -772 84
6259 -1652 68
2499 -2212 99
7299 988 94
1859 1948 98
5859 -2052 66
1939 2028 138
3619 -3332 138
1939 -1652 78
419 -132 72
7459 828 88
2819 2908 80
1299 1388 123
2019 2108 63
7779 508 90
7539 -372 99
5059 -2852 88
2899 -2612 123
4019 4108 71
7059 1228 112
4419 3868 128
2099 2188 67
7539 748 66
5779 -2132 138
7139 1148 91
4259 4028 72
1059 -772 130
6499 1788 128
419 508 85
6019 -1892 106
7939 28 80
5939 2348 67
4819 3468 121
3779 -3492 61
979 -692 111
6819 -1092 65
7859 -52 94
2019 -1732 74
899 -612 103
99 188 60
3939 4028 137
2659 -2372 91
5539 2748 124
1219 -932 112
2419 2508 79
3459 -3172 107
1139 -852 67
1459 -1172 85
3859 -3572 139
2739 2828 136
7699 -212 121
2419 -2132 62
4339 -3572 80
259 348 137
6899 -1012 134
6899 1388 122
2579 2668 98
1699 1788 100
5139 -2772 76
7379 -532 62
1219 1308 125
7219 -692 119
20 19 3
105 194 61
113 194 60
113 182 60
111 180 61
107 196 61
99 188 60
103 192 61
101 190 61
109 198 61
115 184 61
105 182 60
115 192 60
107 180 60
111 196 60
117 190 60
117 186 60
101 186 61
119 188 60
109 178 61
103 184 60
16 16 12
150 130 100
120 80 100
150 70 100
130 70 100
180 100 100
170 110 100
140 60 100
160 120 100
100 100 100
140 140 100
170 90 100
110 90 100
160 80 100
130 130 100
120 120 100
110 110 100
20 20 10
92 132 99
100 100 100
140 132 97
132 148 100
140 116 99
108 148 103
116 100 102
100 148 104
124 148 101
140 124 98
116 148 102
92 108 96
124 100 103
140 108 100
108 100 101
132 100 104
92 140 100
92 116 97
92 124 98
140 140 96
5 4 20
133 220 89
159 250 126
118 205 79
149 238 107
99 188 60
100 99 32
1162 1249 1174
1478 1547 1508
1765 1806 1757
1208 1283 1226
1079 1138 1071
1121 1191 1131
613 685 570
451 552 443
1600 1671 1611
811 849 766
1101 1169 1101
755 816 729
1710 1760 1701
1447 1519 1479
948 1001 915
885 930 836
2268 2280 2261
781 833 746
638 709 601
687 747 659
1349 1427 1382
2038 2068 2026
274 353 240
983 1052 964
2217 2229 2211
1301 1370 1332
1033 1095 1020
1655 1716 1660
1959 1989 1952
1627 1691 1631
387 473 366
2413 2425 2400
1838 1875 1827
2016 2046 1999
1318 1396 1362
1739 1784 1730
319 411 290
225 301 197
2393 2396 2384
2437 2451 2417
1930 1971 1932
2067 2092 2056
1425 1496 1461
2121 2131 2109
203 284 166
2244 2257 2239
1063 1115 1047
1229 1310 1257
2092 2112 2081
495 590 493
842 880 784
1577 1649 1592
2337 2355 2336
2144 2153 2135
2472 2498 2476
2317 2335 2311
345 430 321
128 217 89
1793 1830 1780
1399 1468 1430
1379 1444 1399
2165 2182 2155
1139 1219 1153
1276 1350 1301
2295 2309 2290
965 1024 937
296 383 259
664 725 631
908 946 866
1552 1626 1572
99 188 60
930 970 886
468 569 472
1683 1735 1685
1182 1265 1202
2456 2469 2448
433 533 426
1910 1949 1906
1007 1074 992
584 665 549
554 636 529
1989 2020 1980
710 771 690
734 796 707
367 447 349
1508 1577 1526
411 504 395
2367 2372 2365
1246 1331 1277
2194 2199 2182
2501 2519 2495
1869 1893 1853
173 266 139
255 329 223
861 908 806
1887 1923 1883
1526 1605 1547
153 238 109
523 617 513
1811 1848 1808
12 12 80
227 60 74
419 124 80
355 316 101
227 316 105
163 252 73
291 380 121
483 188 80
291 -4 74
99 188 60
355 60 104
419 252 97
163 124 78
8 4 100
260 100 207
100 260 200
340 180 206
420 260 205
180 340 201
260 420 202
180 180 209
340 340 203
12 1 80
163 124 78
227 60 74
99 188 60
355 316 101
419 252 97
291 -4 74
483 188 80
291 380 121
227 316 105
355 60 104
163 252 73
419 124 80
60 50 7
24 24 100
-30 78 100
-24 24 100
-36 84 100
-6 90 100
36 84 100
-30 30 100
-60 84 100
-66 78 100
24 120 100
-6 138 100
-18 126 100
30 78 100
6 6 100
-48 48 100
-18 30 100
12 12 100
-54 54 100
48 48 100
-48 96 100
60 60 100
-12 36 100
-12 84 100
-24 72 100
30 114 100
-12 132 100
42 90 100
54 54 100
-24 120 100
-18 78 100
-12 108 100
0 0 100
18 18 100
66 66 100
12 132 100
12 36 100
-18 114 100
18 30 100
6 138 100
-6 42 100
-42 90 100
42 54 100
-42 42 100
-66 66 100
0 144 100
-6 102 100
24 72 100
42 102 100
30 66 100
6 42 100
-54 90 100
36 60 100
-36 36 100
-72 72 100
0 96 100
-60 60 100
0 48 100
18 126 100
36 108 100
48 96 100
6 6 10
124 104 100
100 100 100
108 108 100
108 92 105
116 96 105
116 112 103
41 5 12
140 160 100
170 100 100
220 300 100
100 100 100
110 210 100
200 100 100
220 100 100
150 230 100
130 100 100
280 300 100
190 100 100
150 170 100
110 100 100
140 240 100
140 300 100
140 100 100
100 300 100
120 180 100
210 100 100
160 300 100
240 300 100
120 220 100
180 200 100
170 190 100
110 190 100
160 220 100
240 100 100
260 300 100
180 300 100
180 100 100
160 100 100
120 300 100
130 230 100
200 300 100
230 100 100
160 180 100
130 170 100
120 100 100
100 200 100
150 100 100
170 210 100
8 8 10
108 108 101
100 100 100
92 124 105
116 116 102
100 132 104
92 108 107
84 116 106
108 124 103
12 12 10
68 116 104
100 100 100
116 116 104
84 100 100
76 108 102
100 132 108
108 108 102
108 124 106
92 92 98
92 140 110
84 132 108
76 124 106
10 3 12
130 100 110
170 100 110
120 100 100
100 100 100
180 100 100
160 100 100
190 100 110
140 100 100
150 100 110
110 100 110
41 8 12
280 300 100
110 100 100
240 300 100
100 300 100
130 230 100
220 100 100
120 220 100
210 100 100
100 200 100
200 100 100
110 210 100
140 300 100
150 170 100
100 100 100
180 200 100
160 180 100
240 100 100
130 100 100
180 300 100
150 230 100
230 100 100
140 240 100
160 300 100
260 300 100
110 190 100
170 100 100
220 300 100
120 300 100
140 160 100
120 100 100
130 170 100
120 180 100
140 100 100
150 100 100
180 100 100
170 210 100
160 100 100
200 300 100
170 190 100
190 100 100
160 220 100
8 6 100
180 180 209
180 340 201
260 420 202
100 260 200
340 340 203
260 100 207
340 180 206
420 260 205
200 200 100
5939 -1972 128
3299 3388 130
2179 2268 88
3859 3948 93
7699 -212 121
7859 428 115
7779 508 90
6499 1788 128
1219 -932 112
179 108 103
1139 -852 67
2019 -1732 74
6899 1388 122
1459 1548 88
579 -292 69
419 -132 72
5779 2508 66
6739 1548 61
979 1068 62
499 -212 73
6899 -1012 134
7379 908 111
6979 -932 72
339 428 89
3619 3708 63
3219 -2932 61
2419 2508 79
7619 668 100
2339 2428 118
4579 3708 63
1539 -1252 65
419 508 85
3939 4028 137
7059 1228 112
259 28 101
6259 -1652 68
6579 1708 82
4259 4028 72
4819 -3092 84
1219 1308 125
1299 1388 123
3379 -3092 96
2499 -2212 99
1619 -1332 86
3459 -3172 107
99 188 60
5379 2908 75
6339 -1572 99
7219 1068 75
4899 -3012 110
1939 2028 138
7379 -532 62
6099 2188 91
739 828 88
8019 108 84
6099 -1812 139
6339 1948 125
7299 988 94
2659 2748 109
6579 -1332 128
3619 -3332 138
2579 -2292 114
4019 4108 71
1699 -1412 65
7779 -132 123
1299 -1012 99
7939 348 60
2979 -2692 68
7539 748 66
5299 2988 132
1699 1788 100
4099 4188 65
7139 -772 84
3059 3148 100
1139 1228 98
1459 -1172 85
4579 -3332 75
6739 -1172 72
6179 2108 116
4899 3388 128
979 -692 111
3379 3468 105
4659 -3252 135
5379 -2532 90
5219 3068 69
6819 -1092 65
339 -52 95
5459 -2452 67
7459 -452 130
2099 -1812 106
5139 3148 129
2819 2908 80
1379 1468 138
659 748 96
4419 3868 128
2739 -2452 88
3699 3788 109
4739 -3172 129
2019 2108 63
6259 2028 117
4019 -3732 133
3059 -2772 96
4659 3628 76
5619 2668 90
5299 -2612 97
6419 -1492 60
819 -532 112
7699 588 98
499 588 65
5699 2588 83
6019 -1892 106
3219 3308 121
1379 -1092 117
7859 -52 94
2499 2588 107
7539 -372 99
4979 -2932 70
4499 3788 75
1859 1948 98
5859 2428 136
2259 -1972 120
2339 -2052 139
3539 -3252 139
259 348 137
4099 -3812 100
5859 -2052 66
4419 -3492 129
7139 1148 91
3939 -3652 128
1619 1708 111
659 -372 136
5459 2828 102
1859 -1572 126
2659 -2372 91
739 -452 112
3779 3868 77
1779 -1492 120
2899 -2612 123
5139 -2772 76
7459 828 88
3859 -3572 139
2739 2828 136
3139 -2852 93
7299 -612 104
4259 -3652 106
6019 2268 68
5619 -2292 104
899 988 90
2099 2188 67
4499 -3412 93
7059 -852 130
4339 -3572 80
2819 -2532 134
4339 3948 135
6979 1308 108
3699 -3412 86
3459 3548 123
7619 -292 125
6659 -1252 106
4739 3548 74
6819 1468 77
8019 268 74
3779 -3492 61
1539 1628 102
5539 -2372 114
2179 -1892 137
5779 -2132 138
1939 -1652 78
2899 2988 86
179 268 89
5939 2348 67
4819 3468 121
3139 3228 123
2259 2348 107
5219 -2692 128
1059 -772 130
819 908 138
4179 4108 129
5059 -2852 88
6499 -1412 87
1059 1148 119
3299 -3012 90
4179 -3732 95
2419 -2132 62
6659 1628 134
1779 1868 109
6419 1868 65
5059 3228 112
5539 2748 124
579 668 80
899 -612 103
3539 3628 62
5699 -2212 94
2579 2668 98
7219 -692 119
2979 3068 61
8099 188 98
7939 28 80
4979 3308 73
6179 -1732 98
10 3 10
132 132 100
124 124 108
148 148 100
100 100 100
108 108 108
116 116 100
140 140 108
164 164 100
156 156 108
172 172 108
100 100 32
2121 2131 2109
1447 1519 1479
1793 1830 1780
1182 1265 1202
983 1052 964
1229 1310 1257
1162 1249 1174
811 849 766
1007 1074 992
908 946 866
755 816 729
1139 1219 1153
274 353 240
203 284 166
664 725 631
1655 1716 1660
1276 1350 1301
1811 1848 1808
638 709 601
411 504 395
153 238 109
965 1024 937
734 796 707
1079 1138 1071
2501 2519 2495
1246 1331 1277
554 636 529
2217 2229 2211
255 329 223
1989 2020 1980
1910 1949 1906
2092 2112 2081
1349 1427 1382
1710 1760 1701
1552 1626 1572
2244 2257 2239
1600 1671 1611
2437 2451 2417
1399 1468 1430
584 665 549
2038 2068 2026
387 473 366
2165 2182 2155
523 617 513
128 217 89
861 908 806
2016 2046 1999
1869 1893 1853
1301 1370 1332
1101 1169 1101
781 833 746
319 411 290
1379 1444 1399
2317 2335 2311
99 188 60
1508 1577 1526
2456 2469 2448
433 533 426
1063 1115 1047
345 430 321
2194 2199 2182
1838 1875 1827
1033 1095 1020
1739 1784 1730
296 383 259
710 771 690
495 590 493
173 266 139
1627 1691 1631
2413 2425 2400
2295 2309 2290
687 747 659
1930 1971 1932
2393 2396 2384
1887 1923 1883
2337 2355 2336
1478 1547 1508
1526 1605 1547
613 685 570
451 552 443
1959 1989 1952
2144 2153 2135
1318 1396 1362
1121 1191 1131
2472 2498 2476
367 447 349
225 301 197
2367 2372 2365
2268 2280 2261
1577 1649 1592
930 970 886
948 1001 915
468 569 472
842 880 784
2067 2092 2056
1208 1283 1226
1765 1806 1757
885 930 836
1425 1496 1461
1683 1735 1685
4 4 10
108 106 101
116 100 102
100 100 100
108 94 101
32 10 12
220 120 100
270 110 110
120 120 100
170 110 110
150 70 100
170 90 100
200 100 100
140 140 110
140 60 110
280 100 108
220 80 110
260 120 110
100 100 100
240 60 110
130 70 110
250 130 110
110 90 110
230 70 110
160 80 100
260 80 108
250 70 108
210 90 110
240 140 110
130 130 100
270 90 108
180 100 100
230 130 100
210 110 100
110 110 100
150 130 110
120 80 110
160 120 110
77 10 10
264 64 100
256 56 100
440 -240 100
360 0 100
416 -104 100
344 16 100
248 -32 100
352 8 100
232 32 100
216 16 100
416 -184 100
296 16 100
440 -160 100
400 -120 100
280 -80 100
376 -96 100
480 -120 100
264 -64 100
456 -144 100
320 -120 100
288 8 100
320 40 100
440 -80 100
504 -144 100
408 -208 100
432 -88 100
424 -176 100
328 32 100
520 -160 100
376 -64 100
400 -200 100
432 -72 100
416 -56 100
312 32 100
392 -112 100
256 -24 100
408 -48 100
200 0 100
432 -232 100
368 -72 100
408 -112 100
464 -136 100
336 24 100
224 24 100
496 -136 100
336 -104 100
416 -216 100
240 40 100
448 -152 100
272 72 100
512 -152 100
472 -128 100
272 -8 100
328 -112 100
208 8 100
240 -40 100
392 -48 100
280 0 100
304 24 100
344 -96 100
424 -64 100
256 -56 100
400 -40 100
248 48 100
384 -56 100
280 80 100
248 -48 100
424 -224 100
264 -16 100
384 -104 100
272 -72 100
360 -80 100
424 -96 100
352 -88 100
432 -168 100
488 -128 100
408 -192 100
100 2 32
1121 1191 1131
2165 2182 2155
710 771 690
173 266 139
2501 2519 2495
1811 1848 1808
1793 1830 1780
1989 2020 1980
1887 1923 1883
1229 1310 1257
2268 2280 2261
2038 2068 2026
2295 2309 2290
2067 2092 2056
1162 1249 1174
781 833 746
664 725 631
1869 1893 1853
811 849 766
2121 2131 2109
367 447 349
128 217 89
1910 1949 1906
1246 1331 1277
2437 2451 2417
1930 1971 1932
2244 2257 2239
2016 2046 1999
908 946 866
468 569 472
2367 2372 2365
1007 1074 992
1478 1547 1508
153 238 109
2092 2112 2081
203 284 166
1739 1784 1730
387 473 366
755 816 729
2413 2425 2400
2472 2498 2476
2217 2229 2211
1208 1283 1226
2194 2199 2182
495 590 493
1577 1649 1592
584 665 549
613 685 570
1349 1427 1382
2317 2335 2311
1301 1370 1332
274 353 240
1276 1350 1301
1447 1519 1479
948 1001 915
296 383 259
1600 1671 1611
523 617 513
842 880 784
1959 1989 1952
1318 1396 1362
885 930 836
1526 1605 1547
1182 1265 1202
99 188 60
255 329 223
2393 2396 2384
1655 1716 1660
554 636 529
1399 1468 1430
861 908 806
433 533 426
638 709 601
1101 1169 1101
345 430 321
1552 1626 1572
2337 2355 2336
687 747 659
1425 1496 1461
451 552 443
1627 1691 1631
1765 1806 1757
1838 1875 1827
1063 1115 1047
930 970 886
1683 1735 1685
2456 2469 2448
1033 1095 1020
1079 1138 1071
411 504 395
1710 1760 1701
2144 2153 2135
319 411 290
1139 1219 1153
983 1052 964
1508 1577 1526
225 301 197
1379 1444 1399
965 1024 937
734 796 707
5 1 20
118 205 79
149 238 107
99 188 60
159 250 126
133 220 89
20 20 3
117 186 60
103 192 61
109 198 61
111 180 61
105 182 60
115 184 61
99 188 60
103 184 60
113 194 60
107 196 61
105 194 61
115 192 60
117 190 60
107 180 60
101 190 61
113 182 60
109 178 61
101 186 61
119 188 60
111 196 60
10 5 8
10 10 10
30 30 30
40 40 40
25 25 25
50 50 50
5 5 5
15 15 15
35 35 35
20 20 20
45 45 45
9 3 10
160 60 160
138 78 138
130 80 130
116 116 116
168 48 168
176 56 176
146 86 146
100 100 100
108 108 108
8 5 100
180 340 201
100 260 200
340 180 206
260 100 207
340 340 203
260 420 202
180 180 209
420 260 205
10 4 12
130 100 110
150 100 100
110 100 110
190 100 110
180 100 100
120 100 100
140 100 100
100 100 100
170 100 100
160 100 100
3 3 10
99 188 60
113 200 74
108 195 69
80 4 10
3308 414 420
3908 474 480
2900 380 380
3308 426 420
2500 340 340
1308 226 220
3516 440 440
1716 260 260
2100 300 300
708 154 160
1300 220 220
308 114 120
1308 214 220
3316 420 420
708 166 160
1908 286 280
3916 480 480
2116 300 300
908 174 180
3716 460 460
2908 374 380
100 100 100
2108 306 300
300 120 120
3908 486 480
2308 326 320
108 94 100
2508 346 340
2908 386 380
1108 206 200
308 126 120
1100 200 200
108 106 100
2508 334 340
1508 246 240
1508 234 240
2300 320 320
2708 366 360
1516 240 240
1708 266 260
716 160 160
2308 314 320
1900 280 280
508 146 140
3100 400 400
1708 254 260
1116 200 200
508 134 140
2108 294 300
908 186 180
316 120 120
2716 360 360
1908 274 280
3500 440 440
3300 420 420
2316 320 320
2516 340 340
3900 480 480
2708 354 360
3108 394 400
1316 220 220
116 100 100
3116 400 400
1500 240 240
1916 280 280
3700 460 460
900 180 180
1700 260 260
3708 454 460
3508 446 440
3508 434 440
3108 406 400
2700 360 360
500 140 140
1108 194 200
916 180 180
516 140 140
3708 466 460
2916 380 380
700 160 160
6 5 10
124 104 100
108 108 100
116 112 103
108 92 105
116 96 105
100 100 100
6 4 10
108 92 105
116 96 105
100 100 100
116 112 103
108 108 100
124 104 100
4 4 10
100 100 100
116 100 100
108 94 100
108 106 100
252 200 7
18 210 232
-132 180 191
-126 174 192
24 312 273
-18 18 104
-72 216 209
36 36 115
-138 186 190
84 204 303
60 252 287
36 156 315
-84 132 171
-6 42 108
138 138 340
-42 102 148
0 192 229
-144 144 181
18 114 136
-48 192 213
-18 30 106
108 228 295
-66 66 160
-108 180 195
78 114 330
84 108 331
30 270 280
-108 228 203
-90 138 172
24 264 281
-144 192 189
-6 6 102
-30 78 152
18 222 234
96 240 293
-114 210 200
-18 270 258
-90 90 164
114 210 298
96 192 301
120 120 337
6 42 110
-156 180 187
30 174 312
108 204 299
-60 252 247
12 324 271
-150 150 182
-54 186 214
42 42 116
6 102 134
-42 54 156
-72 72 161
-48 288 253
-6 330 268
-12 180 227
30 258 282
-48 48 157
-12 12 103
78 258 290
-6 294 262
-36 156 223
6 90 132
-54 198 212
12 132 139
72 264 289
0 48 109
24 72 129
-66 210 210
54 198 308
0 288 261
72 168 321
-78 114 168
102 234 294
-84 228 207
-18 306 264
138 186 348
6 234 236
90 246 292
-48 144 221
78 126 328
-6 138 142
30 306 274
-12 300 263
-78 126 170
-78 222 208
66 258 288
138 150 342
126 174 346
0 336 269
-42 282 254
48 144 317
-102 198 198
66 66 120
66 210 306
-12 276 259
-162 174 186
30 162 314
54 150 318
-114 222 202
114 222 296
-150 186 188
-60 204 211
18 318 272
48 288 277
-162 162 184
-42 90 150
30 30 114
-54 54 158
12 228 235
144 192 349
-66 162 218
-72 120 169
42 294 276
0 240 237
12 204 231
-84 84 163
12 108 135
-36 228 243
-126 126 178
-42 234 244
126 126 338
162 174 352
18 126 138
12 84 131
-24 72 153
48 96 125
132 180 347
-102 186 196
-168 168 185
24 24 113
-30 114 146
96 96 333
84 156 323
42 186 310
126 162 344
90 198 302
-36 84 151
-12 228 239
36 252 283
42 90 126
-90 234 206
72 216 305
144 144 341
-24 264 257
132 132 339
-6 282 260
84 252 291
-120 216 201
156 180 351
132 156 343
36 84 127
-18 318 266
36 276 279
-102 234 204
0 144 141
54 90 124
6 198 230
48 192 309
48 48 117
-36 108 147
42 282 278
0 96 133
90 138 326
-12 132 143
-132 132 179
-66 270 250
60 84 123
-48 240 245
-120 168 193
-72 264 249
-54 150 220
-36 276 255
36 180 311
-156 156 183
-96 240 205
150 186 350
-24 168 225
36 300 275
-30 270 256
102 198 300
24 120 137
72 120 329
120 168 345
84 132 327
-66 174 216
6 330 270
42 246 284
54 54 118
-84 108 167
-60 60 159
-24 216 241
-12 36 107
120 216 297
-114 126 176
-18 174 226
-30 162 224
-120 120 177
24 168 313
-114 174 194
96 144 325
78 210 304
-18 222 240
54 246 286
102 102 334
-90 102 166
-78 78 162
-36 60 155
-96 192 197
-30 222 242
-108 204 199
-60 180 215
-96 144 173
-6 234 238
72 72 121
66 78 122
78 162 322
-54 246 246
6 138 140
0 0 101
-12 324 267
-30 66 154
-6 186 228
60 60 119
-138 138 180
-102 138 174
-24 312 265
18 30 112
-66 258 248
-24 24 105
-48 96 149
-96 96 165
-18 126 144
60 204 307
48 240 285
-54 282 252
24 216 233
60 156 319
-24 120 145
12 36 111
-60 156 219
-42 150 222
108 108 335
42 150 316
-60 276 251
90 150 324
30 78 128
90 102 332
114 114 336
66 162 320
-108 132 175
18 78 130
-72 168 217
8 1 100
40000000 -40000000 -40000000
-40000000 -40000000 40000000
-40000000 40000000 40000000
40000000 -40000000 40000000
40000000 40000000 -40000000
-40000000 40000000 -40000000
-40000000 -40000000 -40000000
40000000 40000000 40000000
12 11 80
227 60 74
163 124 78
355 316 101
227 316 105
291 -4 74
419 252 97
483 188 80
99 188 60
355 60 104
163 252 73
291 380 121
419 124 80
1 1 100
100 100 100
200 199 100
7939 348 60
7699 588 98
3539 -3252 139
3859 -3572 139
1139 1228 98
3059 3148 100
7779 -132 123
5859 2428 136
7059 1228 112
3299 3388 130
2899 -2612 123
1939 -1652 78
7059 -852 130
899 988 90
2899 2988 86
899 -612 103
3139 3228 123
6099 2188 91
1699 1788 100
4739 -3172 129
2419 2508 79
4179 -3732 95
1219 -932 112
7859 -52 94
4419 3868 128
5299 -2612 97
5859 -2052 66
4819 -3092 84
2579 2668 98
1539 1628 102
3379 3468 105
4019 -3732 133
2499 -2212 99
1619 -1332 86
4179 4108 129
1379 -1092 117
4499 -3412 93
2179 -1892 137
179 108 103
7859 428 115
7779 508 90
3859 3948 93
1059 -772 130
259 28 101
3459 -3172 107
1379 1468 138
7619 668 100
4499 3788 75
4019 4108 71
1779 -1492 120
3219 3308 121
1139 -852 67
739 828 88
8019 108 84
5619 2668 90
2339 2428 118
7299 988 94
579 -292 69
5539 -2372 114
3219 -2932 61
2819 -2532 134
1459 -1172 85
2019 2108 63
2419 -2132 62
2979 -2692 68
739 -452 112
3059 -2772 96
3619 3708 63
2179 2268 88
3779 3868 77
2659 2748 109
5699 2588 83
6339 1948 125
6499 -1412 87
2659 -2372 91
499 588 65
1219 1308 125
7459 -452 130
6979 1308 108
7699 -212 121
979 -692 111
4259 -3652 106
6659 1628 134
1859 -1572 126
419 508 85
3939 4028 137
2979 3068 61
6579 -1332 128
5379 -2532 90
7539 -372 99
339 -52 95
4979 -2932 70
4419 -3492 129
5219 3068 69
3379 -3092 96
7219 -692 119
4099 -3812 100
1619 1708 111
6739 -1172 72
2579 -2292 114
1299 -1012 99
1699 -1412 65
5779 2508 66
979 1068 62
4899 -3012 110
3299 -3012 90
1859 1948 98
259 348 137
6659 -1252 106
7379 -532 62
7939 28 80
3459 3548 123
1539 -1252 65
2259 -1972 120
4819 3468 121
6419 -1492 60
1459 1548 88
2099 2188 67
2739 2828 136
3619 -3332 138
5939 -1972 128
4579 -3332 75
2099 -1812 106
179 268 89
8019 268 74
6979 -932 72
339 428 89
6259 -1652 68
1059 1148 119
5059 -2852 88
7619 -292 125
6499 1788 128
4099 4188 65
659 -372 136
6819 -1092 65
7379 908 111
5139 3148 129
2739 -2452 88
6019 2268 68
5219 -2692 128
2259 2348 107
6419 1868 65
4739 3548 74
3939 -3652 128
6179 -1732 98
6739 1548 61
4659 3628 76
6099 -1812 139
6259 2028 117
1779 1868 109
3539 3628 62
819 908 138
4659 -3252 135
5699 -2212 94
4579 3708 63
1939 2028 138
4899 3388 128
6819 1468 77
5059 3228 112
8099 188 98
2339 -2052 139
7139 1148 91
4339 -3572 80
6899 -1012 134
7219 1068 75
419 -132 72
5379 2908 75
7139 -772 84
5619 -2292 104
4339 3948 135
819 -532 112
2499 2588 107
6019 -1892 106
5939 2348 67
6899 1388 122
2819 2908 80
3779 -3492 61
5459 -2452 67
3699 3788 109
7459 828 88
579 668 80
5539 2748 124
3699 -3412 86
6579 1708 82
7539 748 66
4259 4028 72
5139 -2772 76
5459 2828 102
3139 -2852 93
1299 1388 123
7299 -612 104
5779 -2132 138
6179 2108 116
5299 2988 132
2019 -1732 74
4979 3308 73
499 -212 73
99 188 60
6339 -1572 99
659 748 96
8 7 100
260 420 202
260 100 207
180 340 201
180 180 209
100 260 200
420 260 205
340 340 203
340 180 206
3 2 10
113 200 74
99 188 60
108 195 69
4 4 10
108 106 100
116 100 100
100 100 100
108 94 100
10 10 10
108 100 100
60 100 100
68 100 100
132 100 100
100 100 100
124 100 100
92 100 100
84 100 100
116 100 100
76 100 100
20 20 10
92 116 100
116 100 100
100 100 100
92 132 100
108 148 100
132 148 100
116 148 100
140 132 100
108 100 100
92 108 100
100 148 100
92 140 100
132 100 100
140 124 100
124 100 100
140 116 100
124 148 100
140 108 100
140 140 100
92 124 100
3 1 10
99 188 60
113 200 74
108 195 69
1001 3 12
280 200 220
220 180 180
240 220 200
100 260 240
140 200 180
280 280 180
120 100 120
160 160 160
100 160 240
280 180 120
220 220 100
220 240 220
200 260 120
100 120 200
180 140 180
120 220 260
160 120 140
120 160 160
140 180 200
260 280 280
100 160 160
260 160 260
180 100 220
100 280 100
160 220 220
140 220 180
160 200 200
140 120 120
160 160 280
240 200 240
100 220 260
100 260 120
100 260 140
240 240 160
120 200 140
280 240 120
160 240 260
120 100 260
120 160 120
180 220 200
140 120 140
140 240 140
160 200 120
160 220 240
100 180 120
280 260 120
100 260 160
140 260 220
200 260 220
160 260 100
140 200 120
280 160 100
240 140 180
260 180 180
160 280 120
280 100 240
220 160 140
280 140 100
200 220 160
220 260 260
160 220 160
280 280 280
180 120 280
180 260 100
260 260 200
160 100 160
240 160 220
140 220 240
140 240 180
120 280 260
100 140 100
220 240 100
280 120 100
120 200 240
140 140 280
280 280 200
280 260 220
220 280 280
280 220 100
200 180 120
140 200 280
160 100 100
120 220 240
200 100 260
140 280 240
100 200 160
260 220 260
220 260 180
160 100 120
280 200 240
260 120 140
100 260 220
160 120 180
240 180 260
160 160 140
240 160 160
260 100 220
280 220 140
120 120 180
220 220 280
160 140 120
140 280 220
120 260 180
120 180 200
200 220 240
100 140 140
260 240 120
140 160 140
220 280 140
100 240 140
110 100 100
200 280 140
160 260 160
160 100 140
280 280 160
220 240 240
120 240 120
140 200 240
160 120 260
220 200 220
100 240 240
240 180 240
280 100 220
280 260 280
160 280 160
200 260 140
200 220 220
240 220 220
100 280 160
120 240 260
140 240 200
120 220 180
160 240 280
180 280 220
120 180 180
240 100 220
280 240 240
160 280 240
180 260 120
100 220 120
100 220 240
160 180 260
180 140 240
120 200 200
180 180 260
140 100 100
180 140 220
220 220 220
240 280 180
240 100 280
220 120 240
180 280 100
200 160 140
240 240 200
100 160 260
260 100 140
240 260 240
100 240 100
100 100 260
280 120 160
140 220 160
200 120 220
280 200 200
160 240 240
160 160 200
180 280 200
160 180 280
220 180 120
280 240 220
140 260 200
220 180 140
160 140 220
200 180 260
220 160 180
260 180 240
260 140 180
180 200 260
200 120 100
180 280 160
280 120 220
200 220 120
200 240 240
280 260 100
280 240 200
240 120 180
200 180 280
220 180 160
180 140 100
120 260 120
180 240 240
180 240 160
140 280 200
280 140 280
220 240 260
140 140 240
200 180 140
180 160 140
200 220 100
240 100 200
160 100 240
260 220 280
140 100 240
260 240 240
280 100 100
120 160 200
240 100 140
160 220 260
180 140 120
160 120 160
280 160 280
140 180 140
200 140 120
100 160 180
100 280 220
240 100 120
260 260 240
220 100 160
260 140 260
200 100 160
120 120 260
160 240 160
140 260 280
200 260 260
220 140 220
120 120 120
140 180 220
220 140 240
240 200 220
120 120 240
120 200 260
220 100 100
260 100 180
240 260 220
220 280 220
200 200 180
200 280 160
120 180 260
140 280 100
220 160 160
100 140 180
140 220 280
260 140 120
120 180 280
140 100 180
100 180 140
240 280 220
260 220 140
180 240 260
160 180 200
180 260 140
220 160 280
280 140 140
200 180 220
160 240 140
240 280 260
160 240 100
260 180 280
240 160 240
160 180 100
180 160 100
180 120 100
140 260 140
200 180 180
260 180 200
260 200 260
260 100 280
280 220 220
120 280 200
220 160 240
160 200 280
260 120 240
160 240 180
220 240 280
160 120 240
200 200 280
140 220 140
180 240 180
200 240 120
200 180 100
240 200 200
180 200 140
100 260 260
120 200 280
260 160 220
240 180 280
260 220 120
240 260 260
280 120 240
120 280 160
260 140 100
100 120 220
260 160 100
140 120 160
100 180 200
180 200 220
180 260 240
120 260 160
120 240 280
180 180 180
120 260 200
220 200 100
140 160 100
260 240 280
120 280 240
280 200 280
140 100 200
280 160 160
120 280 280
220 260 100
200 160 220
180 240 100
120 220 120
240 200 140
220 200 160
240 220 100
100 240 280
200 240 160
120 260 240
200 160 180
100 260 100
220 260 160
160 120 280
280 260 240
220 200 120
120 120 280
220 140 160
100 120 100
220 100 220
220 220 260
140 200 100
240 140 220
200 200 100
180 260 160
100 200 180
180 180 120
140 160 180
140 140 220
160 260 260
160 140 180
260 100 160
260 160 160
220 180 200
180 280 120
240 280 280
120 280 220
120 160 220
120 100 240
160 120 100
240 240 140
240 180 100
160 100 220
200 120 240
280 220 120
240 240 280
200 140 260
120 220 100
180 240 220
240 180 160
160 220 140
200 200 220
220 220 180
160 260 180
280 220 280
180 200 120
120 160 180
140 260 240
280 240 260
100 120 160
240 180 220
160 140 200
160 280 280
280 100 140
160 180 140
260 280 220
220 200 180
220 140 140
200 220 180
280 180 180
260 200 120
160 180 120
240 120 280
280 160 180
180 100 180
200 220 260
120 160 260
180 200 280
100 140 260
140 260 260
140 200 200
280 280 120
120 240 160
220 120 120
200 180 200
140 240 120
120 280 180
120 140 280
260 240 180
140 280 260
100 100 280
260 260 180
120 220 200
100 100 140
200 220 140
260 260 260
140 160 200
240 180 120
180 100 160
120 100 220
180 240 280
100 280 180
280 120 280
280 200 140
260 200 280
180 220 180
120 280 100
160 140 160
140 260 180
260 200 200
100 220 200
140 160 160
160 260 280
240 120 200
200 100 180
140 140 160
260 220 180
120 240 200
180 100 120
280 180 240
120 180 140
100 120 140
240 140 260
180 160 220
100 100 200
200 200 160
160 260 140
280 100 260
140 160 260
120 240 240
260 120 260
160 220 200
240 100 260
280 180 160
140 240 240
200 140 280
280 160 200
140 200 260
120 260 280
200 120 280
280 140 220
220 160 260
220 140 180
120 120 140
260 220 220
120 100 100
240 280 200
140 140 120
200 280 120
100 220 280
180 220 100
160 100 200
280 180 220
140 220 260
160 280 140
100 220 180
180 160 180
120 260 140
140 120 200
140 160 240
180 120 140
100 160 200
220 220 160
200 280 200
180 140 200
140 140 100
260 160 240
180 140 280
140 280 280
140 180 260
280 120 120
140 100 220
160 240 220
100 100 160
100 280 260
140 120 180
260 240 220
180 100 140
180 200 240
180 120 260
200 120 160
100 200 240
260 220 160
220 200 260
140 100 260
180 160 160
100 140 280
220 180 280
100 180 260
100 280 120
240 140 200
200 220 200
240 120 140
100 180 240
120 160 240
200 140 240
100 180 280
240 200 100
240 120 120
260 280 100
260 100 200
200 260 160
160 160 260
200 120 260
220 220 120
200 240 280
200 240 260
180 260 220
260 120 120
280 200 160
140 200 140
200 160 120
140 100 120
260 140 240
280 120 140
220 160 200
200 200 200
120 220 220
180 220 120
100 220 160
160 260 120
140 120 240
220 280 160
100 220 220
200 260 240
120 260 220
160 200 100
260 280 260
180 280 260
180 280 280
200 240 220
200 200 260
200 160 240
240 100 160
180 180 200
180 240 140
200 280 240
160 100 280
240 240 240
180 240 200
240 160 260
120 100 200
200 200 240
260 200 220
140 240 280
160 260 200
160 200 220
140 200 160
120 280 120
220 160 100
100 240 260
220 140 200
240 140 120
240 200 120
260 160 180
280 100 180
160 140 240
240 160 120
200 120 140
200 140 100
140 260 160
100 140 220
200 140 200
200 200 120
100 120 240
260 120 160
240 260 140
280 120 260
160 200 160
240 160 140
280 160 240
280 260 160
220 120 260
120 180 240
160 280 260
240 120 240
120 240 180
240 240 220
200 260 200
200 120 180
200 100 220
280 220 180
100 140 240
200 280 260
180 180 140
100 140 200
220 200 240
200 260 100
140 220 200
240 140 100
280 140 120
140 120 100
240 140 160
180 220 240
100 180 180
140 240 100
240 280 120
240 180 140
180 140 140
180 100 100
100 240 220
220 140 260
120 260 260
260 220 240
260 180 120
160 140 100
240 260 100
220 280 260
120 180 120
100 200 220
220 280 200
100 260 200
180 120 240
180 260 200
220 280 100
100 100 240
200 280 180
280 160 220
280 280 260
100 100 220
260 240 140
220 100 120
200 280 220
260 260 220
280 280 100
120 240 140
100 280 200
280 280 140
260 240 160
100 120 180
120 100 180
280 240 100
120 220 280
260 120 100
140 180 180
260 240 260
200 140 220
180 120 180
180 280 180
240 120 100
220 240 140
180 200 160
140 140 140
280 140 160
240 120 160
260 160 200
140 260 120
280 220 240
200 260 180
140 140 180
160 220 120
260 200 160
260 280 160
260 280 180
160 200 240
240 100 240
200 180 240
140 180 280
160 220 100
100 220 100
160 140 260
140 160 220
180 160 260
180 100 200
260 200 100
160 160 240
140 240 220
260 140 200
280 120 180
240 240 120
100 200 120
140 180 240
280 160 140
180 140 160
120 240 220
140 100 160
260 140 140
240 100 100
100 100 180
240 180 180
180 180 160
100 160 140
220 200 140
140 140 200
240 240 180
220 260 240
120 120 160
260 160 120
280 140 180
120 260 100
180 260 180
260 180 260
180 260 260
280 200 100
180 200 200
140 240 160
220 280 180
140 100 280
260 280 120
100 180 220
200 240 140
140 160 280
140 180 120
240 220 180
100 140 160
260 200 180
100 240 200
220 100 280
160 140 140
160 240 200
280 260 260
120 100 280
200 240 180
280 180 260
140 280 140
120 140 160
120 220 140
200 200 140
100 160 100
220 140 100
140 200 220
220 120 160
120 120 100
180 180 280
240 280 240
180 280 240
160 220 280
160 180 160
160 260 240
260 260 280
160 100 260
280 140 260
140 180 100
160 260 220
120 180 100
220 240 120
240 220 240
160 160 180
260 260 100
100 100 100
160 100 180
100 260 180
160 180 180
220 240 180
220 100 260
280 240 180
220 180 100
220 160 120
240 120 220
220 120 180
240 100 180
240 200 260
180 180 240
240 220 260
280 180 100
260 180 140
160 280 180
140 280 160
220 240 160
180 200 180
240 180 200
260 220 100
260 180 160
200 160 280
280 200 120
160 140 280
240 120 260
280 180 140
220 180 240
200 260 280
280 260 180
100 200 260
100 240 120
100 200 200
120 220 160
100 180 160
100 280 240
200 160 100
120 120 200
220 220 140
120 100 140
260 280 200
220 100 200
260 200 140
240 160 100
280 220 260
180 100 260
180 220 280
120 200 100
260 180 220
240 220 120
200 120 120
120 160 280
260 260 120
100 200 140
220 140 120
160 180 220
220 200 200
280 200 180
120 100 160
240 160 180
160 180 240
140 120 260
260 140 280
260 280 140
260 100 260
220 240 200
280 220 200
140 220 100
200 100 120
200 220 280
180 260 280
180 120 200
260 160 140
220 220 240
280 220 160
240 280 100
100 200 280
280 280 240
240 160 200
240 220 140
120 140 220
200 100 200
260 100 100
100 120 260
180 180 100
180 160 120
160 280 200
280 140 200
280 100 160
260 100 120
140 260 100
180 140 260
240 240 100
120 140 260
220 180 220
260 140 160
280 180 200
140 280 180
220 140 280
160 280 100
240 160 280
260 120 200
220 160 220
160 120 200
160 160 120
180 100 280
240 260 180
260 100 240
280 240 280
140 100 140
260 180 100
200 280 280
180 220 160
200 180 160
280 240 160
240 200 180
160 280 220
240 260 120
220 260 120
100 160 280
120 200 120
120 180 220
200 280 100
280 160 260
140 220 220
100 260 280
240 140 240
140 240 260
120 140 100
200 160 260
220 200 280
220 100 140
180 120 220
200 100 240
180 200 100
100 160 120
120 140 120
120 140 140
180 220 220
120 240 100
180 160 280
220 280 120
180 240 120
100 280 280
120 140 180
280 260 140
140 160 120
220 260 220
220 280 240
240 240 260
240 280 160
140 180 160
260 240 200
180 280 140
120 200 180
160 200 260
140 220 120
240 260 200
120 160 140
180 160 240
100 160 220
240 140 280
160 200 140
260 260 140
160 200 180
260 120 220
200 120 200
120 200 220
180 120 120
240 220 160
220 100 180
100 200 100
220 120 140
160 220 180
180 160 200
120 120 220
240 280 140
120 200 160
160 120 120
240 140 140
280 160 120
220 260 280
220 120 280
180 220 260
100 240 160
260 260 160
180 120 160
100 180 100
220 180 260
120 140 200
260 120 180
260 280 240
160 160 220
120 280 140
240 260 160
220 100 240
120 140 240
220 120 100
200 160 160
280 100 200
200 160 200
260 140 220
260 240 100
200 240 200
160 120 220
180 180 220
120 160 100
220 120 220
280 120 200
280 260 200
220 260 200
120 180 160
260 160 280
140 280 120
280 240 140
200 140 180
100 220 140
280 180 280
240 200 160
280 280 220
220 260 140
160 240 120
140 140 260
200 140 140
180 220 140
200 240 100
100 120 280
140 120 280
280 140 240
100 120 120
100 240 180
240 200 280
280 100 280
100 280 140
260 200 240
280 100 120
220 220 200
200 100 280
160 160 100
180 100 240
200 100 140
200 100 100
240 220 280
140 120 220
100 140 120
260 220 200
200 140 160
240 260 280
100 100 120
260 120 280
220 120 200
280 200 260
200 2 100
4819 3468 121
899 -612 103
5139 3148 129
1059 1148 119
4499 3788 75
8019 108 84
739 828 88
7459 -452 130
2259 -1972 120
5379 -2532 90
3059 -2772 96
6259 2028 117
5939 2348 67
4019 4108 71
3779 -3492 61
2259 2348 107
2819 2908 80
499 -212 73
6019 -1892 106
6419 -1492 60
1059 -772 130
819 908 138
6019 2268 68
179 268 89
1379 1468 138
7379 908 111
5699 2588 83
1539 -1252 65
6979 1308 108
7939 28 80
7139 1148 91
6419 1868 65
5779 -2132 138
4739 3548 74
7299 988 94
2499 -2212 99
5299 -2612 97
1699 1788 100
1299 1388 123
7059 -852 130
7379 -532 62
6899 -1012 134
7619 668 100
6739 -1172 72
4339 3948 135
499 588 65
1139 -852 67
7299 -612 104
1619 1708 111
7459 828 88
5299 2988 132
7219 -692 119
6179 -1732 98
5059 -2852 88
7859 -52 94
7779 508 90
99 188 60
3139 3228 123
4019 -3732 133
1219 -932 112
7699 -212 121
4099 -3812 100
2899 2988 86
6339 -1572 99
4259 -3652 106
6499 -1412 87
2099 -1812 106
2979 -2692 68
5779 2508 66
4979 3308 73
2579 -2292 114
5219 -2692 128
339 -52 95
1939 -1652 78
1779 -1492 120
4339 -3572 80
1139 1228 98
2339 2428 118
2499 2588 107
4499 -3412 93
3379 -3092 96
339 428 89
3299 3388 130
2579 2668 98
3459 3548 123
6979 -932 72
3459 -3172 107
2019 2108 63
2819 -2532 134
659 748 96
3539 3628 62
2339 -2052 139
1859 -1572 126
259 348 137
2739 2828 136
6499 1788 128
5139 -2772 76
3939 -3652 128
4259 4028 72
5699 -2212 94
4899 -3012 110
2179 2268 88
7859 428 115
1459 -1172 85
4579 3708 63
7139 -772 84
6579 1708 82
5459 2828 102
6579 -1332 128
659 -372 136
1859 1948 98
979 1068 62
6339 1948 125
6179 2108 116
2099 2188 67
1939 2028 138
2659 -2372 91
5459 -2452 67
1539 1628 102
6659 1628 134
7219 1068 75
899 988 90
3219 3308 121
4179 -3732 95
3139 -2852 93
4579 -3332 75
7059 1228 112
4419 -3492 129
1379 -1092 117
1699 -1412 65
8019 268 74
2979 3068 61
7699 588 98
259 28 101
6819 -1092 65
739 -452 112
7539 748 66
4899 3388 128
6819 1468 77
3859 -3572 139
6659 -1252 106
6899 1388 122
2419 2508 79
4099 4188 65
4419 3868 128
1619 -1332 86
819 -532 112
5619 2668 90
5859 -2052 66
1219 1308 125
6739 1548 61
7619 -292 125
4819 -3092 84
7779 -132 123
179 108 103
419 -132 72
6099 -1812 139
2659 2748 109
2179 -1892 137
5059 3228 112
5539 -2372 114
419 508 85
6259 -1652 68
3059 3148 100
6099 2188 91
979 -692 111
3939 4028 137
2019 -1732 74
5379 2908 75
3699 -3412 86
1459 1548 88
2739 -2452 88
3539 -3252 139
5939 -1972 128
5539 2748 124
1299 -1012 99
3219 -2932 61
3619 -3332 138
3699 3788 109
5619 -2292 104
4659 3628 76
2899 -2612 123
7539 -372 99
579 668 80
1779 1868 109
4659 -3252 135
3779 3868 77
3379 3468 105
3619 3708 63
4739 -3172 129
579 -292 69
4979 -2932 70
4179 4108 129
7939 348 60
3859 3948 93
8099 188 98
3299 -3012 90
5219 3068 69
2419 -2132 62
5859 2428 136
8 8 100
340 180 206
420 260 205
180 180 209
340 340 203
260 420 202
180 340 201
100 260 200
260 100 207
16 10 12
100 100 100
130 130 100
170 90 108
120 80 110
110 110 100
140 140 110
180 100 108
150 130 110
130 70 110
170 110 110
150 70 108
160 80 108
140 60 110
110 90 110
120 120 100
160 120 110
5 5 20
149 238 107
118 205 79
133 220 89
159 250 126
99 188 60
20 19 25
374 475 330
351 451 308
328 437 292
449 559 408
294 398 260
117 210 74
429 535 387
307 417 274
416 515 370
205 307 177
152 245 118
275 380 243
240 339 211
139 232 95
221 320 191
99 188 60
256 356 227
396 493 348
167 268 138
190 286 158
3 1 3
101 190 62
103 192 64
99 188 60
10 6 12
170 100 110
110 100 110
180 100 100
160 100 100
190 100 110
100 100 100
130 100 110
150 100 105
120 100 104
140 100 106
0 0 0
