7810
71168
7168
70296
3440
367760
162560
60000
600
6336
1744
6910
94
864
6988
162800
1536
1168
9224
-1
111280
54
6822
208000
1078
3480
9384
52830
104192
6144
60000
3750
134
6336
1176
60000
4096
4550
3720
3720
2661120
1568
2304
1640
56810
14406
5325840
798
12160
7680
9114
572718
404608
213840
38400
13230
3032
2784
4208
6336
2384
4224
316480
10695360
1752
578808
1904
7736
5208
11114
2400
832
1704
1704
265200
2304
1636
1856
2544
2080
1856
53626
60000
374016
60000
10641840
367760
1050
1856
3480
7168
600
1824
111200
411040
7736
11500
66604
54
3880
