10 10 12
55 120 312
17 86 277
72 138 327
36 104 294
46 113 302
66 128 319
100 167 353
91 157 343
83 149 336
27 95 287
12 2 80
337 22 323
145 -42 302
273 214 312
17 86 277
81 150 329
337 150 286
273 -42 290
209 -106 281
145 214 292
401 86 282
81 22 280
209 278 297
20 20 10
132 100 100
140 124 100
124 148 100
116 148 100
108 100 100
100 100 100
140 116 100
92 140 100
92 124 100
92 132 100
140 132 100
108 148 100
124 100 100
116 100 100
92 108 100
92 116 100
100 148 100
132 148 100
140 108 100
140 140 100
20 20 25
323 422 585
265 367 540
119 187 372
340 440 601
301 400 569
203 289 460
220 304 483
17 86 277
95 166 352
234 326 507
150 228 409
73 146 329
34 102 294
249 346 520
362 462 622
132 204 393
187 266 440
50 124 308
171 249 423
279 387 556
10 10 10
124 100 100
69 100 100
61 100 100
132 100 100
116 100 100
77 100 100
108 100 100
100 100 100
85 100 100
93 100 100
8 7 100
420 260 205
340 180 206
260 420 202
100 260 200
180 180 209
180 340 201
340 340 203
260 100 207
8 3 100
100 260 200
260 420 202
420 260 205
180 180 209
260 100 207
180 340 201
340 340 203
340 180 206
8 1 100
260 420 202
340 180 206
420 260 205
180 340 201
260 100 207
180 180 209
340 340 203
100 260 200
10 1 10
160 100 100
260 100 100
280 100 100
140 100 100
100 100 100
240 100 100
200 100 100
180 100 100
120 100 100
220 100 100
12 12 10
108 108 98
92 92 98
84 100 96
100 132 92
100 100 100
84 132 88
116 116 96
92 140 90
76 108 94
108 124 94
76 124 90
68 116 92
12 4 10
108 106 100
108 94 100
116 100 100
316 120 120
516 140 140
508 134 140
502 140 140
508 146 140
301 120 120
308 114 120
308 126 120
100 100 100
5 3 20
33 97 295
70 129 328
52 112 312
17 86 277
89 140 344
20 2 3
35 84 278
37 86 278
23 92 277
29 78 277
27 96 278
17 86 277
21 90 278
21 82 277
25 94 278
35 88 277
29 94 278
19 84 278
19 88 277
33 82 277
31 92 277
33 90 278
31 80 278
27 76 278
23 80 277
25 78 277
10 1 12
46 113 302
72 138 327
83 149 336
66 128 319
36 104 294
91 157 343
55 120 312
17 86 277
100 167 353
27 95 287
10 9 12
46 113 302
55 120 312
27 95 287
72 138 327
91 157 343
36 104 294
100 167 353
66 128 319
83 149 336
17 86 277
200 3 100
4497 3606 282
6897 1206 298
4577 3526 309
6257 1846 308
6177 -1754 281
2817 2886 318
4177 3926 321
3457 -3354 292
4017 -3914 284
5377 -2554 322
1937 2006 286
4817 3286 295
7377 -554 322
17 86 277
897 -794 315
2897 -2794 351
6017 2086 280
4897 -3034 335
497 -394 326
5137 2966 328
2817 -2714 325
7617 486 340
5057 3046 317
5057 -2874 280
7137 966 344
6977 -954 297
1937 -1834 331
5217 2886 291
6017 -1914 315
657 -554 344
657 726 354
2177 -2074 288
1137 -1034 332
3697 -3594 352
2257 2326 336
3137 -3034 354
7857 246 331
4417 -3514 287
6257 -1674 339
1297 -1194 277
3377 -3274 308
1217 -1114 285
3937 4006 346
1777 -1674 296
2897 2966 312
7537 -394 337
417 -314 339
4817 -3114 324
7617 -314 292
4737 -3194 311
1697 1766 300
1857 1926 305
977 1046 283
257 326 345
3857 -3754 287
3937 -3834 316
5697 2406 340
4657 3446 323
6577 1526 311
7217 -714 311
7857 -74 355
6657 -1274 282
5457 -2474 301
4097 -3834 295
6417 -1514 349
4017 4086 298
6737 -1194 278
177 246 308
7937 6 355
1537 -1434 335
3457 3526 326
3617 3686 320
4177 -3754 292
6737 1366 303
6497 -1434 356
5137 -2794 337
4737 3366 293
7457 646 353
7297 -634 320
4977 3126 322
1377 -1274 332
3697 3766 290
5617 2486 300
6817 1286 338
97 6 296
1297 1366 341
3297 3366 277
7297 806 340
1377 1446 293
2737 2806 294
2577 2646 347
6417 1686 328
2497 2566 353
97 166 313
7697 406 319
5857 2246 336
3537 -3434 336
4337 -3594 286
417 486 302
2417 -2314 342
2977 -2874 342
2977 3046 331
1537 1606 350
5857 -2074 308
817 -714 346
6097 -1834 346
2257 -2154 282
3537 3606 336
1457 1526 301
5537 2566 349
1777 1846 277
1057 -954 288
3857 3926 289
3137 3206 341
7217 886 308
1617 -1514 322
6497 1606 329
3377 3446 312
4417 3686 282
7377 726 337
1217 1286 320
5457 2646 297
257 -154 296
5777 -2154 323
3297 -3194 335
5297 2806 278
4977 -2954 325
2097 2166 313
5697 -2234 351
1457 -1354 338
3617 -3514 356
3057 -2954 302
6897 -1034 341
4577 -3354 292
7697 -234 286
2097 -1994 343
2417 2486 304
6657 1446 292
5777 2326 301
6337 -1594 317
337 406 296
3217 3286 320
4337 3766 352
6817 -1114 351
5937 2166 342
3057 3126 316
2657 -2554 284
817 886 286
4657 -3274 303
2737 -2634 295
5937 -1994 296
4497 -3434 331
8017 86 277
2337 2406 311
2177 2246 317
1057 1126 336
737 -634 341
2017 -1914 336
3777 -3674 298
6177 1926 307
337 -234 324
177 -74 346
5537 -2394 324
1857 -1754 352
6097 2006 331
4257 3846 298
497 566 314
5617 -2314 323
577 -474 323
977 -874 300
897 966 328
3777 3846 353
6577 -1354 286
7457 -474 292
6977 1126 340
2337 -2234 296
2657 2726 335
2577 -2474 329
4257 -3674 285
3217 -3114 286
7057 -874 293
2497 -2394 295
1697 -1594 298
5217 -2714 310
6337 1766 295
7537 566 300
7137 -794 293
5297 -2634 348
1617 1686 328
2017 2086 340
1137 1206 285
4897 3206 350
5377 2726 316
4097 4006 292
7777 -154 301
7777 326 333
577 646 355
737 806 313
7057 1046 322
7937 166 340
10 2 12
36 104 294
83 149 336
91 157 343
46 113 302
66 128 319
72 138 327
100 167 353
27 95 287
17 86 277
55 120 312
10 2 10
108 108 108
228 232 232
214 216 216
207 208 208
221 224 224
124 124 124
100 100 100
116 116 116
200 200 200
132 132 132
16 12 12
110 90 100
150 70 100
100 100 100
110 110 100
150 130 100
140 140 100
170 90 100
180 100 100
140 60 100
130 130 100
160 80 100
120 80 100
160 120 100
130 70 100
170 110 100
120 120 100
2 2 10
5 5 5
55 5 5
8 2 100
340 340 203
260 420 202
180 340 201
260 100 207
420 260 205
100 260 200
340 180 206
180 180 209
20 1 3
35 88 277
23 92 277
21 90 278
29 94 278
19 88 277
17 86 277
33 90 278
27 96 278
29 78 277
31 80 278
19 84 278
25 94 278
37 86 278
23 80 277
31 92 277
27 76 278
25 78 277
35 84 278
21 82 277
33 82 277
20 2 25
301 400 569
234 326 507
265 367 540
187 266 440
220 304 483
362 462 622
323 422 585
249 346 520
73 146 329
150 228 409
203 289 460
34 102 294
95 166 352
340 440 601
171 249 423
50 124 308
279 387 556
17 86 277
119 187 372
132 204 393
10 5 100
394 100 100
772 100 100
100 100 100
490 100 100
864 100 100
297 100 100
585 100 100
199 100 100
679 100 100
955 100 100
6 2 11
300 300 300
110 100 100
200 209 200
100 100 100
200 200 200
300 300 308
10 10 10
100 100 100
76 100 100
124 100 100
108 100 100
116 100 100
68 100 100
92 100 100
132 100 100
84 100 100
60 100 100
16 12 12
170 110 110
160 80 100
150 70 100
140 60 110
120 80 110
120 120 100
150 130 110
130 70 110
110 110 100
170 90 100
140 140 110
100 100 100
180 100 100
110 90 110
130 130 100
160 120 110
252 200 7
24 312 100
0 288 100
132 180 100
6 234 100
-12 180 100
24 72 100
-96 96 100
-114 126 100
-114 222 100
-78 78 100
-54 282 100
30 258 100
-60 156 100
-138 138 100
84 132 100
24 216 100
48 288 100
-102 186 100
-126 174 100
-60 204 100
-42 234 100
-6 234 100
-48 96 100
-30 270 100
-120 216 100
78 126 100
144 144 100
-48 192 100
0 48 100
66 210 100
126 174 100
-108 204 100
126 126 100
0 144 100
66 66 100
102 198 100
18 126 100
36 252 100
30 306 100
-6 294 100
-6 138 100
-30 162 100
-12 12 100
12 36 100
84 156 100
84 252 100
6 138 100
-18 126 100
-96 240 100
60 156 100
48 192 100
-162 162 100
42 246 100
-66 270 100
54 198 100
60 60 100
-18 30 100
-126 126 100
-6 330 100
42 186 100
-84 108 100
96 144 100
18 210 100
48 144 100
108 228 100
156 180 100
162 174 100
12 84 100
-6 186 100
-60 60 100
12 228 100
-36 156 100
-36 60 100
90 198 100
-18 318 100
126 162 100
12 324 100
-168 168 100
-102 234 100
-78 222 100
-18 270 100
-132 132 100
-108 228 100
-24 120 100
-30 66 100
36 36 100
138 186 100
54 90 100
36 300 100
90 102 100
-102 138 100
96 240 100
-120 168 100
90 138 100
-84 228 100
96 96 100
-48 144 100
78 258 100
6 42 100
66 78 100
-60 276 100
60 204 100
30 30 100
36 84 100
24 24 100
-54 54 100
-108 180 100
138 138 100
78 114 100
102 102 100
-42 282 100
114 222 100
42 150 100
-54 186 100
-54 246 100
132 132 100
-12 132 100
24 264 100
-90 138 100
24 120 100
-156 156 100
-66 174 100
-60 252 100
-72 72 100
-54 150 100
-30 78 100
120 168 100
72 72 100
-24 264 100
12 132 100
-138 186 100
138 150 100
30 162 100
120 216 100
-78 114 100
84 204 100
24 168 100
0 192 100
-30 222 100
0 0 100
36 156 100
96 192 100
-12 36 100
54 246 100
6 90 100
66 162 100
-90 90 100
18 114 100
-66 66 100
-60 180 100
-132 180 100
72 120 100
12 108 100
-18 174 100
72 216 100
-78 126 100
-42 150 100
72 264 100
-66 258 100
-12 276 100
-66 162 100
-150 186 100
-114 210 100
-108 132 100
90 150 100
30 270 100
-120 120 100
78 210 100
150 186 100
48 240 100
90 246 100
-90 102 100
60 252 100
-84 84 100
-48 48 100
48 48 100
-66 210 100
114 114 100
54 150 100
66 258 100
108 204 100
114 210 100
-84 132 100
6 330 100
-24 168 100
6 198 100
-36 228 100
18 222 100
120 120 100
0 96 100
78 162 100
-102 198 100
60 84 100
-90 234 100
144 192 100
36 276 100
18 30 100
102 234 100
-72 120 100
-24 24 100
-36 84 100
12 204 100
42 42 100
42 294 100
42 282 100
-96 192 100
18 78 100
18 318 100
-36 108 100
-24 72 100
-162 174 100
-54 198 100
-42 90 100
72 168 100
-18 222 100
-12 228 100
-150 150 100
-144 192 100
30 78 100
-42 102 100
-72 216 100
-6 6 100
-36 276 100
-6 42 100
-6 282 100
108 108 100
54 54 100
-18 18 100
-42 54 100
-30 114 100
-24 312 100
132 156 100
84 108 100
-144 144 100
36 180 100
0 336 100
48 96 100
-72 264 100
-18 306 100
-12 324 100
-156 180 100
-114 174 100
-96 144 100
30 174 100
6 102 100
-48 240 100
-12 300 100
0 240 100
-24 216 100
-72 168 100
42 90 100
-48 288 100
12 3 80
273 214 312
81 150 329
17 86 277
81 22 280
209 278 297
401 86 282
209 -106 281
337 150 286
273 -42 290
145 214 292
145 -42 302
337 22 323
100 1 32
1554 1640 1760
442 498 703
111 190 360
1615 1676 1811
37 117 297
1699 1773 1902
2010 2081 2238
1584 1657 1790
1011 1087 1275
1379 1461 1580
1129 1190 1358
2073 2163 2307
780 841 1038
820 893 1099
17 86 277
872 949 1159
1418 1505 1617
726 782 984
414 477 676
56 142 318
1656 1725 1850
1238 1295 1445
1878 1939 2094
1155 1221 1376
1634 1698 1833
2098 2190 2331
650 711 896
393 456 645
610 662 845
915 987 1191
1981 2064 2207
2054 2137 2279
518 564 761
2341 2441 2576
1788 1850 1998
320 385 571
2249 2352 2491
195 277 459
1464 1548 1673
154 230 411
298 362 555
1072 1148 1325
697 763 953
2156 2275 2404
1962 2035 2181
226 297 483
1533 1624 1741
1768 1829 1972
1834 1889 2057
364 428 617
1715 1793 1928
1261 1321 1466
179 249 434
1344 1412 1544
1319 1383 1519
1361 1438 1560
804 863 1069
1922 1982 2134
281 337 536
1945 2005 2155
2316 2422 2556
1445 1527 1644
757 810 1012
668 742 922
138 214 387
537 594 778
560 614 802
1680 1747 1873
990 1065 1256
347 401 590
1397 1478 1599
2139 2244 2378
583 645 826
2196 2310 2451
1506 1601 1719
2179 2291 2429
1042 1117 1301
1288 1352 1493
86 171 338
463 519 719
1812 1870 2026
2034 2106 2257
1490 1577 1696
2279 2381 2507
899 967 1175
966 1035 1236
1861 1911 2078
493 535 737
2223 2327 2474
1101 1171 1342
1181 1252 1398
2299 2397 2534
1896 1959 2117
844 918 1130
632 692 876
253 315 510
2123 2220 2359
1207 1277 1422
1738 1813 1946
941 1004 1212
1 1 100
17 86 277
20 1 25
73 146 329
150 228 409
187 266 440
340 440 601
203 289 460
171 249 423
34 102 294
265 367 540
234 326 507
362 462 622
323 422 585
50 124 308
119 187 372
249 346 520
17 86 277
95 166 352
220 304 483
132 204 393
301 400 569
279 387 556
20 3 3
37 86 278
33 90 278
19 88 277
23 92 277
17 86 277
23 80 277
27 76 278
21 82 277
25 78 277
29 78 277
31 80 278
35 84 278
21 90 278
19 84 278
33 82 277
29 94 278
35 88 277
25 94 278
31 92 277
27 96 278
12 12 10
116 116 96
108 124 94
76 108 94
84 100 96
108 108 98
92 140 90
92 92 98
100 132 92
76 124 90
68 116 92
84 132 88
100 100 100
10 2 10
500 500 500
508 508 508
300 300 300
100 100 100
308 308 308
108 108 108
208 208 208
400 400 400
408 408 408
200 200 200
200 1 100
1697 -1594 298
3857 -3754 287
897 966 328
417 -314 339
3217 3286 320
5857 2246 336
3137 3206 341
4417 3686 282
3137 -3034 354
6337 1766 295
2897 2966 312
1537 -1434 335
4097 4006 292
5217 2886 291
2497 2566 353
3937 4006 346
4177 -3754 292
3297 3366 277
2177 -2074 288
6657 1446 292
1777 1846 277
2017 2086 340
2177 2246 317
5537 -2394 324
4497 3606 282
1137 1206 285
337 406 296
3697 -3594 352
2337 2406 311
7297 806 340
6017 2086 280
3057 3126 316
4257 3846 298
177 246 308
2897 -2794 351
657 -554 344
7457 -474 292
3537 -3434 336
2257 2326 336
7617 -314 292
7377 726 337
5857 -2074 308
5937 -1994 296
6097 2006 331
2417 2486 304
5697 2406 340
7137 -794 293
4417 -3514 287
7617 486 340
2657 2726 335
6017 -1914 315
4737 3366 293
4817 -3114 324
3617 3686 320
1617 -1514 322
737 806 313
5617 2486 300
1217 -1114 285
5777 -2154 323
4017 4086 298
1377 1446 293
5537 2566 349
977 1046 283
5377 2726 316
2977 3046 331
1777 -1674 296
1217 1286 320
4577 -3354 292
7537 -394 337
6177 -1754 281
4817 3286 295
3777 -3674 298
6417 1686 328
3777 3846 353
4737 -3194 311
4257 -3674 285
5297 2806 278
6097 -1834 346
4977 3126 322
2577 -2474 329
7857 246 331
737 -634 341
7297 -634 320
6657 -1274 282
5777 2326 301
4657 -3274 303
6977 -954 297
5137 -2794 337
3937 -3834 316
2977 -2874 342
1937 2006 286
97 6 296
5377 -2554 322
2737 -2634 295
5137 2966 328
2097 -1994 343
977 -874 300
3297 -3194 335
6257 -1674 339
8017 86 277
257 -154 296
5937 2166 342
17 86 277
6817 1286 338
2017 -1914 336
1057 -954 288
1297 -1194 277
6497 1606 329
4657 3446 323
6577 -1354 286
7937 166 340
7697 -234 286
4897 -3034 335
1937 -1834 331
3537 3606 336
6337 -1594 317
6897 1206 298
3857 3926 289
6577 1526 311
337 -234 324
2097 2166 313
3377 3446 312
6177 1926 307
257 326 345
7697 406 319
2257 -2154 282
1297 1366 341
3057 -2954 302
2817 2886 318
7457 646 353
2657 -2554 284
1857 -1754 352
6257 1846 308
1137 -1034 332
5057 -2874 280
4017 -3914 284
6737 1366 303
5697 -2234 351
7377 -554 322
1057 1126 336
6737 -1194 278
417 486 302
1537 1606 350
4577 3526 309
177 -74 346
2577 2646 347
2497 -2394 295
7217 886 308
3457 -3354 292
3377 -3274 308
1697 1766 300
1457 1526 301
7217 -714 311
3457 3526 326
7937 6 355
3697 3766 290
897 -794 315
4337 3766 352
4177 3926 321
6897 -1034 341
6417 -1514 349
7777 326 333
7057 1046 322
5057 3046 317
3617 -3514 356
6977 1126 340
7777 -154 301
577 -474 323
1857 1926 305
4977 -2954 325
2737 2806 294
4097 -3834 295
657 726 354
3217 -3114 286
817 886 286
7857 -74 355
7537 566 300
2417 -2314 342
7137 966 344
497 -394 326
1377 -1274 332
6497 -1434 356
497 566 314
577 646 355
2817 -2714 325
2337 -2234 296
7057 -874 293
5217 -2714 310
1617 1686 328
5617 -2314 323
5457 2646 297
1457 -1354 338
5297 -2634 348
6817 -1114 351
817 -714 346
4497 -3434 331
97 166 313
4337 -3594 286
4897 3206 350
5457 -2474 301
8 8 10
100 100 100
100 132 100
92 108 100
108 108 100
108 124 100
84 116 100
92 124 100
116 116 100
5 2 20
70 129 328
52 112 312
17 86 277
33 97 295
89 140 344
8 7 10
108 124 103
116 116 102
100 132 104
92 124 105
84 116 106
100 100 100
108 108 101
92 108 107
8 7 10
84 116 106
100 132 104
92 108 107
116 116 102
100 100 100
108 124 103
108 108 101
92 124 105
200 50 100
2337 2406 311
817 886 286
2977 -2874 342
2177 -2074 288
3777 3846 353
1777 1846 277
1937 2006 286
7937 166 340
5857 -2074 308
5777 2326 301
7857 -74 355
5617 -2314 323
1297 -1194 277
2737 -2634 295
7537 566 300
6257 -1674 339
7697 -234 286
5137 -2794 337
7137 966 344
4817 -3114 324
1857 -1754 352
737 806 313
177 246 308
5937 2166 342
1617 1686 328
897 966 328
7057 -874 293
4897 -3034 335
1457 1526 301
3137 3206 341
657 726 354
2577 2646 347
7377 -554 322
3457 3526 326
3617 3686 320
17 86 277
4817 3286 295
3617 -3514 356
4097 4006 292
2097 2166 313
2177 2246 317
5057 3046 317
7617 486 340
7057 1046 322
337 406 296
2097 -1994 343
4417 3686 282
6497 1606 329
1137 1206 285
3057 -2954 302
5377 2726 316
3377 -3274 308
4177 3926 321
2737 2806 294
5217 -2714 310
7777 326 333
737 -634 341
2417 -2314 342
6097 2006 331
5217 2886 291
5537 2566 349
6657 1446 292
1697 -1594 298
337 -234 324
3457 -3354 292
5777 -2154 323
6737 -1194 278
4977 3126 322
2817 -2714 325
3937 4006 346
6817 1286 338
1457 -1354 338
4577 -3354 292
2897 2966 312
4097 -3834 295
4017 -3914 284
3697 -3594 352
3777 -3674 298
177 -74 346
6977 -954 297
3057 3126 316
4577 3526 309
6017 2086 280
4337 -3594 286
4657 3446 323
7377 726 337
2497 2566 353
257 326 345
3537 3606 336
4737 -3194 311
6497 -1434 356
4737 3366 293
5297 2806 278
5937 -1994 296
97 166 313
5457 -2474 301
2897 -2794 351
7537 -394 337
2417 2486 304
7217 -714 311
7617 -314 292
5697 -2234 351
2337 -2234 296
3857 3926 289
6177 -1754 281
6417 -1514 349
6257 1846 308
7297 -634 320
6337 1766 295
6977 1126 340
7937 6 355
6097 -1834 346
257 -154 296
1777 -1674 296
7217 886 308
2657 -2554 284
4897 3206 350
1377 1446 293
6737 1366 303
5697 2406 340
5137 2966 328
1937 -1834 331
1057 1126 336
2977 3046 331
977 1046 283
657 -554 344
1137 -1034 332
2257 -2154 282
2017 2086 340
3537 -3434 336
4257 -3674 285
7457 -474 292
5057 -2874 280
977 -874 300
817 -714 346
7297 806 340
1217 1286 320
4017 4086 298
2257 2326 336
6177 1926 307
3297 -3194 335
3697 3766 290
4657 -3274 303
2577 -2474 329
6817 -1114 351
417 486 302
4417 -3514 287
4177 -3754 292
1537 -1434 335
2657 2726 335
2497 -2394 295
897 -794 315
4337 3766 352
6897 -1034 341
1537 1606 350
6017 -1914 315
1377 -1274 332
497 -394 326
1297 1366 341
1217 -1114 285
7777 -154 301
5857 2246 336
6577 1526 311
6577 -1354 286
417 -314 339
5377 -2554 322
4497 3606 282
4977 -2954 325
497 566 314
4497 -3434 331
7697 406 319
6657 -1274 282
3137 -3034 354
577 -474 323
5537 -2394 324
5297 -2634 348
6897 1206 298
577 646 355
2017 -1914 336
7857 246 331
5617 2486 300
6417 1686 328
1697 1766 300
1617 -1514 322
5457 2646 297
2817 2886 318
4257 3846 298
3377 3446 312
3217 3286 320
1857 1926 305
3937 -3834 316
6337 -1594 317
7137 -794 293
3297 3366 277
97 6 296
8017 86 277
1057 -954 288
3857 -3754 287
3217 -3114 286
7457 646 353
6 3 10
100 100 100
124 104 100
108 92 105
116 112 103
108 108 100
116 96 105
41 4 12
130 100 100
170 190 100
230 100 100
150 100 100
110 210 100
100 300 100
200 100 100
120 180 100
140 240 100
150 170 100
120 100 100
110 100 100
160 180 100
210 100 100
170 210 100
160 100 100
280 300 100
220 300 100
160 220 100
140 300 100
140 160 100
130 230 100
120 220 100
120 300 100
200 300 100
130 170 100
190 100 100
260 300 100
100 100 100
160 300 100
180 200 100
240 100 100
100 200 100
240 300 100
180 100 100
180 300 100
110 190 100
150 230 100
140 100 100
170 100 100
220 100 100
10 3 10
148 148 106
108 108 108
156 156 102
100 100 100
164 164 108
116 116 102
132 132 104
140 140 104
124 124 106
172 172 100
252 200 7
-96 240 145
-48 96 125
-6 282 110
138 150 130
-42 102 120
78 210 130
18 30 60
-150 150 140
36 252 115
72 120 125
30 270 130
120 216 145
-102 138 130
0 240 105
102 234 130
42 282 140
0 288 105
-144 144 145
132 156 135
162 174 130
42 150 120
-60 276 155
0 96 145
48 144 125
-24 216 105
-30 222 110
54 90 120
-36 276 135
18 210 130
-72 72 125
54 54 90
-42 150 130
-114 210 140
0 0 5
-24 168 145
78 126 130
-60 60 135
6 198 140
-162 174 120
-54 246 130
144 144 125
-6 234 100
18 114 130
-30 78 140
78 258 110
-108 180 115
-120 120 145
54 150 130
90 138 140
-102 234 150
-6 186 150
-18 126 100
-54 54 140
-6 138 100
-18 222 100
36 300 155
-162 162 130
-60 204 115
-66 210 120
96 96 105
-120 216 145
-12 300 95
60 156 135
-66 258 140
-24 120 105
-90 138 120
-150 186 110
-6 42 40
-48 192 105
-24 24 25
-78 126 110
90 246 120
90 150 150
72 216 125
12 204 135
72 72 105
84 156 155
132 132 115
66 78 110
-30 162 140
48 96 125
24 264 125
-66 162 110
-18 270 120
30 258 120
84 108 115
-54 282 150
-30 66 150
-18 174 150
-36 156 135
-18 306 100
6 90 150
-156 180 115
66 66 100
-42 234 120
-12 276 115
84 204 135
48 240 105
108 204 155
12 132 115
-90 90 110
36 36 75
-66 270 150
-144 192 105
-12 12 15
36 84 135
-96 96 105
30 174 100
18 318 140
138 138 120
36 156 115
78 162 150
0 192 145
-42 90 130
114 114 100
-108 204 135
-156 156 135
-36 60 155
-84 132 115
108 108 95
-90 234 140
72 264 105
-12 324 115
-18 318 110
-72 216 125
12 108 135
-132 180 95
-84 228 135
6 234 110
24 24 65
-18 30 30
-132 132 155
-90 102 100
120 120 105
36 276 135
-48 288 145
-12 228 95
-48 240 125
66 258 100
-102 198 130
102 102 100
12 36 55
6 330 130
-6 6 10
42 90 130
-168 168 125
12 228 115
-12 36 35
96 240 125
0 144 105
60 84 115
-12 132 95
-6 294 100
132 180 155
-108 132 135
-60 156 115
-126 174 100
-12 180 155
72 168 145
-24 264 125
-96 144 125
18 126 120
60 204 115
-78 222 130
66 210 120
-48 144 125
90 102 110
114 222 140
-30 114 110
30 306 150
42 294 150
48 192 105
30 162 110
-84 108 95
-114 126 140
120 168 145
126 162 140
126 174 150
48 48 85
66 162 140
24 216 125
150 186 140
144 192 145
-6 330 120
-42 282 140
30 78 140
-108 228 155
-54 198 110
12 324 135
-102 186 120
-138 138 150
-72 264 145
30 30 70
-24 312 105
24 168 105
48 288 145
24 120 125
-60 252 135
-36 108 115
-84 84 115
-36 228 115
114 210 150
-30 270 130
54 198 110
54 246 100
36 180 95
102 198 150
-138 186 100
-78 78 120
-54 150 120
-36 84 135
126 126 110
-24 72 145
18 222 120
0 336 125
108 228 135
42 186 100
96 192 145
84 252 115
96 144 145
-126 126 150
-42 54 150
78 114 120
-18 18 20
156 180 135
6 138 110
0 48 45
60 252 95
24 312 145
12 84 155
90 198 140
6 102 140
138 186 150
-60 180 95
42 42 80
-120 168 105
18 78 150
-48 48 145
-54 186 100
-72 120 105
24 72 145
-66 174 100
-114 174 110
60 60 95
84 132 135
-66 66 130
6 42 50
-96 192 125
42 246 110
-78 114 100
-72 168 105
-114 222 150
60 50 7
6 42 42
6 6 6
-12 36 36
12 132 132
18 30 30
-30 78 78
42 54 54
36 60 60
-36 84 84
-18 30 30
-18 78 78
-30 30 30
24 24 24
6 138 138
-60 84 84
-54 90 90
-48 96 96
-36 36 36
-66 66 66
24 120 120
-60 60 60
12 36 36
36 84 84
-42 90 90
0 144 144
-42 42 42
18 18 18
42 102 102
-12 108 108
66 66 66
0 0 0
30 66 66
42 90 90
-66 78 78
-6 90 90
-24 72 72
-12 132 132
-24 24 24
36 108 108
12 12 12
18 126 126
24 72 72
-12 84 84
0 96 96
60 60 60
-48 48 48
-18 126 126
-6 42 42
48 96 96
-54 54 54
0 48 48
30 78 78
-24 120 120
30 114 114
-18 114 114
-6 102 102
54 54 54
48 48 48
-72 72 72
-6 138 138
200 100 100
5217 -2714 310
4097 4006 292
4977 3126 322
257 -154 296
577 -474 323
6097 2006 331
737 -634 341
4817 -3114 324
4657 3446 323
4737 -3194 311
977 1046 283
5457 -2474 301
1377 1446 293
1697 -1594 298
2257 2326 336
1297 1366 341
4257 3846 298
5217 2886 291
3617 3686 320
6257 1846 308
3057 3126 316
417 486 302
2977 -2874 342
1537 -1434 335
5697 2406 340
177 -74 346
7937 166 340
6017 -1914 315
97 166 313
4897 3206 350
2177 -2074 288
6657 1446 292
417 -314 339
4657 -3274 303
7937 6 355
6257 -1674 339
5137 -2794 337
1057 1126 336
4497 3606 282
5537 2566 349
1457 -1354 338
3777 3846 353
5057 3046 317
2177 2246 317
6017 2086 280
5377 -2554 322
7297 806 340
3937 -3834 316
3377 3446 312
4417 -3514 287
7617 486 340
2097 -1994 343
817 886 286
3297 3366 277
1777 -1674 296
3457 -3354 292
897 966 328
5377 2726 316
5137 2966 328
5617 -2314 323
6737 1366 303
6337 1766 295
6097 -1834 346
1297 -1194 277
2817 2886 318
2897 -2794 351
3217 -3114 286
497 -394 326
4177 -3754 292
6977 -954 297
7137 966 344
657 -554 344
7217 -714 311
1617 -1514 322
7777 326 333
3537 3606 336
497 566 314
8017 86 277
4017 4086 298
1217 -1114 285
4577 -3354 292
3857 -3754 287
5617 2486 300
4817 3286 295
6497 1606 329
5297 -2634 348
97 6 296
3137 3206 341
6657 -1274 282
3057 -2954 302
2897 2966 312
2737 -2634 295
2417 2486 304
1457 1526 301
4017 -3914 284
657 726 354
3137 -3034 354
5857 -2074 308
6897 -1034 341
1537 1606 350
2257 -2154 282
6897 1206 298
7697 -234 286
5777 2326 301
5537 -2394 324
5297 2806 278
3217 3286 320
5937 2166 342
6337 -1594 317
2657 -2554 284
2977 3046 331
6177 1926 307
2577 2646 347
2097 2166 313
3617 -3514 356
2497 -2394 295
4577 3526 309
4897 -3034 335
4497 -3434 331
4337 -3594 286
6577 1526 311
3297 -3194 335
1697 1766 300
737 806 313
257 326 345
6577 -1354 286
7537 566 300
7377 -554 322
4417 3686 282
577 646 355
3457 3526 326
6497 -1434 356
2017 -1914 336
4097 -3834 295
7537 -394 337
6417 -1514 349
3697 3766 290
7857 246 331
7057 -874 293
6177 -1754 281
2417 -2314 342
7217 886 308
1777 1846 277
5777 -2154 323
1857 1926 305
3537 -3434 336
1857 -1754 352
337 -234 324
7377 726 337
2737 2806 294
1217 1286 320
1937 2006 286
7697 406 319
7457 -474 292
4977 -2954 325
2817 -2714 325
3937 4006 346
6977 1126 340
4337 3766 352
2017 2086 340
7457 646 353
5697 -2234 351
7057 1046 322
4177 3926 321
977 -874 300
6417 1686 328
337 406 296
5937 -1994 296
7857 -74 355
5857 2246 336
4737 3366 293
3697 -3594 352
897 -794 315
6737 -1194 278
7777 -154 301
1937 -1834 331
817 -714 346
17 86 277
3857 3926 289
2577 -2474 329
5457 2646 297
1137 -1034 332
2337 2406 311
3377 -3274 308
1057 -954 288
1377 -1274 332
3777 -3674 298
2657 2726 335
7617 -314 292
2337 -2234 296
4257 -3674 285
177 246 308
6817 -1114 351
6817 1286 338
2497 2566 353
1617 1686 328
5057 -2874 280
7297 -634 320
1137 1206 285
7137 -794 293
20 19 3
23 92 277
31 92 277
31 80 278
29 78 277
25 94 278
17 86 277
21 90 278
19 88 277
27 96 278
33 82 277
23 80 277
33 90 278
25 78 277
29 94 278
35 88 277
35 84 278
19 84 278
37 86 278
27 76 278
21 82 277
16 16 12
150 130 100
120 80 100
150 70 100
130 70 100
180 100 100
170 110 100
140 60 100
160 120 100
100 100 100
140 140 100
170 90 100
110 90 100
160 80 100
130 130 100
120 120 100
110 110 100
20 20 10
92 132 99
100 100 100
140 132 97
132 148 100
140 116 99
108 148 103
116 100 102
100 148 104
124 148 101
140 124 98
116 148 102
92 108 96
124 100 103
140 108 100
108 100 101
132 100 104
92 140 100
92 116 97
92 124 98
140 140 96
5 4 20
52 112 312
89 140 344
33 97 295
70 129 328
17 86 277
100 99 32
1101 1171 1342
1418 1505 1617
1680 1747 1873
1155 1221 1376
990 1065 1256
1042 1117 1301
518 564 761
364 428 617
1533 1624 1741
697 763 953
1011 1087 1275
650 711 896
1634 1698 1833
1397 1478 1599
844 918 1130
780 841 1038
2123 2220 2359
668 742 922
537 594 778
583 645 826
1319 1383 1519
1922 1982 2134
179 249 434
899 967 1175
2073 2163 2307
1261 1321 1466
941 1004 1212
1584 1657 1790
1861 1911 2078
1554 1640 1760
298 362 555
2249 2352 2491
1738 1813 1946
1896 1959 2117
1288 1352 1493
1656 1725 1850
226 297 483
138 214 387
2223 2327 2474
2279 2381 2507
1834 1889 2057
1945 2005 2155
1379 1461 1580
1981 2064 2207
111 190 360
2098 2190 2331
966 1035 1236
1181 1252 1398
1962 2035 2181
414 477 676
726 782 984
1506 1601 1719
2179 2291 2429
2010 2081 2238
2316 2422 2556
2156 2275 2404
253 315 510
37 117 297
1699 1773 1902
1361 1438 1560
1344 1412 1544
2034 2106 2257
1072 1148 1325
1238 1295 1445
2139 2244 2378
872 949 1159
195 277 459
560 614 802
804 863 1069
1490 1577 1696
17 86 277
820 893 1099
393 456 645
1615 1676 1811
1129 1190 1358
2299 2397 2534
347 401 590
1812 1870 2026
915 987 1191
493 535 737
463 519 719
1878 1939 2094
610 662 845
632 692 876
281 337 536
1445 1527 1644
320 385 571
2196 2310 2451
1207 1277 1422
2054 2137 2279
2341 2441 2576
1768 1829 1972
86 171 338
154 230 411
757 810 1012
1788 1850 1998
1464 1548 1673
56 142 318
442 498 703
1715 1793 1928
12 12 80
145 -42 302
337 22 323
273 214 312
145 214 292
81 150 329
209 278 297
401 86 282
209 -106 281
17 86 277
273 -42 290
337 150 286
81 22 280
8 4 100
260 100 207
100 260 200
340 180 206
420 260 205
180 340 201
260 420 202
180 180 209
340 340 203
12 1 80
81 22 280
145 -42 302
17 86 277
273 214 312
337 150 286
209 -106 281
401 86 282
209 278 297
145 214 292
273 -42 290
81 150 329
337 22 323
60 50 7
24 24 100
-30 78 100
-24 24 100
-36 84 100
-6 90 100
36 84 100
-30 30 100
-60 84 100
-66 78 100
24 120 100
-6 138 100
-18 126 100
30 78 100
6 6 100
-48 48 100
-18 30 100
12 12 100
-54 54 100
48 48 100
-48 96 100
60 60 100
-12 36 100
-12 84 100
-24 72 100
30 114 100
-12 132 100
42 90 100
54 54 100
-24 120 100
-18 78 100
-12 108 100
0 0 100
18 18 100
66 66 100
12 132 100
12 36 100
-18 114 100
18 30 100
6 138 100
-6 42 100
-42 90 100
42 54 100
-42 42 100
-66 66 100
0 144 100
-6 102 100
24 72 100
42 102 100
30 66 100
6 42 100
-54 90 100
36 60 100
-36 36 100
-72 72 100
0 96 100
-60 60 100
0 48 100
18 126 100
36 108 100
48 96 100
6 6 10
124 104 100
100 100 100
108 108 100
108 92 105
116 96 105
116 112 103
41 5 12
140 160 100
170 100 100
220 300 100
100 100 100
110 210 100
200 100 100
220 100 100
150 230 100
130 100 100
280 300 100
190 100 100
150 170 100
110 100 100
140 240 100
140 300 100
140 100 100
100 300 100
120 180 100
210 100 100
160 300 100
240 300 100
120 220 100
180 200 100
170 190 100
110 190 100
160 220 100
240 100 100
260 300 100
180 300 100
180 100 100
160 100 100
120 300 100
130 230 100
200 300 100
230 100 100
160 180 100
130 170 100
120 100 100
100 200 100
150 100 100
170 210 100
8 8 10
108 108 101
100 100 100
92 124 105
116 116 102
100 132 104
92 108 107
84 116 106
108 124 103
12 12 10
68 116 104
100 100 100
116 116 104
84 100 100
76 108 102
100 132 108
108 108 102
108 124 106
92 92 98
92 140 110
84 132 108
76 124 106
10 3 12
130 100 110
170 100 110
120 100 100
100 100 100
180 100 100
160 100 100
190 100 110
140 100 100
150 100 110
110 100 110
41 8 12
280 300 100
110 100 100
240 300 100
100 300 100
130 230 100
220 100 100
120 220 100
210 100 100
100 200 100
200 100 100
110 210 100
140 300 100
150 170 100
100 100 100
180 200 100
160 180 100
240 100 100
130 100 100
180 300 100
150 230 100
230 100 100
140 240 100
160 300 100
260 300 100
110 190 100
170 100 100
220 300 100
120 300 100
140 160 100
120 100 100
130 170 100
120 180 100
140 100 100
150 100 100
180 100 100
170 210 100
160 100 100
200 300 100
170 190 100
190 100 100
160 220 100
8 6 100
180 180 209
180 340 201
260 420 202
100 260 200
340 340 203
260 100 207
340 180 206
420 260 205
200 200 100
5857 -2074 308
3217 3286 320
2097 2166 313
3777 3846 353
7617 -314 292
7777 326 333
7697 406 319
6417 1686 328
1137 -1034 332
97 6 296
1057 -954 288
1937 -1834 331
6817 1286 338
1377 1446 293
497 -394 326
337 -234 324
5697 2406 340
6657 1446 292
897 966 328
417 -314 339
6817 -1114 351
7297 806 340
6897 -1034 341
257 326 345
3537 3606 336
3137 -3034 354
2337 2406 311
7537 566 300
2257 2326 336
4497 3606 282
1457 -1354 338
337 406 296
3857 3926 289
6977 1126 340
177 -74 346
6177 -1754 281
6497 1606 329
4177 3926 321
4737 -3194 311
1137 1206 285
1217 1286 320
3297 -3194 335
2417 -2314 342
1537 -1434 335
3377 -3274 308
17 86 277
5297 2806 278
6257 -1674 339
7137 966 344
4817 -3114 324
1857 1926 305
7297 -634 320
6017 2086 280
657 726 354
7937 6 355
6017 -1914 315
6257 1846 308
7217 886 308
2577 2646 347
6497 -1434 356
3537 -3434 336
2497 -2394 295
3937 4006 346
1617 -1514 322
7697 -234 286
1217 -1114 285
7857 246 331
2897 -2794 351
7457 646 353
5217 2886 291
1617 1686 328
4017 4086 298
7057 -874 293
2977 3046 331
1057 1126 336
1377 -1274 332
4497 -3434 331
6657 -1274 282
6097 2006 331
4817 3286 295
897 -794 315
3297 3366 277
4577 -3354 292
5297 -2634 348
5137 2966 328
6737 -1194 278
257 -154 296
5377 -2554 322
7377 -554 322
2017 -1914 336
5057 3046 317
2737 2806 294
1297 1366 341
577 646 355
4337 3766 352
2657 -2554 284
3617 3686 320
4657 -3274 303
1937 2006 286
6177 1926 307
3937 -3834 316
2977 -2874 342
4577 3526 309
5537 2566 349
5217 -2714 310
6337 -1594 317
737 -634 341
7617 486 340
417 486 302
5617 2486 300
5937 -1994 296
3137 3206 341
1297 -1194 277
7777 -154 301
2417 2486 304
7457 -474 292
4897 -3034 335
4417 3686 282
1777 1846 277
5777 2326 301
2177 -2074 288
2257 -2154 282
3457 -3354 292
177 246 308
4017 -3914 284
5777 -2154 323
4337 -3594 286
7057 1046 322
3857 -3754 287
1537 1606 350
577 -474 323
5377 2726 316
1777 -1674 296
2577 -2474 329
657 -554 344
3697 3766 290
1697 -1594 298
2817 -2714 325
5057 -2874 280
7377 726 337
3777 -3674 298
2657 2726 335
3057 -2954 302
7217 -714 311
4177 -3754 292
5937 2166 342
5537 -2394 324
817 886 286
2017 2086 340
4417 -3514 287
6977 -954 297
4257 -3674 285
2737 -2634 295
4257 3846 298
6897 1206 298
3617 -3514 356
3377 3446 312
7537 -394 337
6577 -1354 286
4657 3446 323
6737 1366 303
7937 166 340
3697 -3594 352
1457 1526 301
5457 -2474 301
2097 -1994 343
5697 -2234 351
1857 -1754 352
2817 2886 318
97 166 313
5857 2246 336
4737 3366 293
3057 3126 316
2177 2246 317
5137 -2794 337
977 -874 300
737 806 313
4097 4006 292
4977 -2954 325
6417 -1514 349
977 1046 283
3217 -3114 286
4097 -3834 295
2337 -2234 296
6577 1526 311
1697 1766 300
6337 1766 295
4977 3126 322
5457 2646 297
497 566 314
817 -714 346
3457 3526 326
5617 -2314 323
2497 2566 353
7137 -794 293
2897 2966 312
8017 86 277
7857 -74 355
4897 3206 350
6097 -1834 346
10 3 10
132 132 100
124 124 108
148 148 100
100 100 100
108 108 108
116 116 100
140 140 108
164 164 100
156 156 108
172 172 108
100 100 32
1981 2064 2207
1397 1478 1599
1699 1773 1902
1129 1190 1358
899 967 1175
1181 1252 1398
1101 1171 1342
697 763 953
915 987 1191
804 863 1069
650 711 896
1072 1148 1325
179 249 434
111 190 360
560 614 802
1584 1657 1790
1238 1295 1445
1715 1793 1928
537 594 778
320 385 571
56 142 318
872 949 1159
632 692 876
990 1065 1256
2341 2441 2576
1207 1277 1422
463 519 719
2073 2163 2307
154 230 411
1878 1939 2094
1812 1870 2026
1962 2035 2181
1319 1383 1519
1634 1698 1833
1490 1577 1696
2098 2190 2331
1533 1624 1741
2279 2381 2507
1361 1438 1560
493 535 737
1922 1982 2134
298 362 555
2034 2106 2257
442 498 703
37 117 297
757 810 1012
1896 1959 2117
1768 1829 1972
1261 1321 1466
1011 1087 1275
668 742 922
226 297 483
1344 1412 1544
2156 2275 2404
17 86 277
1445 1527 1644
2299 2397 2534
347 401 590
966 1035 1236
253 315 510
2054 2137 2279
1738 1813 1946
941 1004 1212
1656 1725 1850
195 277 459
610 662 845
414 477 676
86 171 338
1554 1640 1760
2249 2352 2491
2139 2244 2378
583 645 826
1834 1889 2057
2223 2327 2474
1788 1850 1998
2179 2291 2429
1418 1505 1617
1464 1548 1673
518 564 761
364 428 617
1861 1911 2078
2010 2081 2238
1288 1352 1493
1042 1117 1301
2316 2422 2556
281 337 536
138 214 387
2196 2310 2451
2123 2220 2359
1506 1601 1719
820 893 1099
844 918 1130
393 456 645
726 782 984
1945 2005 2155
1155 1221 1376
1680 1747 1873
780 841 1038
1379 1461 1580
1615 1676 1811
4 4 10
108 106 101
116 100 102
100 100 100
108 94 101
32 10 12
220 120 100
270 110 110
120 120 100
170 110 110
150 70 100
170 90 100
200 100 100
140 140 110
140 60 110
280 100 108
220 80 110
260 120 110
100 100 100
240 60 110
130 70 110
250 130 110
110 90 110
230 70 110
160 80 100
260 80 108
250 70 108
210 90 110
240 140 110
130 130 100
270 90 108
180 100 100
230 130 100
210 110 100
110 110 100
150 130 110
120 80 110
160 120 110
77 10 10
264 64 100
256 56 100
440 -240 100
360 0 100
416 -104 100
344 16 100
248 -32 100
352 8 100
232 32 100
216 16 100
416 -184 100
296 16 100
440 -160 100
400 -120 100
280 -80 100
376 -96 100
480 -120 100
264 -64 100
456 -144 100
320 -120 100
288 8 100
320 40 100
440 -80 100
504 -144 100
408 -208 100
432 -88 100
424 -176 100
328 32 100
520 -160 100
376 -64 100
400 -200 100
432 -72 100
416 -56 100
312 32 100
392 -112 100
256 -24 100
408 -48 100
200 0 100
432 -232 100
368 -72 100
408 -112 100
464 -136 100
336 24 100
224 24 100
496 -136 100
336 -104 100
416 -216 100
240 40 100
448 -152 100
272 72 100
512 -152 100
472 -128 100
272 -8 100
328 -112 100
208 8 100
240 -40 100
392 -48 100
280 0 100
304 24 100
344 -96 100
424 -64 100
256 -56 100
400 -40 100
248 48 100
384 -56 100
280 80 100
248 -48 100
424 -224 100
264 -16 100
384 -104 100
272 -72 100
360 -80 100
424 -96 100
352 -88 100
432 -168 100
488 -128 100
408 -192 100
100 2 32
1042 1117 1301
2034 2106 2257
610 662 845
86 171 338
2341 2441 2576
1715 1793 1928
1699 1773 1902
1878 1939 2094
1788 1850 1998
1181 1252 1398
2123 2220 2359
1922 1982 2134
2139 2244 2378
1945 2005 2155
1101 1171 1342
668 742 922
560 614 802
1768 1829 1972
697 763 953
1981 2064 2207
281 337 536
37 117 297
1812 1870 2026
1207 1277 1422
2279 2381 2507
1834 1889 2057
2098 2190 2331
1896 1959 2117
804 863 1069
393 456 645
2196 2310 2451
915 987 1191
1418 1505 1617
56 142 318
1962 2035 2181
111 190 360
1656 1725 1850
298 362 555
650 711 896
2249 2352 2491
2316 2422 2556
2073 2163 2307
1155 1221 1376
2054 2137 2279
414 477 676
1506 1601 1719
493 535 737
518 564 761
1319 1383 1519
2156 2275 2404
1261 1321 1466
179 249 434
1238 1295 1445
1397 1478 1599
844 918 1130
195 277 459
1533 1624 1741
442 498 703
726 782 984
1861 1911 2078
1288 1352 1493
780 841 1038
1464 1548 1673
1129 1190 1358
17 86 277
154 230 411
2223 2327 2474
1584 1657 1790
463 519 719
1361 1438 1560
757 810 1012
347 401 590
537 594 778
1011 1087 1275
253 315 510
1490 1577 1696
2179 2291 2429
583 645 826
1379 1461 1580
364 428 617
1554 1640 1760
1680 1747 1873
1738 1813 1946
966 1035 1236
820 893 1099
1615 1676 1811
2299 2397 2534
941 1004 1212
990 1065 1256
320 385 571
1634 1698 1833
2010 2081 2238
226 297 483
1072 1148 1325
899 967 1175
1445 1527 1644
138 214 387
1344 1412 1544
872 949 1159
632 692 876
5 1 20
33 97 295
70 129 328
17 86 277
89 140 344
52 112 312
20 20 3
35 84 278
21 90 278
27 96 278
29 78 277
23 80 277
33 82 277
17 86 277
21 82 277
31 92 277
25 94 278
23 92 277
33 90 278
35 88 277
25 78 277
19 88 277
31 80 278
27 76 278
19 84 278
37 86 278
29 94 278
10 5 8
10 10 10
30 30 30
40 40 40
25 25 25
50 50 50
5 5 5
15 15 15
35 35 35
20 20 20
45 45 45
9 3 10
160 60 160
138 78 138
130 80 130
116 116 116
168 48 168
176 56 176
146 86 146
100 100 100
108 108 108
8 5 100
180 340 201
100 260 200
340 180 206
260 100 207
340 340 203
260 420 202
180 180 209
420 260 205
10 4 12
130 100 110
150 100 100
110 100 110
190 100 110
180 100 100
120 100 100
140 100 100
100 100 100
170 100 100
160 100 100
3 3 10
17 86 277
32 97 292
23 92 285
80 4 10
3308 414 420
3908 474 480
2900 380 380
3308 426 420
2500 340 340
1308 226 220
3516 440 440
1716 260 260
2100 300 300
708 154 160
1300 220 220
308 114 120
1308 214 220
3316 420 420
708 166 160
1908 286 280
3916 480 480
2116 300 300
908 174 180
3716 460 460
2908 374 380
100 100 100
2108 306 300
300 120 120
3908 486 480
2308 326 320
108 94 100
2508 346 340
2908 386 380
1108 206 200
308 126 120
1100 200 200
108 106 100
2508 334 340
1508 246 240
1508 234 240
2300 320 320
2708 366 360
1516 240 240
1708 266 260
716 160 160
2308 314 320
1900 280 280
508 146 140
3100 400 400
1708 254 260
1116 200 200
508 134 140
2108 294 300
908 186 180
316 120 120
2716 360 360
1908 274 280
3500 440 440
3300 420 420
2316 320 320
2516 340 340
3900 480 480
2708 354 360
3108 394 400
1316 220 220
116 100 100
3116 400 400
1500 240 240
1916 280 280
3700 460 460
900 180 180
1700 260 260
3708 454 460
3508 446 440
3508 434 440
3108 406 400
2700 360 360
500 140 140
1108 194 200
916 180 180
516 140 140
3708 466 460
2916 380 380
700 160 160
6 5 10
124 104 100
108 108 100
116 112 103
108 92 105
116 96 105
100 100 100
6 4 10
108 92 105
116 96 105
100 100 100
116 112 103
108 108 100
124 104 100
4 4 10
100 100 100
116 100 100
108 94 100
108 106 100
252 200 7
18 210 232
-132 180 191
-126 174 192
24 312 273
-18 18 104
-72 216 209
36 36 115
-138 186 190
84 204 303
60 252 287
36 156 315
-84 132 171
-6 42 108
138 138 340
-42 102 148
0 192 229
-144 144 181
18 114 136
-48 192 213
-18 30 106
108 228 295
-66 66 160
-108 180 195
78 114 330
84 108 331
30 270 280
-108 228 203
-90 138 172
24 264 281
-144 192 189
-6 6 102
-30 78 152
18 222 234
96 240 293
-114 210 200
-18 270 258
-90 90 164
114 210 298
96 192 301
120 120 337
6 42 110
-156 180 187
30 174 312
108 204 299
-60 252 247
12 324 271
-150 150 182
-54 186 214
42 42 116
6 102 134
-42 54 156
-72 72 161
-48 288 253
-6 330 268
-12 180 227
30 258 282
-48 48 157
-12 12 103
78 258 290
-6 294 262
-36 156 223
6 90 132
-54 198 212
12 132 139
72 264 289
0 48 109
24 72 129
-66 210 210
54 198 308
0 288 261
72 168 321
-78 114 168
102 234 294
-84 228 207
-18 306 264
138 186 348
6 234 236
90 246 292
-48 144 221
78 126 328
-6 138 142
30 306 274
-12 300 263
-78 126 170
-78 222 208
66 258 288
138 150 342
126 174 346
0 336 269
-42 282 254
48 144 317
-102 198 198
66 66 120
66 210 306
-12 276 259
-162 174 186
30 162 314
54 150 318
-114 222 202
114 222 296
-150 186 188
-60 204 211
18 318 272
48 288 277
-162 162 184
-42 90 150
30 30 114
-54 54 158
12 228 235
144 192 349
-66 162 218
-72 120 169
42 294 276
0 240 237
12 204 231
-84 84 163
12 108 135
-36 228 243
-126 126 178
-42 234 244
126 126 338
162 174 352
18 126 138
12 84 131
-24 72 153
48 96 125
132 180 347
-102 186 196
-168 168 185
24 24 113
-30 114 146
96 96 333
84 156 323
42 186 310
126 162 344
90 198 302
-36 84 151
-12 228 239
36 252 283
42 90 126
-90 234 206
72 216 305
144 144 341
-24 264 257
132 132 339
-6 282 260
84 252 291
-120 216 201
156 180 351
132 156 343
36 84 127
-18 318 266
36 276 279
-102 234 204
0 144 141
54 90 124
6 198 230
48 192 309
48 48 117
-36 108 147
42 282 278
0 96 133
90 138 326
-12 132 143
-132 132 179
-66 270 250
60 84 123
-48 240 245
-120 168 193
-72 264 249
-54 150 220
-36 276 255
36 180 311
-156 156 183
-96 240 205
150 186 350
-24 168 225
36 300 275
-30 270 256
102 198 300
24 120 137
72 120 329
120 168 345
84 132 327
-66 174 216
6 330 270
42 246 284
54 54 118
-84 108 167
-60 60 159
-24 216 241
-12 36 107
120 216 297
-114 126 176
-18 174 226
-30 162 224
-120 120 177
24 168 313
-114 174 194
96 144 325
78 210 304
-18 222 240
54 246 286
102 102 334
-90 102 166
-78 78 162
-36 60 155
-96 192 197
-30 222 242
-108 204 199
-60 180 215
-96 144 173
-6 234 238
72 72 121
66 78 122
78 162 322
-54 246 246
6 138 140
0 0 101
-12 324 267
-30 66 154
-6 186 228
60 60 119
-138 138 180
-102 138 174
-24 312 265
18 30 112
-66 258 248
-24 24 105
-48 96 149
-96 96 165
-18 126 144
60 204 307
48 240 285
-54 282 252
24 216 233
60 156 319
-24 120 145
12 36 111
-60 156 219
-42 150 222
108 108 335
42 150 316
-60 276 251
90 150 324
30 78 128
90 102 332
114 114 336
66 162 320
-108 132 175
18 78 130
-72 168 217
8 1 100
40000000 -40000000 -40000000
-40000000 -40000000 40000000
-40000000 40000000 40000000
40000000 -40000000 40000000
40000000 40000000 -40000000
-40000000 40000000 -40000000
-40000000 -40000000 -40000000
40000000 40000000 40000000
12 11 80
145 -42 302
81 22 280
273 214 312
145 214 292
209 -106 281
337 150 286
401 86 282
17 86 277
273 -42 290
81 150 329
209 278 297
337 22 323
1 1 100
100 100 100
200 199 100
7857 246 331
7617 486 340
3457 -3354 292
3777 -3674 298
1057 1126 336
2977 3046 331
7697 -234 286
5777 2326 301
6977 1126 340
3217 3286 320
2817 -2714 325
1857 -1754 352
6977 -954 297
817 886 286
2817 2886 318
817 -714 346
3057 3126 316
6017 2086 280
1617 1686 328
4657 -3274 303
2337 2406 311
4097 -3834 295
1137 -1034 332
7777 -154 301
4337 3766 352
5217 -2714 310
5777 -2154 323
4737 -3194 311
2497 2566 353
1457 1526 301
3297 3366 277
3937 -3834 316
2417 -2314 342
1537 -1434 335
4097 4006 292
1297 -1194 277
4417 -3514 287
2097 -1994 343
97 6 296
7777 326 333
7697 406 319
3777 3846 353
977 -874 300
177 -74 346
3377 -3274 308
1297 1366 341
7537 566 300
4417 3686 282
3937 4006 346
1697 -1594 298
3137 3206 341
1057 -954 288
657 726 354
7937 6 355
5537 2566 349
2257 2326 336
7217 886 308
497 -394 326
5457 -2474 301
3137 -3034 354
2737 -2634 295
1377 -1274 332
1937 2006 286
2337 -2234 296
2897 -2794 351
657 -554 344
2977 -2874 342
3537 3606 336
2097 2166 313
3697 3766 290
2577 2646 347
5617 2486 300
6257 1846 308
6417 -1514 349
2577 -2474 329
417 486 302
1137 1206 285
7377 -554 322
6897 1206 298
7617 -314 292
897 -794 315
4177 -3754 292
6577 1526 311
1777 -1674 296
337 406 296
3857 3926 289
2897 2966 312
6497 -1434 356
5297 -2634 348
7457 -474 292
257 -154 296
4897 -3034 335
4337 -3594 286
5137 2966 328
3297 -3194 335
7137 -794 293
4017 -3914 284
1537 1606 350
6657 -1274 282
2497 -2394 295
1217 -1114 285
1617 -1514 322
5697 2406 340
897 966 328
4817 -3114 324
3217 -3114 286
1777 1846 277
177 246 308
6577 -1354 286
7297 -634 320
7857 -74 355
3377 3446 312
1457 -1354 338
2177 -2074 288
4737 3366 293
6337 -1594 317
1377 1446 293
2017 2086 340
2657 2726 335
3537 -3434 336
5857 -2074 308
4497 -3434 331
2017 -1914 336
97 166 313
7937 166 340
6897 -1034 341
257 326 345
6177 -1754 281
977 1046 283
4977 -2954 325
7537 -394 337
6417 1686 328
4017 4086 298
577 -474 323
6737 -1194 278
7297 806 340
5057 3046 317
2657 -2554 284
5937 2166 342
5137 -2794 337
2177 2246 317
6337 1766 295
4657 3446 323
3857 -3754 287
6097 -1834 346
6657 1446 292
4577 3526 309
6017 -1914 315
6177 1926 307
1697 1766 300
3457 3526 326
737 806 313
4577 -3354 292
5617 -2314 323
4497 3606 282
1857 1926 305
4817 3286 295
6737 1366 303
4977 3126 322
8017 86 277
2257 -2154 282
7057 1046 322
4257 -3674 285
6817 -1114 351
7137 966 344
337 -234 324
5297 2806 278
7057 -874 293
5537 -2394 324
4257 3846 298
737 -634 341
2417 2486 304
5937 -1994 296
5857 2246 336
6817 1286 338
2737 2806 294
3697 -3594 352
5377 -2554 322
3617 3686 320
7377 726 337
497 566 314
5457 2646 297
3617 -3514 356
6497 1606 329
7457 646 353
4177 3926 321
5057 -2874 280
5377 2726 316
3057 -2954 302
1217 1286 320
7217 -714 311
5697 -2234 351
6097 2006 331
5217 2886 291
1937 -1834 331
4897 3206 350
417 -314 339
17 86 277
6257 -1674 339
577 646 355
8 7 100
260 420 202
260 100 207
180 340 201
180 180 209
100 260 200
420 260 205
340 340 203
340 180 206
3 2 10
32 97 292
17 86 277
23 92 285
4 4 10
108 106 100
116 100 100
100 100 100
108 94 100
10 10 10
108 100 100
60 100 100
68 100 100
132 100 100
100 100 100
124 100 100
92 100 100
84 100 100
116 100 100
76 100 100
20 20 10
92 116 100
116 100 100
100 100 100
92 132 100
108 148 100
132 148 100
116 148 100
140 132 100
108 100 100
92 108 100
100 148 100
92 140 100
132 100 100
140 124 100
124 100 100
140 116 100
124 148 100
140 108 100
140 140 100
92 124 100
3 1 10
17 86 277
32 97 292
23 92 285
1001 3 12
280 200 220
220 180 180
240 220 200
100 260 240
140 200 180
280 280 180
120 100 120
160 160 160
100 160 240
280 180 120
220 220 100
220 240 220
200 260 120
100 120 200
180 140 180
120 220 260
160 120 140
120 160 160
140 180 200
260 280 280
100 160 160
260 160 260
180 100 220
100 280 100
160 220 220
140 220 180
160 200 200
140 120 120
160 160 280
240 200 240
100 220 260
100 260 120
100 260 140
240 240 160
120 200 140
280 240 120
160 240 260
120 100 260
120 160 120
180 220 200
140 120 140
140 240 140
160 200 120
160 220 240
100 180 120
280 260 120
100 260 160
140 260 220
200 260 220
160 260 100
140 200 120
280 160 100
240 140 180
260 180 180
160 280 120
280 100 240
220 160 140
280 140 100
200 220 160
220 260 260
160 220 160
280 280 280
180 120 280
180 260 100
260 260 200
160 100 160
240 160 220
140 220 240
140 240 180
120 280 260
100 140 100
220 240 100
280 120 100
120 200 240
140 140 280
280 280 200
280 260 220
220 280 280
280 220 100
200 180 120
140 200 280
160 100 100
120 220 240
200 100 260
140 280 240
100 200 160
260 220 260
220 260 180
160 100 120
280 200 240
260 120 140
100 260 220
160 120 180
240 180 260
160 160 140
240 160 160
260 100 220
280 220 140
120 120 180
220 220 280
160 140 120
140 280 220
120 260 180
120 180 200
200 220 240
100 140 140
260 240 120
140 160 140
220 280 140
100 240 140
110 100 100
200 280 140
160 260 160
160 100 140
280 280 160
220 240 240
120 240 120
140 200 240
160 120 260
220 200 220
100 240 240
240 180 240
280 100 220
280 260 280
160 280 160
200 260 140
200 220 220
240 220 220
100 280 160
120 240 260
140 240 200
120 220 180
160 240 280
180 280 220
120 180 180
240 100 220
280 240 240
160 280 240
180 260 120
100 220 120
100 220 240
160 180 260
180 140 240
120 200 200
180 180 260
140 100 100
180 140 220
220 220 220
240 280 180
240 100 280
220 120 240
180 280 100
200 160 140
240 240 200
100 160 260
260 100 140
240 260 240
100 240 100
100 100 260
280 120 160
140 220 160
200 120 220
280 200 200
160 240 240
160 160 200
180 280 200
160 180 280
220 180 120
280 240 220
140 260 200
220 180 140
160 140 220
200 180 260
220 160 180
260 180 240
260 140 180
180 200 260
200 120 100
180 280 160
280 120 220
200 220 120
200 240 240
280 260 100
280 240 200
240 120 180
200 180 280
220 180 160
180 140 100
120 260 120
180 240 240
180 240 160
140 280 200
280 140 280
220 240 260
140 140 240
200 180 140
180 160 140
200 220 100
240 100 200
160 100 240
260 220 280
140 100 240
260 240 240
280 100 100
120 160 200
240 100 140
160 220 260
180 140 120
160 120 160
280 160 280
140 180 140
200 140 120
100 160 180
100 280 220
240 100 120
260 260 240
220 100 160
260 140 260
200 100 160
120 120 260
160 240 160
140 260 280
200 260 260
220 140 220
120 120 120
140 180 220
220 140 240
240 200 220
120 120 240
120 200 260
220 100 100
260 100 180
240 260 220
220 280 220
200 200 180
200 280 160
120 180 260
140 280 100
220 160 160
100 140 180
140 220 280
260 140 120
120 180 280
140 100 180
100 180 140
240 280 220
260 220 140
180 240 260
160 180 200
180 260 140
220 160 280
280 140 140
200 180 220
160 240 140
240 280 260
160 240 100
260 180 280
240 160 240
160 180 100
180 160 100
180 120 100
140 260 140
200 180 180
260 180 200
260 200 260
260 100 280
280 220 220
120 280 200
220 160 240
160 200 280
260 120 240
160 240 180
220 240 280
160 120 240
200 200 280
140 220 140
180 240 180
200 240 120
200 180 100
240 200 200
180 200 140
100 260 260
120 200 280
260 160 220
240 180 280
260 220 120
240 260 260
280 120 240
120 280 160
260 140 100
100 120 220
260 160 100
140 120 160
100 180 200
180 200 220
180 260 240
120 260 160
120 240 280
180 180 180
120 260 200
220 200 100
140 160 100
260 240 280
120 280 240
280 200 280
140 100 200
280 160 160
120 280 280
220 260 100
200 160 220
180 240 100
120 220 120
240 200 140
220 200 160
240 220 100
100 240 280
200 240 160
120 260 240
200 160 180
100 260 100
220 260 160
160 120 280
280 260 240
220 200 120
120 120 280
220 140 160
100 120 100
220 100 220
220 220 260
140 200 100
240 140 220
200 200 100
180 260 160
100 200 180
180 180 120
140 160 180
140 140 220
160 260 260
160 140 180
260 100 160
260 160 160
220 180 200
180 280 120
240 280 280
120 280 220
120 160 220
120 100 240
160 120 100
240 240 140
240 180 100
160 100 220
200 120 240
280 220 120
240 240 280
200 140 260
120 220 100
180 240 220
240 180 160
160 220 140
200 200 220
220 220 180
160 260 180
280 220 280
180 200 120
120 160 180
140 260 240
280 240 260
100 120 160
240 180 220
160 140 200
160 280 280
280 100 140
160 180 140
260 280 220
220 200 180
220 140 140
200 220 180
280 180 180
260 200 120
160 180 120
240 120 280
280 160 180
180 100 180
200 220 260
120 160 260
180 200 280
100 140 260
140 260 260
140 200 200
280 280 120
120 240 160
220 120 120
200 180 200
140 240 120
120 280 180
120 140 280
260 240 180
140 280 260
100 100 280
260 260 180
120 220 200
100 100 140
200 220 140
260 260 260
140 160 200
240 180 120
180 100 160
120 100 220
180 240 280
100 280 180
280 120 280
280 200 140
260 200 280
180 220 180
120 280 100
160 140 160
140 260 180
260 200 200
100 220 200
140 160 160
160 260 280
240 120 200
200 100 180
140 140 160
260 220 180
120 240 200
180 100 120
280 180 240
120 180 140
100 120 140
240 140 260
180 160 220
100 100 200
200 200 160
160 260 140
280 100 260
140 160 260
120 240 240
260 120 260
160 220 200
240 100 260
280 180 160
140 240 240
200 140 280
280 160 200
140 200 260
120 260 280
200 120 280
280 140 220
220 160 260
220 140 180
120 120 140
260 220 220
120 100 100
240 280 200
140 140 120
200 280 120
100 220 280
180 220 100
160 100 200
280 180 220
140 220 260
160 280 140
100 220 180
180 160 180
120 260 140
140 120 200
140 160 240
180 120 140
100 160 200
220 220 160
200 280 200
180 140 200
140 140 100
260 160 240
180 140 280
140 280 280
140 180 260
280 120 120
140 100 220
160 240 220
100 100 160
100 280 260
140 120 180
260 240 220
180 100 140
180 200 240
180 120 260
200 120 160
100 200 240
260 220 160
220 200 260
140 100 260
180 160 160
100 140 280
220 180 280
100 180 260
100 280 120
240 140 200
200 220 200
240 120 140
100 180 240
120 160 240
200 140 240
100 180 280
240 200 100
240 120 120
260 280 100
260 100 200
200 260 160
160 160 260
200 120 260
220 220 120
200 240 280
200 240 260
180 260 220
260 120 120
280 200 160
140 200 140
200 160 120
140 100 120
260 140 240
280 120 140
220 160 200
200 200 200
120 220 220
180 220 120
100 220 160
160 260 120
140 120 240
220 280 160
100 220 220
200 260 240
120 260 220
160 200 100
260 280 260
180 280 260
180 280 280
200 240 220
200 200 260
200 160 240
240 100 160
180 180 200
180 240 140
200 280 240
160 100 280
240 240 240
180 240 200
240 160 260
120 100 200
200 200 240
260 200 220
140 240 280
160 260 200
160 200 220
140 200 160
120 280 120
220 160 100
100 240 260
220 140 200
240 140 120
240 200 120
260 160 180
280 100 180
160 140 240
240 160 120
200 120 140
200 140 100
140 260 160
100 140 220
200 140 200
200 200 120
100 120 240
260 120 160
240 260 140
280 120 260
160 200 160
240 160 140
280 160 240
280 260 160
220 120 260
120 180 240
160 280 260
240 120 240
120 240 180
240 240 220
200 260 200
200 120 180
200 100 220
280 220 180
100 140 240
200 280 260
180 180 140
100 140 200
220 200 240
200 260 100
140 220 200
240 140 100
280 140 120
140 120 100
240 140 160
180 220 240
100 180 180
140 240 100
240 280 120
240 180 140
180 140 140
180 100 100
100 240 220
220 140 260
120 260 260
260 220 240
260 180 120
160 140 100
240 260 100
220 280 260
120 180 120
100 200 220
220 280 200
100 260 200
180 120 240
180 260 200
220 280 100
100 100 240
200 280 180
280 160 220
280 280 260
100 100 220
260 240 140
220 100 120
200 280 220
260 260 220
280 280 100
120 240 140
100 280 200
280 280 140
260 240 160
100 120 180
120 100 180
280 240 100
120 220 280
260 120 100
140 180 180
260 240 260
200 140 220
180 120 180
180 280 180
240 120 100
220 240 140
180 200 160
140 140 140
280 140 160
240 120 160
260 160 200
140 260 120
280 220 240
200 260 180
140 140 180
160 220 120
260 200 160
260 280 160
260 280 180
160 200 240
240 100 240
200 180 240
140 180 280
160 220 100
100 220 100
160 140 260
140 160 220
180 160 260
180 100 200
260 200 100
160 160 240
140 240 220
260 140 200
280 120 180
240 240 120
100 200 120
140 180 240
280 160 140
180 140 160
120 240 220
140 100 160
260 140 140
240 100 100
100 100 180
240 180 180
180 180 160
100 160 140
220 200 140
140 140 200
240 240 180
220 260 240
120 120 160
260 160 120
280 140 180
120 260 100
180 260 180
260 180 260
180 260 260
280 200 100
180 200 200
140 240 160
220 280 180
140 100 280
260 280 120
100 180 220
200 240 140
140 160 280
140 180 120
240 220 180
100 140 160
260 200 180
100 240 200
220 100 280
160 140 140
160 240 200
280 260 260
120 100 280
200 240 180
280 180 260
140 280 140
120 140 160
120 220 140
200 200 140
100 160 100
220 140 100
140 200 220
220 120 160
120 120 100
180 180 280
240 280 240
180 280 240
160 220 280
160 180 160
160 260 240
260 260 280
160 100 260
280 140 260
140 180 100
160 260 220
120 180 100
220 240 120
240 220 240
160 160 180
260 260 100
100 100 100
160 100 180
100 260 180
160 180 180
220 240 180
220 100 260
280 240 180
220 180 100
220 160 120
240 120 220
220 120 180
240 100 180
240 200 260
180 180 240
240 220 260
280 180 100
260 180 140
160 280 180
140 280 160
220 240 160
180 200 180
240 180 200
260 220 100
260 180 160
200 160 280
280 200 120
160 140 280
240 120 260
280 180 140
220 180 240
200 260 280
280 260 180
100 200 260
100 240 120
100 200 200
120 220 160
100 180 160
100 280 240
200 160 100
120 120 200
220 220 140
120 100 140
260 280 200
220 100 200
260 200 140
240 160 100
280 220 260
180 100 260
180 220 280
120 200 100
260 180 220
240 220 120
200 120 120
120 160 280
260 260 120
100 200 140
220 140 120
160 180 220
220 200 200
280 200 180
120 100 160
240 160 180
160 180 240
140 120 260
260 140 280
260 280 140
260 100 260
220 240 200
280 220 200
140 220 100
200 100 120
200 220 280
180 260 280
180 120 200
260 160 140
220 220 240
280 220 160
240 280 100
100 200 280
280 280 240
240 160 200
240 220 140
120 140 220
200 100 200
260 100 100
100 120 260
180 180 100
180 160 120
160 280 200
280 140 200
280 100 160
260 100 120
140 260 100
180 140 260
240 240 100
120 140 260
220 180 220
260 140 160
280 180 200
140 280 180
220 140 280
160 280 100
240 160 280
260 120 200
220 160 220
160 120 200
160 160 120
180 100 280
240 260 180
260 100 240
280 240 280
140 100 140
260 180 100
200 280 280
180 220 160
200 180 160
280 240 160
240 200 180
160 280 220
240 260 120
220 260 120
100 160 280
120 200 120
120 180 220
200 280 100
280 160 260
140 220 220
100 260 280
240 140 240
140 240 260
120 140 100
200 160 260
220 200 280
220 100 140
180 120 220
200 100 240
180 200 100
100 160 120
120 140 120
120 140 140
180 220 220
120 240 100
180 160 280
220 280 120
180 240 120
100 280 280
120 140 180
280 260 140
140 160 120
220 260 220
220 280 240
240 240 260
240 280 160
140 180 160
260 240 200
180 280 140
120 200 180
160 200 260
140 220 120
240 260 200
120 160 140
180 160 240
100 160 220
240 140 280
160 200 140
260 260 140
160 200 180
260 120 220
200 120 200
120 200 220
180 120 120
240 220 160
220 100 180
100 200 100
220 120 140
160 220 180
180 160 200
120 120 220
240 280 140
120 200 160
160 120 120
240 140 140
280 160 120
220 260 280
220 120 280
180 220 260
100 240 160
260 260 160
180 120 160
100 180 100
220 180 260
120 140 200
260 120 180
260 280 240
160 160 220
120 280 140
240 260 160
220 100 240
120 140 240
220 120 100
200 160 160
280 100 200
200 160 200
260 140 220
260 240 100
200 240 200
160 120 220
180 180 220
120 160 100
220 120 220
280 120 200
280 260 200
220 260 200
120 180 160
260 160 280
140 280 120
280 240 140
200 140 180
100 220 140
280 180 280
240 200 160
280 280 220
220 260 140
160 240 120
140 140 260
200 140 140
180 220 140
200 240 100
100 120 280
140 120 280
280 140 240
100 120 120
100 240 180
240 200 280
280 100 280
100 280 140
260 200 240
280 100 120
220 220 200
200 100 280
160 160 100
180 100 240
200 100 140
200 100 100
240 220 280
140 120 220
100 140 120
260 220 200
200 140 160
240 260 280
100 100 120
260 120 280
220 120 200
280 200 260
200 2 100
4737 3366 293
817 -714 346
5057 3046 317
977 1046 283
4417 3686 282
7937 6 355
657 726 354
7377 -554 322
2177 -2074 288
5297 -2634 348
2977 -2874 342
6177 1926 307
5857 2246 336
3937 4006 346
3697 -3594 352
2177 2246 317
2737 2806 294
417 -314 339
5937 -1994 296
6337 -1594 317
977 -874 300
737 806 313
5937 2166 342
97 166 313
1297 1366 341
7297 806 340
5617 2486 300
1457 -1354 338
6897 1206 298
7857 -74 355
7057 1046 322
6337 1766 295
5697 -2234 351
4657 3446 323
7217 886 308
2417 -2314 342
5217 -2714 310
1617 1686 328
1217 1286 320
6977 -954 297
7297 -634 320
6817 -1114 351
7537 566 300
6657 -1274 282
4257 3846 298
417 486 302
1057 -954 288
7217 -714 311
1537 1606 350
7377 726 337
5217 2886 291
7137 -794 293
6097 -1834 346
4977 -2954 325
7777 -154 301
7697 406 319
17 86 277
3057 3126 316
3937 -3834 316
1137 -1034 332
7617 -314 292
4017 -3914 284
2817 2886 318
6257 -1674 339
4177 -3754 292
6417 -1514 349
2017 -1914 336
2897 -2794 351
5697 2406 340
4897 3206 350
2497 -2394 295
5137 -2794 337
257 -154 296
1857 -1754 352
1697 -1594 298
4257 -3674 285
1057 1126 336
2257 2326 336
2417 2486 304
4417 -3514 287
3297 -3194 335
257 326 345
3217 3286 320
2497 2566 353
3377 3446 312
6897 -1034 341
3377 -3274 308
1937 2006 286
2737 -2634 295
577 646 355
3457 3526 326
2257 -2154 282
1777 -1674 296
177 246 308
2657 2726 335
6417 1686 328
5057 -2874 280
3857 -3754 287
4177 3926 321
5617 -2314 323
4817 -3114 324
2097 2166 313
7777 326 333
1377 -1274 332
4497 3606 282
7057 -874 293
6497 1606 329
5377 2726 316
6497 -1434 356
577 -474 323
1777 1846 277
897 966 328
6257 1846 308
6097 2006 331
2017 2086 340
1857 1926 305
2577 -2474 329
5377 -2554 322
1457 1526 301
6577 1526 311
7137 966 344
817 886 286
3137 3206 341
4097 -3834 295
3057 -2954 302
4497 -3434 331
6977 1126 340
4337 -3594 286
1297 -1194 277
1617 -1514 322
7937 166 340
2897 2966 312
7617 486 340
177 -74 346
6737 -1194 278
657 -554 344
7457 646 353
4817 3286 295
6737 1366 303
3777 -3674 298
6577 -1354 286
6817 1286 338
2337 2406 311
4017 4086 298
4337 3766 352
1537 -1434 335
737 -634 341
5537 2566 349
5777 -2154 323
1137 1206 285
6657 1446 292
7537 -394 337
4737 -3194 311
7697 -234 286
97 6 296
337 -234 324
6017 -1914 315
2577 2646 347
2097 -1994 343
4977 3126 322
5457 -2474 301
337 406 296
6177 -1754 281
2977 3046 331
6017 2086 280
897 -794 315
3857 3926 289
1937 -1834 331
5297 2806 278
3617 -3514 356
1377 1446 293
2657 -2554 284
3457 -3354 292
5857 -2074 308
5457 2646 297
1217 -1114 285
3137 -3034 354
3537 -3434 336
3617 3686 320
5537 -2394 324
4577 3526 309
2817 -2714 325
7457 -474 292
497 566 314
1697 1766 300
4577 -3354 292
3697 3766 290
3297 3366 277
3537 3606 336
4657 -3274 303
497 -394 326
4897 -3034 335
4097 4006 292
7857 246 331
3777 3846 353
8017 86 277
3217 -3114 286
5137 2966 328
2337 -2234 296
5777 2326 301
8 8 100
340 180 206
420 260 205
180 180 209
340 340 203
260 420 202
180 340 201
100 260 200
260 100 207
16 10 12
100 100 100
130 130 100
170 90 108
120 80 110
110 110 100
140 140 110
180 100 108
150 130 110
130 70 110
170 110 110
150 70 108
160 80 108
140 60 110
110 90 110
120 120 100
160 120 110
5 5 20
70 129 328
33 97 295
52 112 312
89 140 344
17 86 277
20 19 25
279 387 556
265 367 540
249 346 520
362 462 622
220 304 483
34 102 294
340 440 601
234 326 507
323 422 585
132 204 393
73 146 329
203 289 460
171 249 423
50 124 308
150 228 409
17 86 277
187 266 440
301 400 569
95 166 352
119 187 372
3 1 3
19 88 279
21 90 281
17 86 277
10 6 12
170 100 110
110 100 110
180 100 100
160 100 100
190 100 110
100 100 100
130 100 110
150 100 105
120 100 104
140 100 106
0 0 0
