8112
71360
7168
70422
3440
367760
162560
60000
600
6336
1744
7030
94
864
7280
162560
1616
1168
9224
-1
111280
54
7040
208000
1078
3480
9384
52830
105216
6144
60000
3750
134
6336
1176
60000
4096
4676
3720
3720
2659360
1568
2304
1640
56810
14406
5324960
822
12160
7680
9378
565340
410368
213840
38400
13230
3032
2784
4208
6336
2384
4224
316480
10669760
1752
571148
1904
7736
5208
11008
2400
856
1704
1704
265200
2304
1690
1856
2544
2080
1856
53626
60000
377536
60000
10616080
367760
1136
1856
3480
7168
600
1824
111200
411040
7736
11680
66738
54
3880
