6 30
696 118
34 760
-880 819
-161 -734
-979 -387
761 -637
3 4 6.73
4 5 1.93
6 3 3.23
1 2 9.93
1 6 9.20
5 1 5.49
2 3 1.90
3 1 1.37
2 6 6.61
6 1 2.21
3 6 7.93
5 6 2.88
4 2 2.86
5 2 3.95
6 4 9.15
2 1 4.11
1 4 8.82
4 3 9.74
3 2 7.20
2 5 8.54
2 4 5.94
6 2 5.30
1 3 3.66
4 1 8.26
5 3 4.06
3 5 2.18
4 6 7.73
6 5 8.83
1 5 5.55
5 4 3.33
12 15
1 0
3 0
-2 1
-1 -2
0 3
-1 1
3 -3
3 -1
3 -2
-2 -1
1 1
-1 2
8 11 1.00
5 9 1.00
4 6 1.00
7 6 1.00
1 9 1.00
3 2 1.00
9 8 1.00
2 1 1.00
12 6 1.00
8 2 1.00
9 12 1.00
7 8 1.00
1 7 1.00
9 11 1.00
9 3 1.00
20 10
219 -4
225 -7
209 1
147 32
115 48
137 37
167 22
-77 144
27 92
63 74
257 -23
-51 131
-29 120
195 8
243 -16
97 57
-97 154
197 7
-11 111
125 43
10 7 2.16
13 3 1.05
6 10 9.17
13 2 5.82
5 2 6.28
8 3 9.84
19 8 1.84
9 12 7.92
16 4 1.36
16 8 1.88
20 20
949 -495
-931 -108
751 450
-723 -2
836 603
256 263
-813 676
-412 621
-286 811
101 -234
-273 385
-518 -327
470 558
137 796
774 -123
-244 646
500 61
-36 417
-969 -899
-244 -252
11 15 9.64
9 19 1.58
10 4 1.21
3 14 3.65
7 14 5.75
6 1 4.31
2 4 7.71
11 5 4.25
6 5 5.78
18 1 4.28
5 8 3.13
14 15 2.59
5 12 8.00
13 12 3.43
10 6 6.42
12 1 8.88
16 18 3.97
15 9 3.05
15 17 9.17
13 17 4.56
20 36
0 17
0 12
1000 1000
0 6
0 14
0 1
0 2
-1000 1000
0 18
0 4
0 5
0 8
0 10
0 11
0 9
0 15
0 3
0 7
0 16
0 13
19 3 1.00
9 3 1.00
16 3 1.00
5 3 1.00
18 3 1.00
9 8 1.00
1 3 1.00
20 3 1.00
12 8 1.00
13 8 1.00
13 3 1.00
10 8 1.00
2 3 1.00
20 8 1.00
14 8 1.00
14 3 1.00
17 3 1.00
19 8 1.00
7 8 1.00
11 8 1.00
16 8 1.00
10 3 1.00
18 8 1.00
6 3 1.00
12 3 1.00
2 8 1.00
5 8 1.00
11 3 1.00
17 8 1.00
15 3 1.00
6 8 1.00
7 3 1.00
4 3 1.00
1 8 1.00
15 8 1.00
4 8 1.00
20 40
997 1000
100 500
100 0
100 600
994 1000
999 1000
171 50
-71 50
995 1000
0 0
-71 550
0 600
993 1000
1000 1000
100 100
171 550
998 1000
0 100
0 500
996 1000
1 9 10.00
17 14 10.00
20 6 10.00
14 5 10.00
1 14 10.00
17 1 10.00
17 20 10.00
14 17 10.00
20 14 10.00
6 20 10.00
1 5 10.00
17 9 10.00
14 20 10.00
3 7 1.00
6 5 10.00
1 6 10.00
14 1 10.00
6 1 10.00
6 13 10.00
2 16 1.00
1 13 10.00
14 9 10.00
6 14 10.00
20 17 10.00
1 20 10.00
19 11 1.00
15 7 1.00
18 8 1.00
17 6 10.00
10 8 1.00
1 17 10.00
12 11 1.00
20 1 10.00
6 9 10.00
14 6 10.00
17 5 10.00
4 16 1.00
6 17 10.00
17 13 10.00
14 13 10.00
20 31
137 139
45 103
17 39
77 89
63 57
81 11
59 135
-15 53
109 75
31 71
27 149
123 107
105 153
13 117
91 121
49 25
41 181
95 43
73 167
-1 85
10 2 5.66
14 11 4.05
11 17 1.14
5 18 9.97
8 20 7.69
11 7 5.19
6 18 8.50
2 7 6.67
3 10 2.78
18 9 4.05
20 10 9.97
14 2 9.37
7 19 9.84
16 6 8.33
20 14 2.16
7 15 7.38
19 13 2.00
2 4 6.60
9 12 7.87
8 3 3.71
4 15 8.24
4 9 2.93
16 5 5.80
15 13 2.47
13 1 3.93
17 19 1.20
10 5 1.91
5 4 4.03
3 16 3.94
12 1 6.66
15 12 5.53
20 40
567 623
883 519
125 87
-550 -106
679 -458
-641 -363
-810 -288
39 887
-96 827
824 -894
750 -29
736 -131
400 -59
-878 416
944 994
-695 -408
263 299
-347 -259
947 -709
-126 860
16 13 6.31
3 13 3.59
10 18 2.64
20 9 2.74
11 14 3.73
18 13 6.33
11 3 8.82
7 12 2.15
5 4 6.59
1 11 5.05
7 10 8.15
8 15 5.60
5 18 8.84
19 16 4.98
2 9 8.01
5 14 2.73
14 4 4.45
13 3 2.26
4 13 5.14
1 4 2.87
15 14 2.84
8 16 6.27
7 8 9.38
7 11 1.09
3 17 3.09
7 16 1.99
7 5 9.35
13 9 6.10
8 7 2.09
7 9 3.36
3 12 6.47
10 5 2.48
14 17 3.15
11 12 9.83
12 11 6.92
10 20 5.92
6 11 4.92
20 11 2.46
12 18 7.27
10 17 7.74
20 40
873 389
925 522
165 932
-269 83
-878 -89
929 -526
-211 403
561 -451
162 795
866 -373
-91 163
-653 -303
-455 618
608 -620
-492 -462
427 -932
-14 -309
-649 -12
-369 509
-753 103
16 10 3.44
11 6 5.88
13 17 6.02
7 8 1.03
3 12 8.65
16 1 4.98
7 15 5.26
20 18 2.30
14 11 9.27
4 3 7.39
18 9 7.94
1 14 7.37
16 12 1.12
3 11 1.19
4 18 2.81
11 8 3.92
9 16 4.18
18 1 5.50
6 5 3.67
18 4 6.40
7 12 4.84
6 11 2.93
15 6 6.10
16 7 5.32
13 18 2.74
7 4 7.51
10 11 2.27
19 11 3.72
19 13 4.38
19 5 4.33
16 3 9.85
14 9 8.74
3 18 4.86
10 9 3.50
14 15 4.55
5 12 2.88
5 14 2.41
5 17 4.55
7 18 4.77
11 9 3.33
20 40
991 934
-917 -941
-969 -979
955 910
-930 -916
-993 -998
-990 -968
933 947
-1000 -987
-903 -998
-980 -967
-909 -925
-1000 -970
-908 -986
-972 -961
-962 -905
974 996
-964 -915
-918 -912
-906 -948
20 8 1.57
16 1 2.18
16 8 4.57
19 1 9.60
10 17 9.73
2 1 6.92
14 17 9.57
9 4 9.47
14 8 6.98
7 1 3.13
9 17 8.10
2 17 1.39
7 4 2.37
10 1 5.87
5 17 1.35
12 8 8.74
5 8 7.07
15 4 7.66
15 1 6.57
9 1 9.94
11 8 9.42
15 8 3.91
18 17 7.86
9 8 2.64
13 17 5.24
6 4 9.31
19 17 5.79
6 17 4.63
13 8 7.99
20 4 1.20
14 1 1.38
16 4 3.60
16 17 4.33
11 4 2.94
11 17 5.54
10 4 5.94
18 8 3.10
20 1 5.38
18 1 3.84
20 17 2.02
20 34
-69 -65
-139 -65
-277 -65
-85 -65
-27 -65
-241 -65
-287 -65
-83 -65
-163 -65
-51 -65
-127 -65
-205 -65
-99 -65
-293 -65
-81 -65
5 -65
-119 -65
-279 -65
-41 -65
-223 -65
14 18 9.18
10 5 5.63
5 16 5.60
1 7 8.16
13 7 8.44
5 15 9.29
8 1 9.22
18 13 4.22
6 1 5.73
1 8 3.01
19 8 9.51
1 4 1.03
5 13 7.50
14 5 1.35
16 2 7.34
7 18 4.14
18 5 4.75
19 5 6.10
8 4 7.29
2 17 1.52
15 3 2.51
15 6 5.69
16 15 4.94
11 16 2.07
7 6 2.93
1 9 9.05
6 7 4.73
15 14 3.62
15 10 9.78
17 8 3.04
12 9 9.03
11 7 2.92
3 8 5.70
4 1 5.88
20 10
-723 865
-663 -393
-714 107
-328 -409
-509 -699
642 632
817 795
311 554
1000 1000
-51 511
-303 505
-1000 -1000
547 314
-521 -958
-116 -296
-594 327
-603 668
-855 -267
605 84
79 619
13 19 1.02
11 10 1.06
16 3 1.05
17 1 1.00
4 15 1.03
6 7 1.01
12 9 1.00
8 20 1.01
5 14 1.06
2 18 1.00
4 4
-1000 -1000
1000 1000
1000 -1000
-1000 1000
2 1 1.00
4 3 1.00
1 2 1.00
3 4 1.00
18 27
246 359
214 163
182 -33
442 327
312 147
458 425
280 -49
410 131
296 49
394 33
344 343
328 245
426 229
262 457
198 65
230 261
360 441
378 -65
1 11 1.40
2 5 1.10
4 6 1.78
18 10 3.73
13 4 6.66
12 11 7.81
15 2 7.20
5 8 5.42
15 9 7.21
3 7 8.15
11 17 9.20
9 5 8.76
14 17 9.64
3 15 6.57
17 6 4.90
12 13 9.07
8 13 5.09
5 12 6.23
2 16 1.86
16 1 4.18
11 4 4.75
10 8 6.04
16 12 2.83
1 14 8.81
9 10 9.76
7 18 6.14
7 9 2.22
20 40
-510 -399
845 31
-227 -683
990 -984
7 599
-722 -708
-683 -894
409 -413
-270 -289
-51 834
802 685
504 -253
120 893
-829 262
-673 -520
-400 727
525 844
-988 755
370 -542
-13 579
5 11 7.82
14 3 1.36
4 16 8.12
16 3 3.11
3 13 7.19
10 5 2.37
19 16 2.15
9 18 6.83
3 14 5.92
12 4 5.17
8 20 5.68
2 1 3.30
9 10 9.73
10 6 2.52
18 4 9.28
3 1 6.36
17 14 4.52
20 17 1.13
13 9 5.87
13 15 9.81
5 7 1.33
16 7 6.58
12 3 3.45
16 17 8.37
6 2 6.93
18 19 5.95
2 13 2.99
18 15 5.72
10 3 3.25
17 16 1.17
15 3 5.26
1 11 6.65
9 4 7.08
16 15 7.53
5 9 5.12
3 19 8.50
4 15 3.37
6 8 9.25
20 13 9.48
16 4 5.62
20 40
-911 -1000
-978 -936
950 934
931 902
929 923
-930 -916
-977 -944
-938 -911
-993 -990
-954 -978
-923 -966
-1000 -937
-933 -978
-984 -911
-975 -947
-909 -924
934 953
-949 -978
-981 -950
-1000 -959
6 17 8.99
7 3 5.00
10 4 3.15
18 5 4.38
16 3 5.86
9 3 3.37
11 5 2.49
11 4 4.57
13 3 5.76
6 3 3.45
15 5 3.06
10 17 6.57
2 4 6.44
10 3 8.46
6 4 3.78
11 17 1.91
8 17 7.93
19 4 8.12
18 3 9.63
19 17 8.58
8 5 2.80
9 4 5.13
9 17 7.57
14 5 1.19
19 3 6.25
15 4 5.35
19 5 6.39
1 4 1.06
18 17 5.74
16 17 6.12
12 5 6.48
1 3 3.30
13 5 5.20
8 4 3.92
2 3 7.14
15 17 1.33
12 3 2.05
14 3 6.58
9 5 3.09
16 4 9.59
20 37
521 79
21 79
236 79
-319 79
441 79
-149 79
471 79
-119 79
-54 79
381 79
81 79
251 79
161 79
221 79
-394 79
36 79
-364 79
386 79
516 79
-49 79
12 3 6.47
14 16 7.77
4 13 7.15
17 14 7.92
19 18 2.82
15 7 5.75
2 11 1.83
17 16 7.41
10 14 3.95
3 11 3.57
11 8 6.42
19 7 9.50
18 13 9.59
4 3 5.15
10 11 6.99
5 20 8.79
20 17 2.14
20 2 4.31
2 8 1.07
10 15 7.11
20 4 4.07
12 20 2.40
19 6 3.48
7 16 8.58
5 11 5.02
15 8 8.77
18 8 9.44
8 1 7.56
14 20 2.43
11 10 4.60
16 11 2.74
18 10 6.79
18 1 4.01
7 12 3.35
5 10 9.34
10 13 7.08
3 13 5.16
7 15
0 -2
1 3
3 1
12 5
2 2
0 0
1 -2
3 1 3.24
4 5 1.06
2 1 2.59
4 6 2.11
3 5 1.06
4 3 2.01
6 2 2.40
3 4 2.32
5 3 1.24
3 6 1.30
2 3 1.00
5 2 3.28
6 5 1.21
2 5 2.78
3 7 2.61
20 40
-755 -791
308 651
-892 -273
576 -819
-884 362
-337 -514
-184 -20
379 537
568 887
968 -336
-181 754
930 -423
-740 -307
980 244
-30 -710
353 817
-75 315
-196 -84
195 -233
-926 -406
8 13 7.28
17 11 5.45
7 9 2.67
12 8 2.90
9 13 2.17
17 13 8.57
13 6 1.06
4 6 9.47
2 16 9.29
16 17 5.03
8 11 9.57
13 7 2.35
3 14 5.23
19 14 2.39
1 15 4.78
5 12 6.95
18 8 7.41
11 10 3.73
6 7 6.73
15 14 6.38
20 3 7.64
4 7 5.23
2 20 5.54
19 6 1.12
13 18 8.75
5 1 7.67
1 4 4.90
17 19 1.26
19 1 5.60
20 19 3.94
17 7 4.41
4 10 4.72
10 3 5.22
5 7 8.38
1 13 6.12
4 13 6.26
9 10 3.74
17 1 2.79
4 2 9.60
6 19 4.06
20 28
263 -72
423 -72
408 -72
328 -72
28 -72
-182 -72
-372 -72
398 -72
123 -72
-17 -72
158 -72
58 -72
193 -72
-127 -72
-152 -72
503 -72
303 -72
-357 -72
458 -72
-417 -72
12 6 7.17
17 16 8.03
10 18 7.40
1 5 5.78
10 1 1.65
7 10 8.69
7 17 9.35
4 3 6.60
6 19 2.69
18 3 7.34
15 10 8.12
14 6 7.68
16 10 6.57
15 16 6.46
14 15 8.92
18 2 7.08
15 5 9.22
1 13 9.32
15 2 9.17
12 10 8.90
17 5 5.23
6 1 8.44
18 7 7.36
18 4 4.45
6 10 2.00
12 15 8.81
4 18 3.86
14 19 3.52
2 2
-388 455
450 439
2 1 6.30
1 2 2.76
20 28
-646 93
-471 148
-147 96
-241 28
2 -11
-228 109
-552 161
-309 122
-390 135
-565 80
-322 41
-403 54
-714 187
15 70
-79 2
-633 174
-66 83
-727 106
-160 15
-484 67
10 7 1.01
15 17 4.48
12 9 8.36
11 12 1.96
2 7 8.60
19 3 2.56
9 2 3.13
15 19 2.06
10 1 4.96
7 16 6.80
18 13 8.97
6 8 5.80
11 8 2.31
8 9 5.86
19 4 8.05
4 11 8.91
14 17 2.42
16 13 3.04
12 20 4.26
1 18 4.79
17 3 6.17
5 15 4.30
4 6 4.00
1 16 2.90
3 6 6.37
5 14 5.63
20 10 5.00
20 2 7.16
20 20
-698 500
16 -500
-31 -500
18 -1000
-691 -500
972 500
-958 -500
17 -1000
300 500
19 -1000
16 -1000
700 500
1 500
-310 -500
692 -500
-12 500
-302 500
-972 500
308 -500
995 -500
15 20 1.08
8 10 10.00
8 11 10.00
4 8 10.00
9 13 1.07
4 11 10.00
10 4 10.00
11 4 10.00
10 11 10.00
8 4 10.00
5 7 1.02
4 10 10.00
19 2 1.09
10 8 10.00
14 3 1.05
12 6 1.01
11 10 10.00
11 8 10.00
1 18 1.01
17 16 1.05
6 4
-221 486
-20 151
292 -369
184 -189
166 -159
-137 346
3 6 9.64
6 2 2.48
1 6 9.39
1 3 5.58
20 40
-943 -964
-984 -929
-922 -985
-985 -979
-996 -945
-985 -918
-937 -901
-983 -955
-989 -926
974 942
-983 -992
-909 -992
-961 -917
-982 -955
964 905
-931 -983
-953 -908
-932 -956
967 914
934 975
6 15 9.03
11 15 6.56
7 10 5.01
18 15 5.38
14 10 7.56
7 19 6.54
1 15 8.30
8 19 3.66
5 20 2.56
9 19 1.12
2 19 6.38
6 20 6.41
16 20 5.39
6 10 8.80
3 19 7.86
11 10 6.75
16 19 1.47
14 20 8.68
17 19 3.46
12 20 9.29
4 15 2.37
13 19 7.99
8 15 7.60
2 10 1.73
3 20 4.88
9 20 8.30
17 20 6.92
13 15 2.23
4 20 5.77
16 15 6.81
11 19 6.28
6 19 8.04
16 10 1.71
12 15 2.98
2 15 9.39
13 20 8.61
7 20 1.49
2 20 2.78
9 15 6.11
18 19 9.32
20 10
-506 -607
6 -425
-765 904
291 -96
441 -714
385 -297
-65 477
158 -990
-400 -920
-967 -91
276 612
-395 900
-382 319
776 73
957 796
696 -50
-941 -768
-783 834
752 174
190 -45
12 7 2.26
14 19 7.12
6 20 1.74
5 4 3.70
9 20 8.40
15 3 9.57
6 13 5.32
17 5 1.54
18 3 3.64
20 5 2.11
20 40
315 973
-10 256
283 162
-259 -687
932 -875
-31 76
-274 133
-209 -765
-696 971
190 918
505 515
-567 233
666 -563
331 -883
624 -723
-321 936
204 -305
42 822
503 -361
395 243
14 6 3.33
4 1 1.56
4 5 7.34
3 15 2.44
2 19 7.53
7 12 4.80
18 1 7.45
11 9 4.51
16 20 8.89
1 10 8.15
16 7 4.76
19 17 3.32
13 16 7.05
19 20 5.78
4 18 6.94
2 20 7.16
16 4 5.17
12 20 4.95
6 13 9.86
4 17 8.15
2 8 8.99
1 16 3.49
3 19 2.42
1 9 7.88
1 3 3.40
17 4 7.76
4 19 2.65
4 3 2.83
16 14 7.82
16 18 9.67
9 12 3.56
5 13 6.86
6 8 4.66
3 18 4.14
8 18 8.93
5 1 5.00
16 19 4.95
8 11 5.72
16 15 6.66
6 4 8.07
8 16
1 19
8 9
19 -23
-33 45
-117 81
-35 -38
-9 -4
18 6
4 2 1.27
2 3 1.29
4 5 1.18
6 4 1.22
3 5 1.21
4 8 1.18
4 7 1.03
8 3 1.01
7 3 1.28
3 8 1.26
1 6 1.16
1 8 1.10
4 6 1.18
7 6 1.25
1 5 1.26
5 3 1.02
20 37
-307 -500
14 -1000
1000 1000
-34 500
692 500
15 -1000
16 -1000
61 500
-64 -500
18 -1000
-989 500
-1000 -500
-303 500
-1000 -1000
19 -1000
308 500
17 -1000
-697 500
992 500
-693 -500
6 10 10.00
14 3 1.00
6 7 10.00
2 7 10.00
17 6 10.00
2 10 10.00
6 2 10.00
20 12 1.09
2 15 10.00
18 11 1.05
17 15 10.00
17 7 10.00
15 2 10.00
5 19 1.08
6 15 10.00
15 7 10.00
13 4 1.01
17 2 10.00
2 6 10.00
7 17 10.00
7 15 10.00
7 10 10.00
10 15 10.00
10 17 10.00
6 17 10.00
2 17 10.00
1 9 1.01
10 7 10.00
15 10 10.00
15 6 10.00
10 2 10.00
15 17 10.00
16 8 1.01
7 2 10.00
17 10 10.00
7 6 10.00
10 6 10.00
20 40
31 500
19 -1000
17 -1000
3 500
-303 -500
18 -1000
13 -1000
-985 -500
692 500
959 500
-964 500
-697 -500
12 -1000
-304 500
-28 -500
14 -1000
-696 500
16 -1000
15 -1000
308 500
13 3 10.00
19 7 10.00
16 13 10.00
20 1 1.03
18 19 10.00
7 16 10.00
7 13 10.00
9 10 1.00
16 7 10.00
7 18 10.00
16 18 10.00
5 15 1.02
17 11 1.03
19 16 10.00
19 2 10.00
19 13 10.00
13 6 10.00
18 16 10.00
16 3 10.00
7 6 10.00
18 6 10.00
7 2 10.00
7 3 10.00
13 2 10.00
19 3 10.00
16 6 10.00
13 18 10.00
13 16 10.00
19 6 10.00
14 4 1.10
18 13 10.00
19 18 10.00
16 2 10.00
12 8 1.04
13 7 10.00
7 19 10.00
16 19 10.00
18 7 10.00
13 19 10.00
18 3 10.00
20 31
-21 48
-116 48
35 48
-20 48
7 48
-117 48
12 48
-29 48
37 48
-95 48
-92 48
-15 48
42 48
69 48
56 48
-63 48
-46 48
-25 48
-101 48
22 48
5 4 9.39
10 17 3.71
16 3 3.12
8 18 8.76
6 4 8.23
15 16 7.80
19 14 6.94
3 8 7.69
2 1 3.06
20 19 2.93
17 10 5.10
6 18 4.36
18 8 2.52
19 1 1.07
12 20 9.51
20 14 7.87
2 19 5.84
2 8 5.71
9 4 3.80
11 14 8.96
9 20 9.66
7 9 2.97
18 7 6.84
4 2 6.18
3 5 4.78
15 3 2.45
10 6 7.54
10 20 5.09
16 20 7.32
10 14 7.20
6 17 6.32
20 40
-280 275
-24 19
68 -73
192 -197
-72 67
-320 315
-112 107
-96 91
-356 351
-204 199
-16 11
-248 243
-100 95
-168 163
-32 27
220 -225
-380 375
368 -373
-304 299
48 -53
18 16 8.18
10 19 4.29
11 14 8.86
17 7 1.68
6 16 3.17
18 6 8.66
15 11 4.43
4 16 2.47
13 5 9.26
2 8 8.04
11 10 5.15
10 17 6.66
1 11 8.68
8 2 5.19
18 10 7.71
19 11 9.91
7 20 7.29
20 19 6.64
16 6 8.13
18 1 7.68
20 8 1.42
2 16 4.95
20 16 9.26
17 2 5.00
20 11 6.25
18 15 2.23
4 14 9.63
20 6 3.97
6 2 8.05
5 3 2.09
15 17 7.60
19 13 7.05
4 18 7.58
10 6 3.14
14 10 9.15
15 16 4.13
7 2 5.18
17 10 2.40
20 9 7.16
18 7 1.20
5 5
253 -885
976 684
503 205
-645 124
364 -11
3 2 4.61
5 3 8.60
3 1 5.71
3 5 3.77
4 1 4.20
20 40
3 0
1 0
0 3
2 4
2 3
0 2
3 1
3 2
3 4
3 3
0 0
1 3
2 0
1 4
1 1
0 4
1 2
0 1
2 1
2 2
5 10 1.00
15 13 1.00
15 11 1.00
17 15 1.00
17 18 1.00
19 2 1.00
5 9 1.00
5 4 1.00
15 19 1.00
19 7 1.00
12 3 1.00
19 8 1.00
5 17 1.00
12 14 1.00
15 20 1.00
15 18 1.00
15 6 1.00
17 5 1.00
15 17 1.00
19 20 1.00
12 5 1.00
17 12 1.00
19 1 1.00
5 8 1.00
19 15 1.00
12 4 1.00
17 20 1.00
19 17 1.00
19 13 1.00
12 6 1.00
5 12 1.00
17 6 1.00
5 14 1.00
5 20 1.00
15 2 1.00
12 16 1.00
12 20 1.00
12 17 1.00
17 3 1.00
17 19 1.00
20 10
-227 -200
-242 400
246 400
235 -200
-97 -500
-96 700
-231 100
97 100
291 700
95 -200
97 -500
238 100
235 -500
-97 400
-95 -200
-97 100
-237 700
-238 -500
97 400
96 700
20 9 1.10
11 13 1.02
14 2 1.06
5 18 1.03
10 4 1.07
19 3 1.07
6 17 1.05
8 12 1.06
15 1 1.03
16 7 1.01
0 0
