4 4
1000 1000
-1000 -1000
-1000 1000
1000 -1000
2 1 1.00
1 2 1.00
4 3 1.00
3 4 1.00
20 37
-97 327
-91 309
-57 207
84 -216
-4 48
53 -123
5 21
-30 126
-38 150
14 -6
-37 147
6 18
-27 117
3 27
-68 240
78 -198
-63 225
-74 258
-11 69
62 -150
1 6 1.82
12 10 3.79
14 8 6.60
18 11 6.95
10 8 9.61
11 19 5.34
8 17 5.96
15 2 4.63
11 12 3.00
9 16 9.78
14 20 3.22
19 20 3.80
5 8 1.38
16 14 8.99
19 10 4.48
15 18 8.00
7 13 8.95
14 11 6.73
12 16 9.61
8 19 1.41
17 9 6.56
10 17 4.48
20 3 1.63
16 3 1.15
20 1 6.48
5 7 8.37
5 14 4.24
6 9 1.39
2 10 4.53
1 17 3.79
6 5 8.15
8 13 7.47
17 6 5.38
13 17 7.18
11 5 3.74
6 8 8.72
14 9 4.85
8 16
-33 45
1 19
-117 81
-35 -38
18 6
19 -23
8 9
-9 -4
1 3 1.18
6 5 1.26
7 6 1.29
1 7 1.27
8 4 1.25
1 5 1.18
2 4 1.16
4 1 1.22
6 3 1.21
5 6 1.01
2 5 1.10
1 4 1.18
1 8 1.03
3 6 1.02
8 6 1.28
2 3 1.26
20 20
-703 488
-989 886
725 -328
486 -454
187 324
74 -311
535 -411
928 -921
-814 -963
592 878
626 17
327 -936
272 344
-500 -434
-671 -946
402 -868
949 670
-737 795
849 -39
-239 -188
10 14 3.94
12 19 1.44
5 14 8.12
14 7 1.57
10 2 3.57
8 16 9.88
17 19 5.68
15 4 4.12
16 18 5.04
11 1 3.79
13 8 7.93
11 10 9.98
11 19 7.85
2 4 5.19
17 8 2.46
18 8 6.44
2 17 6.30
16 14 5.12
19 16 2.14
1 20 7.19
6 30
-96 220
-271 -388
-483 -127
142 -856
494 -927
850 846
4 1 9.10
3 6 1.34
2 4 8.09
3 5 8.03
4 3 7.82
2 1 6.79
5 1 7.74
2 5 7.20
3 4 4.85
1 4 1.47
6 3 3.08
2 6 8.40
1 2 9.72
3 1 3.76
6 5 3.97
5 4 5.36
1 3 1.35
4 6 3.08
1 6 2.46
5 2 6.53
4 5 9.62
6 4 9.15
4 2 2.80
5 3 6.53
2 3 3.25
5 6 2.82
6 1 3.15
6 2 2.57
3 2 2.85
1 5 6.45
20 40
-997 -943
-904 -978
-973 -942
-940 -946
-940 -963
-903 -986
-949 -977
-910 -905
915 929
925 914
-975 -925
-999 -962
-983 -903
-938 -965
-901 -961
-965 -1000
-944 -918
946 990
-993 -915
933 906
17 18 1.78
2 9 4.72
16 18 7.88
19 18 3.27
19 9 5.21
13 9 2.76
3 9 1.74
17 9 3.82
11 10 2.38
16 20 4.49
4 9 2.34
11 9 7.48
1 18 5.44
2 18 5.36
17 10 4.91
5 18 5.96
3 10 7.64
15 18 6.40
8 20 2.38
8 9 4.88
8 18 6.15
13 20 6.31
7 10 6.51
11 20 3.11
4 20 3.11
14 20 5.12
3 18 3.50
6 20 6.46
13 18 2.36
16 10 4.23
19 10 7.18
12 9 4.97
7 9 5.57
12 18 5.84
17 20 5.42
14 18 7.65
15 9 3.90
5 20 9.83
15 10 4.96
8 10 1.71
20 10
-435 411
-319 611
-272 -257
793 744
-473 -700
-670 616
73 -976
772 663
954 -205
-497 426
-80 929
251 -695
-759 608
374 837
-311 -469
994 -517
-929 -380
-347 946
990 -456
68 992
20 12 4.84
20 5 3.46
1 13 2.85
4 14 2.10
19 4 1.48
11 14 5.87
4 6 2.66
17 12 9.87
12 20 2.52
2 3 6.20
20 40
-964 -997
-962 -934
995 972
-972 -941
946 962
-951 -970
994 916
-911 -922
-967 -994
-921 -927
-950 -961
-992 -949
-925 -961
-960 -900
-981 -954
968 915
-918 -983
-916 -973
-959 -945
-912 -931
18 7 8.07
13 3 8.38
19 5 2.04
14 3 6.12
13 16 4.36
19 16 8.59
8 5 4.81
11 16 4.52
1 16 7.85
17 16 9.80
12 16 7.97
11 3 4.86
15 16 2.71
17 5 4.44
9 7 1.58
10 7 3.06
2 5 7.11
10 16 5.37
2 3 4.07
10 3 3.80
4 7 5.69
4 16 2.30
13 7 5.11
1 5 7.17
18 5 4.36
13 5 8.91
6 7 7.21
2 16 7.89
19 7 6.57
20 16 6.00
18 3 3.19
17 7 7.37
2 7 9.44
8 3 1.35
14 7 6.15
15 5 9.78
12 3 1.20
6 3 1.22
14 16 2.07
6 16 5.20
12 15
0 3
3 -1
-1 1
3 -2
-1 -2
1 1
1 0
3 -3
-1 2
-2 -1
-2 1
3 0
4 6 1.00
9 3 1.00
7 4 1.00
4 11 1.00
2 12 1.00
4 2 1.00
12 7 1.00
1 4 1.00
7 8 1.00
2 6 1.00
4 9 1.00
5 3 1.00
11 12 1.00
8 3 1.00
8 2 1.00
20 40
-178 375
192 -365
12 -5
-52 123
-38 95
190 -361
84 -149
66 -113
-22 63
46 -73
-108 235
36 -53
102 -185
-24 67
-98 215
-118 255
-4 27
70 -121
-20 59
104 -189
6 14 4.73
10 7 2.46
1 14 5.03
20 13 8.42
3 5 3.05
17 20 8.03
12 19 7.11
1 8 8.65
11 12 1.69
18 16 6.86
4 14 8.54
4 5 3.60
2 4 7.63
9 5 1.47
20 6 5.95
1 2 8.04
5 20 8.17
10 2 7.63
13 3 6.80
18 9 4.78
7 11 4.23
17 13 9.15
20 16 4.48
8 9 2.23
11 2 1.99
9 6 9.13
2 10 2.47
1 19 9.93
1 10 5.98
19 12 1.36
14 20 9.85
2 16 9.23
19 9 2.64
6 9 1.83
3 11 4.90
6 17 8.59
4 11 6.65
7 16 9.12
13 18 3.23
16 6 2.69
20 10
-407 -325
-806 808
-639 641
-623 57
410 324
-57 615
398 669
-1000 -1000
979 517
-308 550
1000 1000
-399 -670
-296 -114
-262 -900
254 909
692 507
-935 -511
311 132
-553 310
-694 -505
12 14 1.08
1 13 1.03
8 11 1.00
3 2 1.02
10 6 1.07
7 15 1.09
20 17 1.03
19 4 1.08
16 9 1.10
5 18 1.03
20 37
14 -1000
-960 -500
-698 500
16 -1000
19 -1000
998 500
310 500
15 -1000
-9 -500
-14 500
-302 500
690 500
1000 1000
49 500
18 -1000
-1000 -1000
-307 -500
17 -1000
-974 500
-693 -500
8 1 10.00
5 1 10.00
16 13 1.00
1 4 10.00
15 8 10.00
1 18 10.00
4 18 10.00
18 4 10.00
4 1 10.00
18 5 10.00
11 10 1.04
4 15 10.00
5 8 10.00
5 4 10.00
15 18 10.00
8 15 10.00
1 8 10.00
8 5 10.00
15 4 10.00
5 15 10.00
12 6 1.09
15 1 10.00
8 18 10.00
1 15 10.00
20 2 1.03
7 14 1.05
3 19 1.01
4 5 10.00
8 4 10.00
5 18 10.00
18 8 10.00
17 9 1.09
4 8 10.00
18 1 10.00
1 5 10.00
18 15 10.00
15 5 10.00
20 34
-5 77
-107 281
111 -155
229 -391
-93 253
215 -363
89 -111
95 -123
139 -211
-129 325
-127 321
171 -275
-141 349
-1 69
193 -319
153 -239
17 33
-103 273
109 -151
37 -7
11 6 1.47
11 20 8.00
2 1 9.78
16 4 8.45
9 18 6.72
1 16 3.87
19 18 7.15
18 4 2.91
14 2 9.26
17 11 7.90
19 3 7.91
20 5 9.49
9 10 2.90
8 20 6.86
7 12 7.82
19 16 8.37
10 5 6.59
9 14 6.82
19 6 1.71
3 6 4.37
8 12 9.00
20 16 2.18
13 11 7.92
2 19 9.77
5 11 7.18
12 18 6.64
1 13 1.51
17 8 1.14
12 11 5.35
18 7 6.67
19 17 3.72
3 4 4.98
3 20 6.46
1 8 4.88
20 40
590 -941
188 -925
739 787
112 997
256 613
-830 -499
616 411
63 -202
636 -168
656 460
512 823
-378 817
565 918
488 330
455 120
275 814
232 -665
-575 -570
-916 -842
-806 -97
6 7 8.53
13 16 7.67
2 3 3.48
15 20 5.37
15 7 8.85
7 5 4.52
15 19 7.10
14 4 4.18
14 7 1.94
7 13 9.12
13 20 9.96
15 4 2.53
16 14 3.41
16 2 5.67
10 15 8.63
13 6 2.41
10 5 2.44
18 19 7.50
11 13 9.64
9 19 4.33
6 11 6.83
12 13 1.97
2 12 7.96
7 14 2.43
19 11 5.44
15 3 7.73
13 5 7.69
11 6 2.06
3 18 8.62
10 4 6.51
6 19 7.01
1 2 8.51
5 17 1.60
14 16 3.09
12 8 3.71
9 11 6.60
6 13 8.58
5 12 9.75
17 20 7.30
20 14 7.19
20 40
-71 50
0 500
171 50
100 100
0 100
999 1000
997 1000
994 1000
-71 550
0 600
100 600
171 550
995 1000
100 0
100 500
998 1000
996 1000
1000 1000
993 1000
0 0
7 8 10.00
20 1 1.00
16 7 10.00
17 7 10.00
18 17 10.00
16 6 10.00
17 16 10.00
18 8 10.00
6 17 10.00
16 18 10.00
18 19 10.00
7 16 10.00
18 13 10.00
2 9 1.00
7 19 10.00
16 17 10.00
14 3 1.00
6 8 10.00
6 19 10.00
5 1 1.00
7 6 10.00
7 18 10.00
18 7 10.00
16 13 10.00
4 3 1.00
17 18 10.00
11 12 1.00
16 8 10.00
17 6 10.00
16 19 10.00
7 17 10.00
18 16 10.00
15 12 1.00
6 7 10.00
7 13 10.00
6 18 10.00
10 9 1.00
18 6 10.00
6 16 10.00
6 13 10.00
20 20
-698 -500
17 -1000
-978 -500
-694 500
-956 500
691 -500
303 500
-7 500
16 -1000
697 500
18 -1000
975 -500
994 500
-302 -500
-19 -500
19 -1000
26 500
-306 500
49 -500
309 -500
11 9 10.00
6 12 1.05
11 2 10.00
16 2 10.00
16 9 10.00
2 16 10.00
2 11 10.00
16 11 10.00
9 2 10.00
10 13 1.06
14 15 1.02
1 3 1.01
4 5 1.02
18 8 1.09
20 19 1.01
9 11 10.00
7 17 1.04
2 9 10.00
11 16 10.00
9 16 10.00
20 10
-23 159
4 294
-89 -171
-97 -211
-44 54
-96 -206
-160 -526
-63 -41
-111 -281
-13 209
-155 -501
-42 64
-95 -201
1 279
-36 94
-146 -456
-15 199
-107 -261
-104 -246
-57 -11
5 2 1.45
14 11 2.20
9 2 3.29
19 18 3.51
5 11 9.33
6 2 4.84
10 14 2.24
1 14 1.31
11 5 7.76
7 8 3.57
20 28
-187 54
47 54
-265 54
14 54
-19 54
-268 54
77 54
128 54
-331 54
-322 54
-97 54
-220 54
-43 54
191 54
-289 54
-103 54
-181 54
89 54
-73 54
50 54
8 18 4.29
2 4 5.71
4 1 8.68
5 4 8.68
8 20 2.32
16 19 2.31
11 2 8.25
5 19 4.79
14 11 3.29
11 3 8.57
2 14 5.59
15 12 4.05
10 2 5.75
18 17 3.52
14 15 1.47
12 8 6.77
4 9 3.58
7 4 7.14
17 14 6.10
11 1 1.29
11 8 5.42
19 9 9.74
13 12 7.03
18 20 3.81
15 19 5.60
9 3 2.57
7 19 3.32
18 8 5.23
18 27
-55 -173
-122 -492
34 -225
-3 -84
-18 -314
-263 -529
-33 -544
-85 -633
-174 -581
19 -455
86 -136
-211 -440
-70 -403
71 -366
175 -188
-107 -262
123 -277
-159 -351
11 3 7.72
7 8 3.99
1 16 6.14
16 18 5.57
5 13 2.62
7 2 4.39
3 5 3.94
12 6 8.39
17 3 2.72
8 9 3.27
2 12 9.18
10 7 8.92
3 1 5.10
9 6 5.37
5 16 6.24
15 11 4.14
2 9 4.77
13 18 9.13
17 14 8.23
13 2 3.88
18 12 9.41
10 13 8.94
15 17 9.66
4 1 7.95
14 10 5.59
14 5 9.67
11 4 3.89
20 40
-651 118
-734 -669
344 -671
867 923
-380 -493
216 -500
-667 409
619 191
-552 992
708 966
-303 -352
-594 -201
-405 -269
409 -963
-829 -594
544 -991
-499 115
-112 53
-225 162
-695 546
12 7 2.91
14 6 2.50
7 14 5.26
7 2 7.72
16 4 9.88
19 8 6.87
16 12 1.55
18 9 4.71
8 17 4.32
9 4 5.81
1 8 4.45
9 8 2.58
17 6 5.24
6 20 1.91
13 14 6.80
14 2 9.17
11 10 1.91
14 15 1.72
9 2 3.15
4 3 8.52
17 19 5.68
7 12 2.71
6 12 1.45
13 2 5.86
18 20 4.21
20 6 9.67
19 3 1.58
14 16 2.30
4 13 4.98
5 9 1.77
8 18 7.88
6 19 4.25
16 20 9.75
5 2 4.53
14 11 2.61
17 2 5.28
7 11 5.09
10 13 3.83
13 8 7.40
14 7 2.85
5 5
-233 736
823 -354
413 -671
-861 -684
-163 196
3 4 9.77
1 5 4.33
5 3 1.44
2 5 3.49
1 2 3.16
2 2
-107 -117
563 -256
1 2 8.37
2 1 1.21
20 40
-691 -500
-49 -500
-989 500
14 -1000
32 500
306 500
15 -1000
18 -1000
-303 500
16 -1000
-34 500
-975 -500
12 -1000
17 -1000
19 -1000
-309 -500
-697 500
974 500
13 -1000
694 500
7 13 10.00
19 4 10.00
7 4 10.00
13 14 10.00
7 15 10.00
13 19 10.00
10 8 10.00
19 7 10.00
20 18 1.03
4 15 10.00
13 8 10.00
1 12 1.05
13 10 10.00
13 4 10.00
4 10 10.00
16 2 1.01
10 4 10.00
7 14 10.00
7 10 10.00
10 19 10.00
4 8 10.00
10 7 10.00
19 15 10.00
19 10 10.00
17 3 1.05
4 19 10.00
7 8 10.00
19 13 10.00
4 7 10.00
13 7 10.00
10 14 10.00
19 8 10.00
10 13 10.00
6 5 1.02
13 15 10.00
4 13 10.00
7 19 10.00
19 14 10.00
4 14 10.00
9 11 1.01
20 31
-105 -102
-143 -159
-267 -345
99 204
-13 36
-69 -48
-197 -240
55 138
-79 -63
-107 -105
-37 0
-231 -291
67 156
-281 -366
-161 -186
61 147
-15 33
3 60
-155 -177
-233 -294
5 2 8.76
16 15 5.49
3 2 4.27
20 17 8.80
2 8 4.92
17 14 9.12
10 16 9.99
11 7 9.45
16 14 2.19
12 16 9.11
3 20 4.18
3 14 5.94
4 18 7.89
1 12 3.94
16 11 3.03
18 1 3.79
10 1 4.11
11 2 8.54
18 13 6.58
4 10 3.00
8 12 6.40
3 15 6.06
13 11 5.73
6 16 6.52
19 16 7.16
1 10 1.73
19 6 6.56
4 7 8.94
20 10 7.69
13 2 5.86
12 19 5.46
20 10
252 400
-297 700
98 400
95 100
99 700
-95 100
227 -500
244 700
-247 400
-232 100
95 -200
100 -500
-95 -200
-99 700
-100 -500
228 100
230 -200
-98 400
-255 -500
-230 -200
13 20 1.02
14 2 1.10
5 8 1.05
6 10 1.03
12 7 1.00
11 17 1.02
3 1 1.08
18 9 1.07
15 19 1.07
4 16 1.00
20 28
-157 388
-100 147
-299 558
198 -37
56 133
-86 303
184 -193
-384 487
-242 317
42 -23
-228 473
-455 572
113 -108
-15 218
269 -122
-370 643
127 48
-29 62
-313 402
-171 232
7 13 1.52
12 16 7.06
10 18 6.63
13 10 1.66
14 6 2.27
17 5 9.18
20 9 5.81
9 19 9.93
19 8 4.32
15 4 2.50
1 11 5.40
3 16 6.98
7 15 5.85
18 2 2.01
4 17 3.72
2 20 8.48
13 4 4.13
11 3 4.25
18 5 9.80
8 3 3.92
2 14 3.97
20 6 3.17
10 17 8.37
19 11 5.05
5 14 1.52
8 12 3.43
9 1 7.64
6 1 9.51
6 4
24 -135
-30 -270
118 100
138 150
-26 -260
134 140
1 2 9.60
5 2 3.06
2 3 4.58
5 3 7.11
20 40
203 783
-582 -452
681 467
-210 9
-478 64
936 155
362 -130
473 -175
524 722
-899 941
-678 -187
-790 797
-39 224
-317 291
-586 865
-588 -407
214 -11
-105 -666
954 -538
-817 -342
1 14 4.78
1 2 1.84
1 15 8.47
17 4 2.95
4 20 6.03
13 14 6.70
2 18 9.27
14 10 9.82
11 17 3.77
12 20 4.31
10 5 2.32
18 8 1.76
3 1 8.25
7 18 3.63
19 4 5.95
2 5 4.04
4 5 2.09
3 14 4.45
9 1 9.52
7 8 4.23
7 14 1.66
6 11 3.47
11 4 9.90
1 18 5.84
5 20 9.81
12 6 1.72
15 2 1.72
5 18 6.55
2 11 4.51
6 10 8.08
8 15 7.40
11 5 9.85
3 8 5.90
5 6 5.77
7 5 1.63
4 14 8.90
12 9 7.52
18 12 9.43
7 15 7.72
18 14 3.56
20 31
41 -515
22 -676
-281 -477
-210 -567
60 -354
112 -605
-11 -264
-49 -586
-120 -496
-139 -657
-172 -245
-352 -387
-191 -406
-82 -174
202 -534
-30 -425
131 -444
-262 -316
-68 -747
-101 -335
14 7 5.87
13 3 4.57
7 20 6.99
9 4 7.69
7 5 5.80
17 15 1.76
12 3 9.46
8 2 9.51
17 1 6.85
20 13 6.78
1 8 4.90
4 10 9.30
11 18 4.57
10 19 5.44
18 13 9.75
13 9 8.57
16 1 7.51
20 16 3.06
6 2 1.59
15 6 9.40
5 16 2.01
5 17 5.63
2 19 5.34
9 8 1.51
8 10 7.77
11 20 6.66
1 6 1.47
16 9 4.09
14 11 7.32
18 12 7.97
3 4 6.83
20 40
2 3
3 4
0 1
1 2
0 2
0 3
2 4
1 3
3 3
3 2
3 0
0 0
2 0
3 1
2 2
0 4
1 4
2 1
1 0
1 1
20 19 1.00
4 6 1.00
20 5 1.00
4 18 1.00
4 1 1.00
1 15 1.00
1 4 1.00
1 17 1.00
18 13 1.00
1 8 1.00
4 15 1.00
1 2 1.00
18 14 1.00
4 20 1.00
20 13 1.00
20 4 1.00
8 6 1.00
4 8 1.00
8 7 1.00
20 15 1.00
8 5 1.00
4 3 1.00
8 15 1.00
18 20 1.00
18 10 1.00
1 10 1.00
8 1 1.00
4 5 1.00
8 17 1.00
8 16 1.00
18 19 1.00
18 15 1.00
1 7 1.00
18 11 1.00
20 3 1.00
1 9 1.00
8 4 1.00
18 4 1.00
20 12 1.00
20 18 1.00
20 40
-386 -402
-708 896
-821 1000
-429 -747
-975 -427
671 -640
317 -24
-275 -768
-452 764
1 -258
-615 -107
598 -141
-513 818
-168 -433
881 21
-570 -86
355 856
-175 548
867 108
649 -661
3 19 9.20
3 15 9.17
6 20 5.03
13 14 1.74
18 5 4.24
16 14 6.37
11 6 4.00
13 9 5.51
12 9 5.84
17 5 5.83
15 12 1.76
20 6 7.02
10 11 1.77
17 15 8.12
2 11 1.89
20 2 7.13
20 3 3.27
1 2 8.41
18 17 7.46
15 2 8.68
9 2 7.95
10 1 1.30
17 18 2.83
7 16 1.04
9 3 1.05
5 10 6.32
5 14 4.72
20 10 8.59
16 5 9.89
4 1 6.23
9 12 4.41
2 13 4.48
11 17 5.81
18 15 7.10
10 6 8.27
8 4 4.14
6 12 8.72
10 13 5.02
12 19 8.88
3 14 4.55
20 40
-943 -908
-939 -928
-966 -989
-919 -956
-989 -1000
-976 -958
924 950
-988 -980
-911 -969
-916 -957
-916 -916
-995 -971
-991 -946
-932 -930
930 926
-912 -969
-958 -981
903 948
-900 -910
967 966
11 7 9.98
8 18 8.77
13 15 2.17
11 20 8.45
16 7 2.46
6 20 7.14
5 18 3.52
12 20 6.62
8 7 9.62
9 18 9.87
2 7 7.76
19 18 4.48
4 15 9.66
9 20 9.28
10 18 1.21
3 15 5.44
14 15 5.02
19 7 5.39
12 18 5.79
10 7 7.27
17 18 7.26
11 18 8.17
5 7 3.06
16 18 3.39
6 18 9.16
4 20 9.48
17 15 1.73
12 7 2.46
6 7 5.59
19 15 7.50
2 20 7.65
1 20 8.59
10 20 1.35
5 20 4.16
2 18 2.63
5 15 4.37
16 15 4.41
13 7 5.23
4 18 4.92
9 7 5.29
20 36
0 2
0 1
0 11
0 4
0 3
0 12
0 15
0 8
0 7
0 14
0 5
0 16
0 6
0 13
0 17
0 10
-1000 1000
1000 1000
0 9
0 18
20 17 1.00
10 17 1.00
12 17 1.00
3 18 1.00
13 17 1.00
5 18 1.00
2 18 1.00
11 17 1.00
19 18 1.00
8 18 1.00
19 17 1.00
11 18 1.00
9 18 1.00
10 18 1.00
3 17 1.00
1 17 1.00
9 17 1.00
5 17 1.00
6 17 1.00
4 17 1.00
16 17 1.00
8 17 1.00
4 18 1.00
14 18 1.00
15 17 1.00
6 18 1.00
16 18 1.00
2 17 1.00
7 18 1.00
12 18 1.00
15 18 1.00
1 18 1.00
14 17 1.00
20 18 1.00
7 17 1.00
13 18 1.00
7 15
0 -2
1 3
3 1
12 5
1 -2
0 0
2 2
2 7 2.78
4 7 1.06
4 3 2.01
2 3 1.00
4 6 2.11
6 2 2.40
3 4 2.32
2 1 2.59
3 6 1.30
7 3 1.24
6 7 1.21
3 5 2.61
7 2 3.28
3 1 3.24
3 7 1.06
20 40
901 -484
-458 830
582 -556
157 -220
739 373
749 979
-172 755
-628 -381
-137 -926
279 418
-129 112
712 -325
561 928
-466 656
609 -658
414 -451
615 -97
33 -403
809 842
-575 578
9 10 9.07
18 3 8.81
18 1 8.38
3 4 5.16
11 3 8.26
9 4 6.10
4 1 9.69
13 9 5.58
3 10 4.22
17 2 9.95
14 9 2.44
2 1 4.56
3 19 3.22
6 11 3.22
12 10 6.36
8 11 2.46
14 20 5.31
15 16 6.21
16 17 7.21
17 10 2.44
18 6 1.38
14 15 2.29
3 17 6.41
9 2 6.81
4 2 7.69
11 9 2.06
19 5 9.61
10 15 2.73
11 19 7.23
3 20 7.72
16 8 9.53
8 5 3.84
11 1 8.84
17 15 5.24
18 11 3.73
1 16 6.70
20 7 4.07
1 13 6.76
5 13 7.31
5 9 2.18
0 0
