20 31
-124 30
-412 118
-146 -42
-362 24
-478 -98
-168 -114
-340 96
-268 74
-196 52
-334 -142
-240 -92
-218 -20
-406 -120
-456 -26
-262 -164
-190 -186
-434 46
-384 -48
-290 2
-312 -70
12 9 8.70
19 4 9.05
11 20 4.52
18 4 1.68
8 7 7.59
6 11 7.04
12 19 4.96
16 15 6.27
15 11 6.24
1 9 3.18
20 18 7.79
11 12 5.30
17 2 7.50
10 13 9.29
7 2 1.49
6 3 7.14
20 19 4.44
19 8 1.61
4 17 3.97
9 8 6.97
13 5 2.16
3 12 9.88
14 17 2.81
5 14 2.78
4 7 8.44
10 20 4.20
16 6 7.24
3 1 3.45
13 18 1.99
15 10 2.13
18 14 4.75
20 40
43 -176
-370 -520
-840 -139
-623 308
-440 -666
-475 -851
-552 136
-649 -815
-828 -924
559 214
-401 -628
10 -973
257 -497
77 648
381 -660
709 156
693 418
-96 414
-614 -457
93 569
1 12 9.20
3 14 3.20
11 4 7.55
11 6 8.08
1 18 6.93
17 16 9.69
20 4 1.09
6 11 8.10
12 16 1.86
18 5 6.15
16 15 3.32
4 12 8.16
3 20 5.89
13 6 5.02
20 9 5.99
7 14 5.70
1 19 1.16
19 20 1.05
5 16 5.98
2 19 9.56
6 5 6.31
20 19 5.02
20 8 4.55
7 19 4.44
13 14 8.75
11 18 4.68
9 18 7.53
5 6 9.03
18 4 8.84
20 2 8.81
3 16 6.34
7 5 2.92
9 3 1.30
12 19 3.57
8 16 3.29
10 8 5.33
10 5 3.74
8 17 4.66
16 17 3.70
14 15 1.03
20 40
-969 -973
-994 -946
-960 -958
-997 -918
997 910
-978 -915
943 904
-936 -945
-986 -931
-978 -933
-931 -977
-992 -929
-950 -948
946 918
-973 -900
942 950
-914 -931
-987 -916
-944 -987
-975 -1000
9 5 4.46
18 14 6.10
2 5 7.78
9 14 5.20
13 5 1.50
8 16 2.91
8 5 3.25
18 16 3.97
13 7 9.25
1 16 3.92
1 14 7.84
11 14 3.14
15 16 1.27
12 16 3.42
15 5 1.42
4 7 3.51
19 14 1.54
20 16 6.65
12 7 9.48
13 14 7.44
6 14 1.65
18 5 6.61
11 16 1.03
4 14 8.89
6 16 7.28
12 5 9.96
13 16 8.70
2 7 2.60
17 5 1.60
20 14 6.64
2 16 3.91
20 7 8.93
15 7 3.87
11 7 6.95
4 16 4.37
1 5 1.59
3 7 1.81
19 5 8.66
17 16 4.28
4 5 2.48
20 40
-274 703
32 -518
220 170
-794 397
922 611
326 930
837 371
349 -9
-789 322
-79 -107
-964 761
325 183
529 377
224 521
-417 -545
-902 -959
911 -532
-877 -532
250 270
634 796
4 20 1.07
4 17 2.61
11 9 5.06
11 8 5.53
6 18 7.59
18 1 7.68
5 7 4.52
5 2 3.50
17 6 9.24
18 7 8.34
12 17 8.04
19 8 2.03
13 4 2.48
4 12 8.81
18 17 8.84
8 20 2.79
4 10 1.75
19 17 1.56
14 3 6.86
6 5 3.29
19 1 2.12
5 13 9.71
13 18 1.11
6 4 7.67
9 2 3.56
7 19 7.23
5 3 2.98
12 9 9.77
4 9 7.29
10 20 1.03
17 13 1.11
4 16 9.19
20 11 2.87
19 12 3.78
7 1 4.57
19 14 8.94
2 13 4.13
9 13 3.11
10 19 6.51
5 4 2.59
20 10
-882 -42
-936 740
-597 51
133 981
342 324
323 -385
-417 -902
-219 176
-68 290
-437 931
611 835
-485 -757
-695 -914
-636 285
-207 569
941 438
753 492
-109 409
-767 390
49 136
4 20 1.75
1 19 9.00
20 11 1.67
10 5 8.74
20 6 8.81
11 18 7.74
11 16 6.61
18 15 6.41
15 2 1.10
8 13 6.35
20 10
98 -112
-372 76
28 -84
93 -110
23 -82
343 -210
-42 -56
-202 8
428 -244
398 -232
-182 0
-252 28
-382 80
-472 116
-462 112
-362 72
-262 32
-17 -66
33 -86
283 -186
4 2 2.57
9 1 6.58
14 10 3.29
15 10 2.84
9 6 1.00
1 17 5.51
3 10 5.27
5 4 4.46
15 8 4.54
15 5 3.97
20 10
803 129
571 684
-900 317
670 937
-560 -81
-345 386
-173 259
37 427
-322 -571
-527 -311
-651 -618
625 347
-102 -659
-837 -763
-1000 -1000
1000 1000
-481 694
-454 960
-674 420
303 469
10 5 1.00
19 3 1.05
6 7 1.00
15 16 1.00
2 4 1.07
11 14 1.01
9 13 1.02
20 8 1.10
12 1 1.10
17 18 1.08
20 36
1000 1000
0 2
0 9
0 11
0 6
0 5
0 14
-1000 1000
0 13
0 3
0 12
0 7
0 4
0 8
0 10
0 18
0 17
0 1
0 16
0 15
3 8 1.00
16 1 1.00
4 1 1.00
19 1 1.00
15 1 1.00
6 8 1.00
3 1 1.00
14 8 1.00
10 8 1.00
11 8 1.00
16 8 1.00
9 8 1.00
18 8 1.00
6 1 1.00
14 1 1.00
17 1 1.00
18 1 1.00
17 8 1.00
5 1 1.00
2 8 1.00
15 8 1.00
20 1 1.00
11 1 1.00
2 1 1.00
10 1 1.00
12 1 1.00
13 1 1.00
20 8 1.00
7 1 1.00
4 8 1.00
5 8 1.00
9 1 1.00
19 8 1.00
12 8 1.00
13 8 1.00
7 8 1.00
20 40
809 199
-854 485
-28 200
-665 914
990 934
394 318
346 -763
-87 -35
682 -553
-227 -532
-840 414
-887 391
-994 840
145 680
-789 363
139 -871
-615 938
126 952
-94 588
210 321
20 1 2.99
5 14 8.55
20 18 3.46
4 12 4.83
2 1 5.65
20 16 4.18
1 12 3.18
14 15 2.44
4 9 2.38
3 11 4.47
14 2 1.99
16 6 8.80
3 13 3.57
1 11 7.62
16 7 3.03
7 8 9.21
7 12 6.31
15 9 5.43
10 11 8.95
13 6 2.25
20 19 8.25
14 9 6.27
12 18 2.34
1 9 2.52
18 13 3.58
2 20 8.72
2 9 5.03
17 13 1.24
16 4 1.11
6 9 8.29
11 6 4.03
4 5 1.63
8 9 2.88
13 1 8.86
12 3 6.81
7 2 9.31
9 19 6.96
6 7 6.85
3 5 7.16
20 3 1.80
5 5
-708 -634
239 785
-927 -648
-527 -157
-450 95
5 2 2.75
2 4 4.68
3 1 7.91
4 1 9.40
4 3 7.81
20 40
-338 -768
-961 -814
715 -223
-856 -366
82 484
723 606
-840 815
148 183
22 -492
-694 -428
116 775
-666 -412
-297 903
451 -133
428 -769
-58 -653
12 -951
-597 -607
170 -228
741 -740
11 20 3.44
2 12 9.12
5 1 9.67
16 7 7.56
3 10 4.09
17 2 9.25
16 2 6.34
7 6 3.55
7 13 4.44
5 15 1.85
1 3 3.88
6 1 4.59
12 15 5.51
19 10 4.69
16 8 7.92
9 3 9.45
7 11 9.20
19 14 5.42
15 2 6.79
1 10 2.42
7 14 4.28
17 19 9.51
2 10 9.90
8 20 3.03
10 4 9.80
19 5 2.53
4 13 2.22
14 11 6.31
17 6 1.24
16 9 2.14
1 20 9.80
10 9 7.04
7 1 9.67
15 12 2.46
15 16 2.19
10 13 1.98
4 9 3.92
1 17 5.51
12 8 6.24
16 12 2.23
4 4
1000 -1000
-1000 -1000
-1000 1000
1000 1000
3 1 1.00
4 2 1.00
2 4 1.00
1 3 1.00
20 31
-76 -223
110 149
114 157
94 117
-46 -163
-18 -107
-130 -331
-56 -183
116 161
-80 -231
-42 -155
-6 -83
218 365
-52 -175
-114 -299
22 -27
-68 -207
136 201
106 141
164 257
16 7 5.22
11 5 6.72
19 17 2.00
17 9 6.69
6 15 4.21
8 5 6.40
4 5 7.05
4 16 9.75
14 7 9.44
13 11 3.98
20 11 8.81
13 18 8.15
18 16 8.09
8 6 3.62
11 3 6.83
7 5 6.37
13 14 2.36
16 15 6.66
20 17 3.02
15 14 3.41
19 11 2.25
2 11 2.82
8 15 3.89
14 3 7.77
15 2 9.17
2 9 3.72
12 8 2.01
18 5 6.26
19 20 2.30
5 7 3.55
3 5 1.63
20 40
0 100
0 600
993 1000
999 1000
0 0
996 1000
0 500
1000 1000
171 50
995 1000
-71 550
100 100
994 1000
171 550
100 500
998 1000
100 0
-71 50
100 600
997 1000
4 8 10.00
2 11 1.00
20 4 10.00
8 4 10.00
4 13 10.00
8 16 10.00
20 13 10.00
17 9 1.00
6 4 10.00
7 11 1.00
8 20 10.00
16 10 10.00
20 3 10.00
4 16 10.00
12 9 1.00
16 4 10.00
8 13 10.00
15 14 1.00
16 8 10.00
20 10 10.00
1 18 1.00
8 6 10.00
4 6 10.00
6 16 10.00
5 18 1.00
8 3 10.00
8 10 10.00
20 16 10.00
16 6 10.00
19 14 1.00
16 3 10.00
4 20 10.00
4 10 10.00
16 20 10.00
6 8 10.00
20 6 10.00
16 13 10.00
4 3 10.00
6 20 10.00
20 8 10.00
20 40
-964 -920
-974 -950
-937 -989
-912 -938
958 952
-972 -980
-944 -996
934 995
935 930
-999 -959
-996 -906
-921 -954
-982 -903
-935 -912
-961 -952
-942 -979
912 910
-942 -989
-996 -989
-901 -971
13 17 4.35
14 5 1.74
20 9 6.74
7 9 2.99
18 8 6.58
19 5 3.03
11 17 9.76
10 17 4.04
12 5 3.47
13 5 1.07
15 17 3.77
16 9 2.10
3 8 7.77
4 17 8.41
10 8 9.48
1 5 5.20
19 8 3.04
4 5 4.16
2 5 8.69
10 9 3.33
15 8 5.42
19 9 3.19
15 5 6.88
3 9 1.73
16 8 3.37
13 8 3.54
14 9 9.51
18 17 3.49
14 8 1.94
11 5 4.78
11 8 5.16
1 8 9.63
4 8 2.60
1 17 9.50
12 17 5.25
1 9 8.65
2 17 5.93
7 8 4.03
6 17 6.20
18 5 4.14
20 40
-305 500
16 -1000
-970 500
-695 500
12 -1000
15 -1000
-26 500
18 -1000
-992 -500
994 500
-302 -500
31 500
691 500
-698 -500
17 -1000
-29 -500
309 500
19 -1000
13 -1000
14 -1000
6 8 10.00
6 20 10.00
6 5 10.00
19 6 10.00
13 10 1.08
5 8 10.00
6 15 10.00
2 19 10.00
5 15 10.00
19 5 10.00
5 18 10.00
19 2 10.00
6 19 10.00
20 6 10.00
2 5 10.00
20 15 10.00
19 8 10.00
20 2 10.00
20 8 10.00
19 18 10.00
17 12 1.07
2 8 10.00
5 20 10.00
2 15 10.00
5 6 10.00
14 9 1.05
5 19 10.00
6 18 10.00
19 20 10.00
20 18 10.00
2 6 10.00
2 20 10.00
4 3 1.01
6 2 10.00
20 5 10.00
5 2 10.00
11 16 1.02
19 15 10.00
20 19 10.00
1 7 1.02
20 40
1 1
2 1
3 1
0 1
1 3
1 2
0 3
0 2
2 0
3 3
2 3
2 2
2 4
0 4
1 0
3 0
3 2
0 0
3 4
1 4
6 12 1.00
2 6 1.00
1 18 1.00
11 10 1.00
11 13 1.00
11 5 1.00
11 20 1.00
11 19 1.00
1 12 1.00
1 15 1.00
11 12 1.00
6 11 1.00
6 1 1.00
6 2 1.00
1 8 1.00
11 17 1.00
2 12 1.00
1 4 1.00
1 2 1.00
5 13 1.00
2 16 1.00
2 1 1.00
2 3 1.00
5 8 1.00
5 20 1.00
6 8 1.00
5 14 1.00
6 5 1.00
2 15 1.00
2 9 1.00
1 6 1.00
11 6 1.00
1 9 1.00
5 6 1.00
5 11 1.00
5 7 1.00
5 12 1.00
6 7 1.00
2 17 1.00
6 4 1.00
20 40
440 364
130 178
-40 76
265 259
-45 73
410 346
205 223
10 106
240 244
-315 -89
445 367
260 256
435 361
-475 -185
75 145
200 220
-95 43
270 262
-110 34
-490 -194
12 11 3.63
2 16 2.95
16 6 3.86
12 15 4.82
1 10 5.79
9 10 8.67
8 6 7.64
15 6 9.60
15 4 9.04
17 4 3.28
14 16 5.76
1 19 9.76
4 1 6.46
15 2 5.77
12 9 3.29
6 13 8.63
12 14 7.76
5 7 8.64
5 4 9.31
14 9 6.70
17 12 3.76
1 13 9.08
2 4 4.70
20 4 4.75
12 3 2.69
3 8 4.42
15 16 6.76
11 16 6.13
4 9 5.27
2 6 3.37
12 8 1.03
12 20 2.35
9 8 5.58
13 20 9.38
17 14 3.47
11 17 3.26
15 9 8.37
8 15 6.69
4 8 4.53
8 13 2.28
20 10
229 100
-99 -200
251 700
-98 -500
241 400
-98 100
-245 100
98 -500
99 400
-280 700
238 -500
99 700
235 -200
-99 700
-99 400
-247 -200
99 -200
98 100
-249 400
-247 -500
4 20 1.05
8 11 1.03
14 10 1.08
2 16 1.09
15 19 1.06
9 5 1.04
6 7 1.10
12 3 1.05
17 13 1.04
18 1 1.00
20 28
-6 125
-199 251
-310 453
-161 210
-313 374
-123 169
-47 87
-85 128
-120 248
-272 412
-196 330
-82 207
32 84
-9 46
-275 333
-158 289
-351 415
-237 292
-44 166
-234 371
18 15 8.92
12 9 8.27
10 3 3.21
19 12 2.66
6 4 9.59
14 13 5.41
4 9 9.82
7 1 5.54
8 6 8.78
14 7 4.09
9 16 6.10
8 19 8.04
20 10 4.91
15 5 7.75
13 1 2.22
17 3 9.95
15 20 4.55
11 20 4.99
4 2 8.15
5 10 5.11
2 16 9.43
18 11 8.84
6 12 2.34
16 11 2.65
5 17 3.51
2 18 2.02
7 8 7.16
1 19 2.71
20 34
-85 125
-190 209
-70 113
255 -147
35 29
265 -155
-115 149
190 -95
-180 201
350 -223
450 -303
285 -171
-170 193
135 -51
-235 245
485 -331
220 -119
280 -167
-270 273
-225 237
12 1 1.40
18 7 7.71
8 16 8.29
19 20 8.43
10 8 2.83
9 14 5.22
8 9 9.16
7 14 3.84
4 10 2.65
10 14 9.34
20 19 4.80
2 4 2.46
10 18 4.96
2 5 4.40
5 8 2.73
16 1 2.20
8 20 2.96
10 9 6.95
15 19 9.74
19 14 4.37
6 1 4.14
17 2 3.77
14 4 9.07
17 16 9.35
4 7 7.99
1 20 9.86
1 17 2.43
7 20 9.71
7 19 8.24
3 6 1.39
13 8 2.19
15 2 4.80
15 5 2.76
6 3 7.67
7 15
1 3
0 -2
3 1
1 -2
2 2
0 0
12 5
3 5 1.06
7 3 2.01
6 5 1.21
3 2 3.24
1 3 1.00
3 7 2.32
7 5 1.06
1 5 2.78
1 2 2.59
3 4 2.61
7 6 2.11
6 1 2.40
3 6 1.30
5 3 1.24
5 1 3.28
20 37
-690 -500
696 500
16 -1000
-41 -500
-692 500
17 -1000
32 500
-962 500
14 -1000
304 500
-968 -500
18 -1000
1000 1000
-310 -500
15 -1000
-1000 -1000
-308 500
998 500
-31 500
19 -1000
10 7 1.04
15 6 10.00
2 18 1.07
12 20 10.00
9 12 10.00
3 20 10.00
20 6 10.00
3 6 10.00
15 9 10.00
12 6 10.00
20 15 10.00
3 12 10.00
3 15 10.00
6 15 10.00
15 3 10.00
1 11 1.04
6 12 10.00
12 15 10.00
20 3 10.00
6 3 10.00
16 13 1.00
14 4 1.03
15 20 10.00
12 3 10.00
9 15 10.00
20 9 10.00
20 12 10.00
5 8 1.01
9 3 10.00
17 19 1.03
15 12 10.00
12 9 10.00
6 9 10.00
9 6 10.00
6 20 10.00
3 9 10.00
9 20 10.00
8 16
19 -23
-35 -38
-33 45
8 9
1 19
-9 -4
18 6
-117 81
6 1 1.28
8 1 1.02
2 3 1.22
1 7 1.26
5 7 1.10
7 1 1.01
3 2 1.18
3 6 1.03
1 8 1.21
6 2 1.25
5 8 1.26
3 4 1.27
3 8 1.18
4 1 1.29
5 2 1.16
3 7 1.18
20 40
-722 659
-634 607
150 344
-43 -561
682 -690
600 497
808 306
573 859
-237 -988
784 -373
246 188
313 -631
-295 -512
563 653
-720 505
200 -294
-496 677
888 -379
309 -37
-590 -952
4 9 8.88
7 18 3.75
4 14 5.29
7 6 2.52
15 3 9.84
2 12 1.95
5 12 7.08
18 2 5.19
18 1 8.89
7 1 9.28
3 7 9.00
9 5 1.86
17 20 5.81
1 5 9.34
1 7 9.30
13 9 4.81
4 17 7.31
20 12 8.57
13 8 1.22
4 15 2.78
18 20 9.38
4 20 6.90
19 11 9.36
10 14 3.25
4 3 4.57
10 3 5.74
17 18 7.76
3 1 7.53
2 13 1.09
12 8 9.22
2 6 5.17
18 5 8.58
13 10 3.65
16 6 2.45
4 6 7.37
4 13 4.14
8 15 1.02
9 13 4.26
12 15 5.30
6 5 1.55
6 30
-924 946
311 530
-987 -514
-332 -417
598 551
-627 508
1 5 4.09
6 3 9.51
1 3 2.86
4 3 3.68
3 6 3.90
4 6 6.62
5 6 8.77
3 4 9.52
5 2 7.06
2 6 2.01
2 5 8.41
4 1 5.24
1 4 7.58
3 2 7.38
1 6 2.33
2 3 1.40
4 2 9.58
5 4 7.22
6 5 2.16
6 1 3.10
5 3 9.21
6 4 9.67
1 2 5.99
2 1 4.77
3 5 2.20
2 4 4.43
6 2 4.34
5 1 5.52
3 1 5.57
4 5 1.40
20 40
943 984
-947 -939
-931 -923
-970 -919
-922 -936
-922 -949
-975 -942
-945 -956
940 987
-916 -972
-996 -927
-964 -983
-931 -992
-980 -912
-956 -922
921 972
943 909
-963 -990
-924 -994
-960 -949
11 1 1.65
3 9 7.89
5 1 8.49
6 16 5.80
2 9 2.96
19 17 8.51
20 1 3.77
13 17 1.57
8 9 7.88
12 17 8.92
13 9 8.50
8 17 7.90
2 16 1.29
11 16 6.47
5 16 9.29
20 16 4.36
6 17 7.74
4 17 5.22
3 17 4.47
13 16 8.55
7 16 6.40
11 17 1.09
5 9 8.11
6 1 2.92
5 17 1.05
3 16 9.12
4 1 1.22
12 1 6.15
15 9 6.86
15 1 2.22
7 9 2.31
19 1 5.09
8 16 6.34
15 17 4.47
7 1 6.04
20 17 5.81
14 17 9.84
2 17 5.36
20 9 6.96
8 1 7.76
20 28
-393 -277
-41 -13
43 50
-405 -286
155 134
59 62
-165 -106
-85 -46
-89 -49
-305 -211
27 38
279 227
323 260
-1 17
-157 -100
-377 -265
175 149
215 179
19 32
-9 11
5 8 7.02
7 18 3.49
7 4 4.14
19 18 4.69
18 3 5.70
17 2 1.39
18 14 3.74
1 13 4.51
19 9 3.35
16 8 1.42
13 8 7.38
17 5 9.26
11 10 4.15
4 15 1.47
13 16 5.75
12 10 2.44
13 5 4.10
11 15 5.59
5 20 4.53
10 18 9.48
16 11 7.60
8 12 2.11
19 2 4.61
10 13 5.48
16 1 2.48
19 12 7.46
17 16 6.71
12 19 9.20
12 15
-1 -2
3 0
3 -2
-1 2
3 -1
-2 1
3 -3
0 3
1 1
-1 1
-2 -1
1 0
3 9 1.00
7 10 1.00
7 5 1.00
6 2 1.00
12 7 1.00
12 3 1.00
5 9 1.00
1 10 1.00
2 12 1.00
3 4 1.00
5 2 1.00
4 10 1.00
8 3 1.00
3 6 1.00
3 5 1.00
20 20
-87 -715
-73 627
951 -401
-774 -142
682 -13
391 492
424 748
628 -539
648 -794
-315 19
-806 803
-269 359
-3 565
-171 -652
788 757
6 -773
-934 -152
-721 -522
724 237
-215 565
11 14 8.15
14 3 8.39
14 6 1.97
15 7 8.74
19 7 9.04
1 5 1.31
8 13 9.46
13 7 6.86
15 14 3.28
11 5 2.01
14 15 4.15
2 15 5.25
10 18 1.52
15 5 1.45
9 3 6.24
7 1 1.51
18 13 5.21
15 2 4.45
20 3 5.16
18 10 8.85
6 4
116 246
-301 -171
-286 -156
140 270
-133 -3
-64 66
1 6 5.55
6 5 1.74
2 1 1.35
5 2 7.67
20 20
-950 -500
-690 500
696 500
304 500
2 500
-690 -500
-11 -500
16 -1000
19 -1000
8 -500
-310 500
17 -1000
-310 -500
954 -500
947 500
-11 500
304 -500
696 -500
-950 500
18 -1000
8 12 10.00
9 20 10.00
12 20 10.00
8 20 10.00
8 9 10.00
9 8 10.00
12 8 10.00
13 7 1.10
18 14 1.00
2 19 1.03
11 16 1.10
20 9 10.00
3 15 1.00
20 12 10.00
17 10 1.08
4 5 1.10
20 8 10.00
9 12 10.00
12 9 10.00
6 1 1.03
18 27
393 -198
117 0
169 -316
485 -264
445 -514
577 -330
-15 -184
209 -66
511 -422
143 -158
261 -382
327 -290
77 -250
235 -224
353 -448
301 -132
419 -356
51 -92
6 9 9.11
3 11 8.58
10 14 3.59
10 13 1.09
17 9 7.53
2 18 5.55
13 3 9.81
14 12 7.99
4 17 2.94
1 12 9.55
12 17 1.25
18 10 7.34
14 3 8.94
8 16 2.17
8 10 4.49
12 11 8.91
15 5 2.57
4 6 8.71
7 13 8.21
16 14 5.22
17 15 9.93
11 15 5.55
18 7 7.52
1 4 8.35
2 8 6.71
9 5 2.66
16 1 7.59
20 37
-167 153
28 23
157 -63
-113 117
259 -131
34 19
112 -33
235 -115
118 -37
16 31
-17 53
-140 135
-182 163
-299 241
-320 255
-248 207
-296 239
253 -127
-176 159
-71 89
1 4 3.85
15 9 7.59
6 16 2.44
3 5 9.48
10 13 9.11
7 1 1.91
16 17 8.80
17 1 8.15
6 15 9.54
4 1 8.33
8 9 8.85
7 9 9.58
1 7 3.73
6 11 9.82
9 16 2.45
14 1 1.65
4 15 1.50
20 5 8.37
14 3 9.67
12 6 8.29
10 18 7.06
3 18 8.29
20 11 5.83
5 3 6.87
5 20 8.54
12 16 1.31
1 19 5.67
20 4 1.28
12 3 5.56
13 19 7.49
1 12 7.43
11 10 1.78
9 5 9.68
18 12 7.17
16 20 4.75
16 7 2.47
17 16 8.93
2 2
989 847
-558 561
2 1 1.85
1 2 4.02
0 0
