20 40
-393 548
345 -342
-428 419
-170 -864
-860 -522
844 -524
-360 -157
527 -806
809 -234
-9 -858
696 -686
5 485
-972 586
-138 -534
238 973
308 -237
314 448
733 -26
-702 88
727 -309
10 15 5.45
13 12 2.69
14 10 3.64
1 12 1.10
15 9 4.25
10 13 5.14
3 14 3.95
7 11 8.81
19 11 3.16
16 19 3.22
14 9 5.05
1 16 7.45
11 7 7.88
7 20 3.56
10 12 7.55
18 17 8.90
7 3 2.19
19 16 8.93
8 15 2.28
11 20 8.20
9 2 2.55
10 14 3.21
1 17 2.86
19 12 3.83
5 1 5.76
19 10 2.02
17 19 7.55
12 17 9.12
16 5 3.95
10 7 8.52
4 12 3.74
9 18 1.77
12 10 9.48
8 2 2.48
11 15 3.54
16 14 8.78
2 4 8.02
9 16 9.18
18 1 6.94
18 12 9.01
20 40
100 100
-71 550
0 0
998 1000
100 600
100 500
993 1000
997 1000
-71 50
995 1000
171 50
999 1000
1000 1000
0 100
994 1000
0 600
0 500
100 0
996 1000
171 550
19 13 10.00
13 12 10.00
8 15 10.00
13 10 10.00
13 7 10.00
19 8 10.00
4 7 10.00
13 19 10.00
4 15 10.00
13 15 10.00
12 4 10.00
12 19 10.00
8 12 10.00
4 13 10.00
14 9 1.00
12 13 10.00
3 9 1.00
6 20 1.00
16 2 1.00
5 20 1.00
4 10 10.00
4 8 10.00
8 19 10.00
18 11 1.00
4 12 10.00
12 8 10.00
13 8 10.00
8 10 10.00
19 12 10.00
19 4 10.00
12 15 10.00
17 2 1.00
4 19 10.00
12 10 10.00
8 4 10.00
13 4 10.00
1 11 1.00
12 7 10.00
8 7 10.00
8 13 10.00
20 10
-493 -452
847 912
832 636
-113 945
933 776
683 687
780 -112
47 428
-641 898
-117 172
-432 953
153 8
134 232
-442 689
-640 -852
704 -741
-52 -773
-711 -924
456 -312
-791 -759
9 6 2.16
5 3 5.57
18 11 1.84
8 18 4.70
10 7 2.24
15 12 2.33
15 7 9.23
12 20 6.11
18 12 4.38
6 18 4.38
5 5
692 875
680 526
-371 -645
808 810
-128 -337
3 1 1.59
4 1 4.46
5 1 7.59
5 4 2.28
4 2 5.61
4 4
-1000 -1000
-1000 1000
1000 -1000
1000 1000
4 1 1.00
3 2 1.00
2 3 1.00
1 4 1.00
20 40
-959 -940
-993 -982
-907 -944
-934 -985
992 908
969 950
-937 -975
924 972
919 914
-911 -950
-986 -921
-946 -930
-964 -908
-981 -976
-977 -957
-904 -991
-973 -919
-988 -936
-908 -921
-976 -978
2 5 6.09
17 8 3.06
14 8 5.79
15 5 7.71
1 8 7.70
2 6 2.37
15 8 6.12
3 9 4.32
20 9 4.22
16 8 7.42
10 5 3.81
4 6 1.21
18 6 4.47
18 8 8.33
4 8 9.91
18 9 3.03
13 6 4.99
10 6 6.63
2 8 8.39
1 5 5.78
19 6 4.10
4 5 9.45
1 9 4.71
3 5 2.16
11 6 9.77
16 9 4.52
13 8 2.18
20 5 8.66
17 5 1.41
7 8 1.00
18 5 3.80
11 5 2.04
15 6 8.74
2 9 2.69
3 6 2.03
16 5 1.01
1 6 3.21
17 9 3.42
19 5 8.51
14 6 2.22
20 10
58 -11
3 11
-352 153
248 -87
43 -5
178 -59
243 -85
-387 167
308 -111
-192 89
-82 45
-512 217
-332 145
-212 97
128 -39
-112 57
-87 47
83 -21
-52 33
-242 109
17 20 5.21
14 3 1.92
13 20 3.53
8 16 1.77
15 20 7.47
10 4 5.28
9 17 8.86
10 7 9.34
9 14 5.00
15 4 4.64
20 36
0 8
1000 1000
0 7
0 17
0 12
0 15
0 9
0 1
0 10
0 2
0 16
0 3
0 13
0 6
0 4
0 18
0 14
0 5
-1000 1000
0 11
9 2 1.00
10 2 1.00
14 19 1.00
13 2 1.00
7 19 1.00
4 19 1.00
20 2 1.00
5 2 1.00
9 19 1.00
4 2 1.00
8 2 1.00
17 2 1.00
6 2 1.00
16 19 1.00
17 19 1.00
18 19 1.00
10 19 1.00
20 19 1.00
1 2 1.00
13 19 1.00
16 2 1.00
3 2 1.00
15 2 1.00
6 19 1.00
5 19 1.00
3 19 1.00
7 2 1.00
1 19 1.00
15 19 1.00
12 19 1.00
11 19 1.00
18 2 1.00
12 2 1.00
11 2 1.00
8 19 1.00
14 2 1.00
6 30
-581 106
-936 -994
-752 956
-591 -748
153 757
996 322
2 5 5.33
5 3 4.76
6 4 1.48
5 4 3.29
4 1 3.18
5 6 7.05
1 5 5.78
3 6 8.65
2 6 7.15
4 2 7.13
3 1 3.69
2 4 1.63
4 3 6.02
1 6 7.63
5 2 8.18
4 6 4.34
2 1 6.34
1 3 1.13
3 2 4.33
3 4 5.90
2 3 7.33
6 3 2.83
4 5 6.41
6 2 7.76
5 1 4.38
1 2 2.68
6 1 7.10
1 4 5.20
6 5 7.63
3 5 5.74
20 10
379 953
-351 65
-1000 -1000
210 189
-928 582
-376 649
-437 315
-688 536
-210 -815
-690 -541
-228 826
898 393
449 692
1000 1000
-949 -596
685 450
367 357
-369 -642
-441 -317
-367 -87
13 1 1.10
8 5 1.04
16 12 1.00
10 15 1.07
19 20 1.05
7 2 1.10
6 11 1.02
3 14 1.00
18 9 1.03
17 4 1.01
20 40
-589 197
539 299
-760 -988
63 -244
976 -542
703 592
-51 -76
-810 -199
302 -694
-760 -420
62 -949
-48 396
283 125
701 268
-952 -442
600 138
-291 852
-615 588
-839 -842
-103 908
16 18 9.10
18 3 1.06
13 5 7.46
14 4 5.41
20 1 4.94
16 17 5.41
3 9 9.00
13 19 8.68
15 14 1.14
7 14 2.03
16 5 6.24
13 16 9.23
4 6 2.84
2 8 7.26
17 10 4.26
6 20 7.32
10 7 2.24
9 5 9.76
6 8 7.93
15 12 8.42
19 14 7.69
3 19 9.24
16 20 4.46
13 9 3.16
4 18 6.65
5 10 4.77
19 17 7.26
13 18 8.12
11 6 3.80
4 5 1.92
15 6 2.72
15 3 8.78
4 11 5.47
7 4 7.58
5 17 8.07
1 4 7.31
13 17 7.83
18 17 9.17
20 2 4.51
2 20 9.58
8 16
-9 -4
-35 -38
-33 45
1 19
19 -23
18 6
-117 81
8 9
3 2 1.18
5 7 1.21
4 6 1.10
1 2 1.25
3 7 1.18
8 5 1.29
4 2 1.16
5 6 1.26
3 8 1.27
2 3 1.22
3 1 1.03
4 7 1.26
3 6 1.18
1 5 1.28
6 5 1.01
7 5 1.02
20 40
131 -184
215 -268
75 -128
-93 40
-81 28
251 -304
87 -140
407 -460
-61 8
283 -336
-305 252
395 -448
-141 88
-229 176
267 -320
83 -136
-357 304
-181 128
151 -204
427 -480
13 7 1.81
11 4 1.74
14 5 4.97
13 19 9.69
3 8 5.68
12 11 7.18
12 1 6.82
14 18 1.65
17 6 6.75
8 9 7.08
10 15 4.81
10 14 5.87
7 3 8.81
13 4 2.38
10 4 8.15
5 1 8.69
12 9 6.73
5 7 1.38
19 6 5.10
16 9 2.00
13 10 5.96
8 16 1.40
16 1 2.01
16 17 5.06
9 6 4.84
6 14 6.63
15 9 6.68
18 13 4.50
12 17 1.44
4 16 3.08
8 12 9.56
2 17 8.83
3 13 9.45
5 14 4.60
1 16 3.74
19 9 2.11
13 14 2.98
18 3 8.93
2 16 8.19
17 7 4.38
20 20
595 126
-104 -823
649 -302
-848 -344
796 649
-233 120
824 -364
-214 798
27 346
736 -941
195 825
-39 -274
133 -949
-812 151
583 -464
-74 -492
850 511
827 95
-453 -496
-140 -611
6 20 9.31
17 18 8.97
19 14 1.55
20 17 7.54
16 11 4.50
5 1 2.07
7 10 9.32
9 7 4.90
2 4 4.42
7 5 10.00
14 9 7.74
3 10 7.11
7 19 8.53
6 19 4.06
7 11 7.75
15 12 3.37
7 14 8.27
3 9 9.66
8 3 2.42
19 15 3.19
20 40
-990 -500
15 -1000
17 -1000
-996 500
309 500
18 -1000
23 500
-699 500
966 500
13 -1000
12 -1000
-696 -500
691 500
-14 -500
-2 500
14 -1000
19 -1000
16 -1000
-304 -500
-301 500
11 17 10.00
2 18 10.00
11 10 10.00
18 2 10.00
2 10 10.00
19 14 1.07
2 3 10.00
10 11 10.00
20 15 1.08
11 16 10.00
10 2 10.00
13 9 1.04
11 3 10.00
16 17 10.00
18 6 10.00
2 17 10.00
2 16 10.00
16 18 10.00
2 6 10.00
11 6 10.00
10 18 10.00
16 2 10.00
5 7 1.07
18 3 10.00
16 10 10.00
10 16 10.00
16 11 10.00
10 6 10.00
10 3 10.00
8 4 1.06
10 17 10.00
11 18 10.00
2 11 10.00
16 3 10.00
18 10 10.00
16 6 10.00
18 16 10.00
12 1 1.06
11 2 10.00
18 11 10.00
20 37
-8 -149
4 -179
-56 -29
-264 491
6 -184
-156 221
-216 371
-186 296
-202 336
-190 306
-122 136
60 -319
-204 341
-248 451
-286 546
-80 31
-166 246
-268 501
82 -374
-284 541
16 3 2.92
17 1 5.79
12 16 1.32
8 12 1.32
15 5 7.59
13 7 5.91
3 16 1.40
16 19 1.68
1 9 5.95
10 9 7.60
5 10 6.30
7 15 9.34
8 13 6.52
6 19 7.72
11 10 5.81
9 19 7.06
6 3 7.53
2 6 3.69
12 11 7.87
5 9 1.76
14 20 6.23
13 3 4.36
8 6 2.98
15 8 1.92
4 3 3.23
20 16 6.89
1 7 5.07
4 7 5.30
10 11 6.62
1 14 9.29
14 3 2.15
12 1 5.63
9 2 6.61
9 5 6.01
11 5 3.83
4 13 2.44
12 3 1.96
20 37
304 500
18 -1000
982 500
-693 -500
-38 -500
-1000 -1000
-307 -500
16 -1000
1000 1000
-305 500
-989 500
-695 500
27 500
-21 500
19 -1000
14 -1000
-998 -500
17 -1000
696 500
15 -1000
1 13 1.03
18 15 10.00
2 16 10.00
20 16 10.00
2 8 10.00
20 2 10.00
10 14 1.06
18 8 10.00
8 20 10.00
16 20 10.00
16 18 10.00
2 15 10.00
19 3 1.04
16 2 10.00
8 15 10.00
12 11 1.06
15 8 10.00
8 2 10.00
15 18 10.00
8 16 10.00
2 20 10.00
15 20 10.00
18 16 10.00
8 18 10.00
20 8 10.00
20 15 10.00
7 5 1.05
16 15 10.00
15 16 10.00
4 17 1.08
16 8 10.00
2 18 10.00
15 2 10.00
6 9 1.00
20 18 10.00
18 2 10.00
18 20 10.00
20 40
-601 -828
255 68
-381 635
318 -441
262 269
311 -27
849 532
-744 370
814 291
-720 -787
97 -784
235 609
-655 -784
-889 -615
766 -454
-944 786
-222 539
-603 -992
55 336
599 -785
11 7 9.42
19 10 5.11
13 6 7.09
16 12 6.84
17 13 4.58
4 11 2.12
2 12 8.53
12 9 2.86
17 16 6.11
1 19 3.36
4 17 3.90
19 7 2.62
7 2 5.99
19 18 7.81
9 15 3.30
14 5 4.93
1 3 5.00
1 6 6.48
10 13 6.58
17 12 2.29
7 13 9.91
18 9 9.57
19 16 1.65
14 20 3.24
1 10 4.58
3 4 7.86
11 12 1.77
10 15 2.02
15 20 4.54
17 4 1.46
9 5 9.31
2 20 5.47
2 18 8.38
15 6 6.13
3 10 4.46
12 13 9.79
9 20 5.86
4 9 9.22
8 18 2.83
17 11 1.92
20 40
318 -265
536 -588
869 506
-210 332
-896 883
-545 339
-924 229
365 -188
-475 927
-46 -911
460 -636
-655 -820
-145 855
-333 96
-832 -254
-863 671
-595 674
-322 2
-615 195
151 782
20 4 2.38
6 15 2.62
13 1 7.52
3 17 1.65
11 13 8.18
16 13 4.03
4 20 1.24
13 16 9.09
3 19 2.27
17 10 9.97
12 17 2.97
4 8 5.32
18 11 9.10
5 6 5.00
13 14 5.24
8 12 4.81
12 19 9.22
17 7 4.78
13 3 9.26
19 14 3.12
2 19 4.20
13 2 4.75
4 3 6.53
3 18 3.79
16 19 3.43
4 17 2.35
19 7 4.12
1 4 7.46
12 6 7.99
6 3 4.59
3 15 7.58
10 17 6.80
16 14 8.84
20 14 5.57
5 4 4.77
14 13 6.83
3 1 1.33
18 17 1.33
20 17 5.36
2 11 3.01
20 40
0 4
2 1
1 2
3 1
3 3
2 2
1 0
2 3
0 0
3 2
3 4
1 4
0 1
1 3
0 2
1 1
2 4
2 0
0 3
3 0
16 3 1.00
8 14 1.00
8 10 1.00
2 20 1.00
8 17 1.00
2 10 1.00
14 12 1.00
16 2 1.00
3 19 1.00
3 16 1.00
8 6 1.00
14 8 1.00
8 11 1.00
3 6 1.00
14 1 1.00
16 15 1.00
3 13 1.00
16 9 1.00
3 14 1.00
14 3 1.00
2 16 1.00
3 8 1.00
16 18 1.00
16 7 1.00
14 15 1.00
14 17 1.00
2 4 1.00
2 18 1.00
8 12 1.00
8 3 1.00
14 19 1.00
2 6 1.00
3 15 1.00
16 13 1.00
2 3 1.00
16 6 1.00
3 2 1.00
14 6 1.00
8 5 1.00
2 7 1.00
20 31
-334 -13
227 -13
-82 -13
-1 -13
179 -13
-142 -13
131 -13
-199 -13
164 -13
-85 -13
176 -13
-346 -13
92 -13
-310 -13
-52 -13
110 -13
-106 -13
68 -13
23 -13
-292 -13
20 3 2.47
7 1 7.86
7 17 8.01
18 15 2.75
2 6 6.22
4 9 9.72
9 10 4.60
12 3 9.09
9 11 8.66
14 7 3.98
10 3 8.27
11 16 6.23
5 15 1.53
20 11 2.30
2 14 1.10
13 6 7.75
7 9 4.06
8 18 1.74
12 16 3.69
5 14 2.37
3 5 8.62
17 6 2.78
15 10 3.69
18 3 8.46
18 17 1.07
2 5 5.58
1 14 8.68
6 3 9.91
20 2 8.40
10 11 4.33
20 5 4.57
7 15
1 -2
12 5
1 3
0 0
2 2
0 -2
3 1
3 7 1.00
2 7 2.01
7 5 1.06
7 4 1.30
4 5 1.21
2 4 2.11
3 5 2.78
5 7 1.24
3 6 2.59
2 5 1.06
4 3 2.40
7 2 2.32
5 3 3.28
7 6 3.24
7 1 2.61
18 27
-20 -253
333 -332
196 -116
176 -371
235 -273
98 -57
-216 -135
78 -312
274 -430
39 -155
294 -175
0 2
137 -214
-157 -37
-59 -96
-118 -194
392 -234
-98 61
5 4 3.05
10 13 4.73
18 14 3.79
3 11 8.10
18 12 9.42
10 1 4.04
4 9 8.85
15 10 8.90
13 8 5.49
12 6 3.12
13 5 5.22
11 5 7.70
1 8 2.28
3 13 9.37
14 7 9.54
8 4 2.77
7 16 7.83
17 2 2.53
11 17 2.53
5 2 9.13
14 15 6.69
16 1 9.09
6 10 5.33
2 9 7.30
6 3 8.20
15 16 9.28
12 15 6.91
20 28
-24 120
23 -21
-1 51
-38 162
98 -246
-89 315
49 -99
77 -183
85 -207
58 -126
-81 291
-53 207
-63 237
-41 171
29 -39
-73 267
31 -45
62 -138
32 -48
-50 198
18 14 2.54
9 10 7.33
12 8 5.64
7 6 6.45
5 1 9.29
18 9 2.35
14 17 1.71
14 2 6.16
11 12 3.99
14 11 1.66
10 3 2.77
17 19 8.84
16 18 8.54
7 16 6.31
20 16 4.79
11 9 7.05
20 12 7.56
14 3 6.19
20 2 5.64
7 20 3.38
16 12 5.27
8 1 2.44
15 5 1.25
11 15 8.60
1 15 9.17
12 7 7.70
2 1 5.42
16 20 7.29
20 40
-973 -937
-948 -955
922 998
-962 -959
-935 -953
927 936
-958 -998
-906 -994
-945 -931
-949 -905
928 949
-991 -938
-978 -950
-936 -940
-945 -981
-917 -998
-999 -941
943 950
-966 -917
-911 -992
16 6 6.61
9 6 6.23
4 6 7.27
7 3 5.48
19 11 8.53
19 6 8.45
19 18 7.40
9 18 8.64
12 18 7.42
15 6 4.30
14 6 6.13
20 3 2.76
7 6 5.51
14 18 1.29
15 18 2.68
2 3 2.69
19 3 3.36
14 11 9.95
20 18 8.28
10 3 1.18
1 3 5.02
12 11 7.86
7 11 1.01
7 18 1.22
15 11 6.02
10 18 6.36
10 6 4.58
8 6 6.54
5 11 5.71
16 18 7.47
8 3 5.13
8 11 9.64
14 3 6.55
15 3 7.57
4 18 4.33
20 11 2.54
13 3 6.27
17 6 5.85
5 3 2.48
16 3 2.05
20 10
-241 -500
238 -500
97 100
-98 700
-97 100
205 700
-233 100
-99 -200
236 100
100 400
-100 400
98 700
-274 700
254 400
-233 -200
98 -500
99 -200
-236 400
247 -200
-98 -500
17 19 1.08
10 14 1.07
16 2 1.02
11 18 1.02
12 6 1.01
3 9 1.06
5 7 1.04
4 13 1.09
8 15 1.01
20 1 1.03
20 34
-121 17
-286 17
-436 17
29 17
-56 17
114 17
194 17
-251 17
434 17
-356 17
-126 17
-386 17
404 17
-371 17
249 17
-241 17
164 17
394 17
-411 17
279 17
2 19 2.28
19 6 1.16
3 20 6.40
3 16 9.06
16 18 3.74
11 16 2.66
6 16 9.50
15 11 3.94
13 17 4.57
20 14 6.37
14 2 1.03
11 6 8.85
17 7 7.94
5 12 4.71
16 5 9.22
7 15 3.81
6 12 9.70
13 10 2.29
19 1 6.32
4 15 4.83
1 18 6.75
3 14 4.09
1 15 1.97
18 12 3.95
15 20 5.65
14 17 2.88
4 10 7.46
13 2 1.45
20 8 9.78
4 6 2.46
20 5 2.64
19 13 1.75
11 12 1.74
11 8 9.98
20 20
980 -500
-980 500
-304 -500
18 -1000
-695 500
693 500
-29 500
-696 -500
307 500
19 500
951 500
36 -500
691 -500
19 -1000
16 -1000
-305 500
309 -500
-16 -500
-998 -500
17 -1000
4 20 10.00
14 15 10.00
3 18 1.07
13 1 1.06
20 4 10.00
9 10 1.07
20 15 10.00
6 11 1.00
8 19 1.07
20 14 10.00
15 14 10.00
16 7 1.03
4 15 10.00
4 14 10.00
14 20 10.00
15 4 10.00
14 4 10.00
5 2 1.04
17 12 1.05
15 20 10.00
20 40
-975 -928
-951 -960
-906 -931
-919 -954
-972 -973
-997 -984
-978 -958
-969 -980
-973 -994
-996 -900
948 927
-974 -906
-957 -912
929 953
-917 -942
913 979
960 979
-977 -944
-964 -953
-944 -966
1 11 3.63
7 17 5.10
10 16 5.78
7 16 6.86
20 14 5.40
10 14 8.97
10 17 2.34
4 14 4.25
15 11 4.96
8 17 7.18
3 14 9.29
3 16 9.89
12 14 2.65
5 17 4.58
3 11 8.20
18 11 1.93
12 17 3.10
7 14 6.36
13 11 9.65
5 14 7.30
8 14 7.02
20 17 6.64
19 11 2.75
8 11 1.27
3 17 2.79
12 16 6.93
6 14 7.19
15 16 9.09
9 14 9.65
13 16 2.21
19 17 8.47
2 14 7.40
15 14 5.71
15 17 8.99
1 14 4.52
9 16 2.02
5 11 5.80
13 17 1.70
20 11 5.26
2 11 1.38
20 31
-60 -106
-229 -193
-62 64
26 -190
-145 -107
-58 -276
-232 62
23 65
-61 -21
-231 -23
-147 63
-230 -108
-143 -277
24 -20
-228 -278
27 -275
-144 -192
-146 -22
-59 -191
25 -105
4 16 6.16
11 18 8.93
8 3 6.35
9 18 1.35
1 19 2.04
11 7 9.67
10 12 1.92
4 19 7.97
7 10 7.66
20 4 7.51
13 15 7.46
3 9 3.36
14 9 8.34
3 11 9.33
8 14 3.36
18 10 3.88
1 5 7.85
19 6 1.71
2 15 6.40
20 1 2.98
17 2 3.04
16 6 5.50
6 13 2.70
14 20 8.24
12 2 8.60
19 17 4.01
9 1 6.23
18 5 1.00
5 12 2.92
5 17 3.93
17 13 2.21
2 2
735 24
-773 119
1 2 7.49
2 1 9.25
12 15
0 3
-1 1
1 1
3 -1
-1 -2
3 -3
3 0
-1 2
-2 1
3 -2
1 0
-2 -1
7 11 1.00
10 4 1.00
9 7 1.00
10 3 1.00
11 10 1.00
4 3 1.00
6 2 1.00
5 2 1.00
10 8 1.00
1 10 1.00
8 2 1.00
10 9 1.00
11 6 1.00
4 7 1.00
6 4 1.00
20 28
230 506
215 761
170 76
165 161
255 81
250 166
245 251
145 501
220 676
140 586
130 756
240 336
135 671
260 -4
160 246
150 416
155 331
175 -9
235 421
225 591
18 14 4.08
15 7 2.67
13 11 7.85
15 17 3.21
3 5 3.29
10 20 2.66
4 6 6.56
18 3 3.99
9 2 1.90
8 10 3.46
12 19 7.74
5 6 7.65
8 1 2.33
14 5 8.86
20 9 1.14
17 12 5.76
16 19 9.90
10 13 3.98
19 1 9.11
11 2 6.12
17 16 2.12
3 4 5.30
4 15 6.00
13 9 1.39
16 8 6.41
1 20 8.83
6 7 6.60
7 12 7.34
20 40
449 41
-651 -275
353 -870
-927 491
-417 -826
381 108
-657 1000
64 -519
438 440
-286 -668
332 946
712 354
-232 254
647 487
234 73
-284 -363
-95 -115
371 -916
-136 644
-35 655
15 7 5.12
9 10 5.85
19 9 8.56
7 18 4.14
17 2 9.82
13 2 2.74
4 6 6.19
14 10 1.16
19 6 3.78
19 3 2.41
6 11 6.47
1 14 2.55
5 17 8.32
10 2 7.81
2 9 1.99
19 17 5.63
17 5 3.00
6 9 9.96
4 5 2.66
8 4 3.42
15 1 2.11
20 2 7.04
11 6 3.74
12 18 9.33
13 18 1.07
12 14 1.21
13 3 4.53
9 20 4.23
19 4 4.24
13 17 9.90
10 8 8.89
18 15 6.07
17 14 6.40
4 19 6.61
2 7 7.28
5 12 7.34
9 2 3.13
7 12 2.64
15 20 5.76
19 11 3.51
6 4
28 -120
-108 50
-260 240
-16 -65
-236 210
-52 -20
2 1 4.30
2 5 3.56
1 3 3.60
6 2 3.17
0 0
