6.0000000
6.9282032
6.0000000
7.7320508
6.9282032
6.0000000
135.0999630
103.9230485
18.9282032
18.9282032
231.8704896
231.8704896
2361.2933530
2361.2933530
1094.9292144
1088.1497594
1097.6049327
560.1562954
548.9357503
571.3191269
19.8564065
17.1961524
20.1961524
11.1961524
37259.5647782
36103.3885047
38369.1089639
35260.5126886
35057.4998875
29040.6402760
49367.5453420
41541.6720174
2072.4895054
1434.1380687
84008.2140551
83890.3148575
43110.5962753
40688.0627427
319.0525589
24.0000000
45057.8780101
47039.9426299
4478.8251077
4643.4502894
4762.7017632
4656.8044886
4860.5575286
47016.3520512
46776.3482050
47111.4663948
47093.7704274
47033.9635199
