6.0000000
6.9282032
6.0000000
7.7320508
6.9282032
6.0000000
135.0999630
10.3923048
18.9282032
18.9282032
231.8704896
231.8704896
2361.2933530
2361.2933530
1097.2074731
1094.8048587
1092.8484892
560.7114317
541.3191269
569.3139721
12.9282032
17.6602540
17.1961524
18.5884573
31559.3272158
33040.8576885
50125.7001836
34513.2652594
44667.9664807
28503.3423101
47902.3113548
45002.4232069
1461.8508816
166.0525589
83213.8952984
84067.6892065
39614.9813766
41662.7661846
166.0525589
202.1769145
45617.0584273
45791.5969889
4712.1480081
4693.8261188
4552.8124058
4654.9456898
4582.0758413
46970.3297799
47263.1230470
47045.8134895
46537.3290397
46839.3877645
