6.0000000
6.9282032
6.0000000
7.7320508
6.9282032
6.0000000
65.8179307
162.8127759
12.0000000
12.0000000
147.0000000
147.0000000
1497.0000000
1497.0000000
1087.1305216
1092.9728449
1082.6805030
578.5626834
566.7447527
581.4050067
14.1961524
11.6602540
15.9282032
13.3923048
49148.1159692
50900.4136376
36385.5477609
35987.5309880
36620.4029579
26584.4972243
46981.7382893
55341.4810198
1065.7639906
2456.0480451
80786.8648390
89042.2687354
42689.6303099
43570.5160655
336.2487113
639.9615242
46560.6305809
44502.2627678
4509.9752372
4509.4248856
4645.2489822
4767.9288443
4822.5994078
46629.5972599
47232.1972361
47630.2929563
46692.4489808
46742.5714860
