196470
186245
186050
185850
132555
132360
132160
186206
186010
185811
132516
132320
132121
196411
140
186167
185970
185772
132477
132280
132082
186128
185930
185733
132438
132240
132043
186089
185890
185694
132399
132200
132004
196410
139
196409
138
196408
137
136
135
134
133
132
196422
131
196421
130
196420
196419
196418
196417
196416
196415
144
196414
143
186207
185812
132517
132122
196413
142
186168
185773
132478
132083
186129
185734
132439
132044
186090
185695
132400
132005
186051
185656
132361
131966
186011
132321
196412
141
185971
132281
185931
132241
185891
132201
185851
132161
1
