92
1 1 1
99 1 1
100 1 1
101 1 1
197 1 1
198 1 1
199 1 1
99 3 1
100 3 1
101 3 1
197 3 1
198 3 1
199 3 1
1 4 1
999 4 1
99 5 1
100 5 1
101 5 1
197 5 1
198 5 1
199 5 1
99 7 1
100 7 1
101 7 1
197 7 1
198 7 1
199 7 1
99 9 1
100 9 1
101 9 1
197 9 1
198 9 1
199 9 1
1 4 2
999 4 2
1 4 3
999 4 3
1 4 4
999 4 4
1 4 5
999 4 5
1 4 6
999 4 6
1 4 7
999 4 7
1 4 8
999 4 8
1 4 9
999 4 9
1 4 10
999 4 10
1 4 11
999 4 11
999 4 12
999 4 13
999 4 14
999 4 15
1 3 17
1 3 18
100 2 19
101 2 19
197 2 19
199 2 19
1 3 19
100 4 19
101 4 19
197 4 19
199 4 19
100 6 19
101 6 19
197 6 19
199 6 19
100 8 19
101 8 19
197 8 19
199 8 19
100 10 19
101 10 19
197 10 19
199 10 19
99 2 20
198 2 20
1 3 20
99 4 20
198 4 20
99 6 20
198 6 20
99 8 20
198 8 20
99 10 20
198 10 20
999 10 20
