196470
177200
177000
176805
157925
157730
157530
177160
176961
176766
157886
157690
157491
196411
140
177120
176922
176727
157847
157650
157452
177080
176883
176688
157808
157610
157413
177040
176844
176649
157769
157570
157374
196410
139
196409
138
196408
137
196407
136
196406
135
196405
134
196404
133
196403
132
196402
131
196401
130
129
128
127
126
196415
196414
176962
176767
157887
157492
196413
176923
176728
157848
157453
176884
176689
157809
157414
176845
176650
157770
157375
176806
176611
157731
157336
177161
157691
196412
177121
157651
177081
157611
177041
157571
177001
157531
1
