92
1 1 1
173 1 1
174 1 1
175 1 1
927 1 1
928 1 1
929 1 1
173 3 1
174 3 1
175 3 1
927 3 1
928 3 1
929 3 1
999 3 1
1 4 1
173 5 1
174 5 1
175 5 1
927 5 1
928 5 1
929 5 1
173 7 1
174 7 1
175 7 1
927 7 1
928 7 1
929 7 1
173 9 1
174 9 1
175 9 1
927 9 1
928 9 1
929 9 1
999 3 2
1 4 2
999 3 3
1 4 3
999 3 4
1 4 4
999 3 5
1 4 5
999 3 6
1 4 6
999 3 7
1 4 7
1 4 8
1 4 9
1 4 10
1 4 11
1 4 12
999 2 13
999 2 14
999 2 15
999 2 16
999 2 17
999 2 18
1 3 18
173 2 19
175 2 19
928 2 19
929 2 19
999 2 19
1 3 19
173 4 19
175 4 19
928 4 19
929 4 19
173 6 19
175 6 19
928 6 19
929 6 19
173 8 19
175 8 19
928 8 19
929 8 19
173 10 19
175 10 19
928 10 19
929 10 19
174 2 20
927 2 20
999 2 20
1 3 20
174 4 20
927 4 20
174 6 20
927 6 20
174 8 20
927 8 20
174 10 20
927 10 20
999 10 20
