196470
162645
162450
162250
14360
14160
13965
162606
162410
162211
14320
14121
13926
160
196411
162567
162370
162172
14280
14082
13887
162528
162330
162133
14240
14043
13848
162489
162290
162094
14200
14004
13809
159
196410
158
196409
157
196408
156
196407
155
196406
154
196405
196404
196403
196402
196401
196400
168
167
166
165
164
163
196414
162607
162212
14122
13927
162
196413
162568
162173
14083
13888
162529
162134
14044
13849
162490
162095
14005
13810
162451
162056
13966
13771
162411
14321
161
196412
162371
14281
162331
14241
162291
14201
162251
14161
1
