92
1 1 1
741 1 1
742 1 1
743 1 1
964 1 1
965 1 1
966 1 1
741 3 1
742 3 1
743 3 1
964 3 1
965 3 1
966 3 1
999 3 1
741 5 1
742 5 1
743 5 1
964 5 1
965 5 1
966 5 1
1 6 1
741 7 1
742 7 1
743 7 1
964 7 1
965 7 1
966 7 1
741 9 1
742 9 1
743 9 1
964 9 1
965 9 1
966 9 1
999 3 2
1 6 2
999 3 3
1 6 3
999 3 4
1 6 4
999 3 5
1 6 5
1 6 6
1 6 7
1 6 8
1 6 9
1 6 10
999 2 11
999 2 12
999 2 13
999 2 14
999 2 15
999 2 16
1 5 16
999 2 17
1 5 17
999 2 18
1 5 18
742 2 19
743 2 19
964 2 19
965 2 19
999 2 19
742 4 19
743 4 19
964 4 19
965 4 19
1 5 19
742 6 19
743 6 19
964 6 19
965 6 19
742 8 19
743 8 19
964 8 19
965 8 19
742 10 19
743 10 19
964 10 19
965 10 19
741 2 20
966 2 20
999 2 20
741 4 20
966 4 20
1 5 20
741 6 20
966 6 20
741 8 20
966 8 20
741 10 20
966 10 20
999 10 20
