196470
50940
50740
50545
7080
6885
6690
50900
50701
50506
7041
6846
6650
160
50860
50662
50467
7002
6807
6610
196372
50820
50623
50428
6963
6768
6570
50780
50584
50389
6924
6729
6530
159
196371
158
196370
157
196369
156
196368
196367
196366
196365
196364
196363
170
169
168
167
166
165
196377
164
196376
163
196375
50702
50507
7042
6847
162
50663
50468
7003
6808
196374
50624
50429
6964
6769
50585
50390
6925
6730
50546
50351
6886
6691
50901
6651
161
50861
6611
196373
50821
6571
50781
6531
50741
6491
1
