969001 6
961900 6
96190 6
9619 6
961090 6
909500 6
90950 6
9095 6
909490 6
90949 6
909409 6
909380 6
90938 6
909308 6
851742 6
642654 6
66666 5
777451 6
777415 6
777272 6
777227 6
4 1
38 2
38 3
38 4
38 5
38 6
631764 6
6174 4
549945 6
495 3
105 3
104624 6
707381 6
191981 6
27603 5
171934 6
859434 6
188254 6
680988 6
94332 6
9972 6
902709 6
902097 6
902079 6
901960 6
90196 6
901906 6
901690 6
831080 6
83108 6
831075 6
831071 6
99989 5
99964 5
998873 6
383319 6
383318 6
877 3
920 3
92 3
92 2
700 5
70 5
70 2
7 5
7 2
30000 5
3000 5
300 5
30 5
30 2
3 5
3 2
0 0
