13 420876 7
13 420876 7
13 420876 7
13 420876 7
13 420876 7
13 420876 7
13 420876 7
13 420876 7
13 420876 7
13 420876 7
13 420876 7
13 420876 7
13 420876 7
13 420876 7
0 851742 7
0 642654 7
1 0 1
1 631764 1
1 631764 1
1 549945 1
1 549945 1
1 0 1
1 45 5
4 495 1
5 6174 1
1 82962 4
8 851742 7
0 631764 1
0 6174 1
0 549945 1
0 495 1
1 495 1
1 631764 1
2 631764 1
4 631764 1
2 63954 4
1 860832 7
7 420876 7
9 420876 7
12 420876 7
12 420876 7
13 420876 7
13 420876 7
13 420876 7
13 420876 7
13 420876 7
13 420876 7
13 420876 7
13 420876 7
11 420876 7
11 420876 7
11 851742 7
11 851742 7
6 74943 4
6 63954 4
3 860832 7
3 420876 7
3 420876 7
6 495 1
5 495 1
5 495 1
1 63 5
2 62964 4
2 62964 4
1 63 5
2 62964 4
1 63 5
2 71973 4
2 71973 4
2 71973 4
2 71973 4
1 27 5
2 71973 4
1 27 5
