938900 6
93890 6
9389 6
906109 6
906091 6
906019 6
905900 6
90590 6
9059 6
905090 6
840852 6
420876 6
77777 5
8 1
775934 6
775842 6
775824 6
775741 6
775714 6
775522 6
775493 6
43 2
43 3
43 4
43 5
43 6
631764 6
6174 4
549945 6
495 3
105 3
104613 6
707183 6
191974 6
27602 5
171932 6
859433 6
188245 6
680977 6
94345 6
9949 6
900619 6
900590 6
90059 6
900509 6
900499 6
831041 6
831030 6
83103 6
831017 6
831014 6
831008 6
831006 6
831003 6
99989 5
99964 5
999479 6
383242 6
383239 6
383235 6
788 3
900 3
90 3
90 2
600 5
600 3
60 5
60 3
6 5
6 3
200 3
20 3
2 3
0 0
