0 0 0 0 0 1
0 1 0 0 0 0
0 0 0 0 0 1
0 0 0 0 0 1
0 0 1 0 0 0
0 0 0 1 0 0
0 0 0 1 0 0
0 0 0 0 1 0
1 0 0 0 0 0
0 0 0 0 1 0
0 0 0 0 1 0
0 0 1 0 0 0
0 0 1 0 0 0
0 0 0 1 0 0
0 0 0 0 0 1
0 1 0 0 0 0
0 0 0 1 0 0
1 0 0 0 0 0
0 1 0 0 0 0
1 0 0 0 0 0
0 0 0 0 1 0
1 0 0 0 0 0
0 0 1 0 0 0
0 1 0 0 0 0
1 0 1 0 0 0
1 1 0 0 0 0
1 1 0 0 0 0
1 1 0 0 0 0
0 1 0 0 0 1
1 0 1 0 0 0
1 0 1 0 0 0
1 1 0 0 0 0
1 0 0 1 0 0
1 1 0 0 0 0
1 0 0 1 0 0
1 0 0 0 1 0
1 0 0 0 1 0
1 1 0 0 0 0
1 0 0 0 1 0
0 1 0 0 0 1
1 0 0 1 0 0
1 0 0 0 1 0
1 1 0 0 0 0
0 1 0 0 0 1
1 0 1 0 0 0
1 1 0 0 0 0
0 1 0 0 0 1
1 0 0 1 0 0
1 0 1 0 1 0
1 1 1 0 0 0
1 0 1 0 1 0
1 1 1 0 0 0
1 1 1 0 0 0
0 1 1 0 0 1
1 1 1 0 0 0
1 1 1 0 0 0
1 1 1 0 0 0
1 1 1 0 0 0
1 0 1 0 1 0
1 1 1 0 0 0
1 1 0 1 0 0
0 1 1 0 0 1
0 1 1 0 0 1
1 1 1 0 0 0
1 1 1 0 0 0
1 1 0 1 0 0
1 1 1 0 0 0
1 1 1 0 0 0
1 1 0 1 0 0
0 1 1 0 0 1
1 0 1 0 1 0
1 1 0 1 0 0
0 1 1 0 0 1
1 0 1 0 1 0
0 1 1 0 0 1
1 1 1 0 0 0
0 1 1 0 0 1
1 1 1 0 0 0
1 1 1 0 0 0
1 1 1 0 0 0
1 1 1 0 0 0
1 1 1 0 0 0
1 1 0 1 0 0
0 1 1 0 0 1
1 1 1 0 0 0
1 0 1 0 1 0
1 1 1 0 0 0
1 0 1 0 1 0
1 1 0 1 0 0
1 0 1 0 1 0
1 1 1 0 0 0
1 1 1 0 0 0
1 1 0 1 0 0
1 1 0 1 0 0
1 1 1 0 0 0
1 1 1 0 0 0
1 1 2 0 0 0
1 1 2 0 0 0
1 1 2 0 0 0
1 1 2 0 0 0
2 2 3 0 1 0
1 2 1 0 0 0
2 2 3 0 0 1
1 1 2 0 0 0
2 2 3 0 0 1
2 2 3 0 0 1
2 2 3 0 1 0
1 1 2 0 0 0
2 2 3 1 0 0
2 2 3 1 0 0
2 2 3 1 0 0
1 2 1 0 0 0
1 1 2 0 0 0
1 2 1 0 0 0
2 2 3 0 1 0
2 2 3 0 1 0
1 1 2 0 0 0
1 2 1 0 0 0
2 2 3 0 0 1
2 2 3 1 0 0
2 2 3 1 0 0
2 2 3 1 0 0
1 2 1 0 0 0
1 1 2 0 0 0
1 1 2 0 0 0
2 2 3 0 0 1
1 1 2 0 0 0
1 1 2 0 0 0
1 1 2 0 0 0
2 2 3 0 1 0
1 1 2 0 0 0
1 2 1 0 0 0
2 2 3 0 1 0
2 2 3 0 0 1
1 1 2 0 0 0
2 2 3 0 1 0
1 2 1 0 0 0
1 1 2 0 0 0
2 2 3 0 1 0
2 2 3 0 0 1
2 2 3 1 0 0
2 2 3 0 0 1
1 2 1 0 0 0
2 2 3 1 0 0
1 1 2 0 0 0
2 4 1 1 0 0
2 2 8 0 1 0
4 6 6 0 0 1
6 4 10 1 0 0
4 5 11 1 0 0
