35
959 466 5
946 468 10
934 470 9
924 470 6
915 469 6
907 466 6
898 462 6
888 457 6
878 450 8
871 445 4
865 440 4
860 435 4
856 429 4
852 423 4
848 416 5
845 410 4
843 403 4
841 396 4
840 389 4
840 382 4
841 377 3
843 372 3
845 367 3
848 362 3
851 358 3
855 354 3
859 350 3
863 347 3
866 344 2
873 337 8
882 327 8
889 316 8
894 306 8
899 295 8
903 282 10
90
846 375 10
859 381 5
866 384 4
872 389 4
876 395 4
878 402 6
875 412 6
869 420 6
859 425 6
848 427 10
836 426 10
825 419 10
816 407 6
812 398 6
810 389 4
808 382 5
810 374 5
816 367 5
823 363 5
830 359 5
837 355 4
845 352 6
854 351 6
863 355 7
872 363 8
881 373 7
887 381 4
891 387 4
895 393 4
897 399 4
899 406 4
898 412 3
894 416 3
891 421 3
888 426 3
887 431 4
889 438 4
894 442 4
899 447 4
905 450 4
912 450 4
919 448 4
926 445 4
932 442 4
938 437 4
943 431 4
947 424 7
949 414 7
947 403 9
944 391 12
939 375 12
929 358 12
917 342 17
896 325 17
878 313 5
869 310 5
860 308 5
852 310 5
844 314 4
838 317 4
832 321 6
824 328 6
817 336 8
810 348 8
804 361 8
797 372 6
790 377 6
781 382 8
769 389 8
756 391 8
743 393 9
729 388 14
714 380 14
697 371 11
686 359 11
679 344 11
679 328 12
679 313 6
680 305 6
682 296 6
687 286 6
695 280 6
703 275 6
713 269 10
728 263 14
747 256 16
770 256 17
791 262 17
816 274 14
830 287 14
3
0 0 5
7 3 6
16 0 5
39
118 572 8
113 560 8
108 548 8
104 536 8
101 526 6
99 518 6
96 507 6
94 496 6
93 487 6
96 474 8
98 465 5
101 457 5
106 447 7
111 437 7
118 428 6
125 419 6
132 410 6
138 404 4
145 401 4
153 399 6
163 398 6
172 399 6
179 403 4
184 407 3
187 412 3
188 418 4
189 425 4
189 431 4
188 438 5
185 446 5
182 453 4
177 458 4
173 464 4
169 470 4
166 477 5
163 484 5
161 491 5
157 509 14
153 525 10
100
262 418 10
262 433 10
270 443 5
276 447 3
281 447 4
287 446 4
293 441 4
296 434 5
295 425 5
292 418 5
285 412 5
278 408 4
271 405 4
264 403 4
257 402 4
250 404 4
244 410 5
240 417 5
236 424 7
234 434 9
236 448 9
243 461 9
251 470 10
261 480 7
268 486 7
277 492 7
286 495 7
297 495 7
308 492 5
316 489 5
323 485 5
328 479 5
333 473 7
339 463 7
343 452 9
344 438 9
343 426 8
339 413 8
332 401 8
323 392 8
314 386 8
302 379 8
289 375 8
277 373 6
268 373 5
260 375 5
252 378 5
245 383 6
239 389 6
232 397 6
225 406 6
218 414 6
211 418 6
201 422 6
192 425 6
184 425 7
174 424 7
163 422 8
151 419 8
139 415 8
129 410 8
119 403 10
110 391 10
102 377 12
97 364 12
92 345 12
92 330 12
96 315 12
101 301 5
106 295 5
113 290 6
122 285 6
130 281 4
137 278 4
145 276 7
157 277 7
168 281 7
178 288 6
187 296 7
195 303 4
201 310 8
210 321 8
217 334 8
222 345 10
224 362 10
222 377 10
217 389 10
204 400 8
191 403 9
177 403 9
165 397 9
158 388 9
149 377 14
149 361 10
157 351 8
166 343 8
177 341 7
189 340 6
196 348 6
201 357 6
37
338 22 8
356 19 12
375 16 12
392 14 10
404 13 7
413 12 6
421 13 5
427 14 3
432 17 3
436 21 3
439 26 3
441 37 9
442 48 9
438 61 9
433 74 9
428 87 9
423 99 8
418 109 9
411 122 9
406 132 9
399 144 9
391 157 10
385 166 8
380 173 5
375 180 5
370 186 5
365 192 5
360 198 5
355 204 5
351 209 4
348 214 3
344 224 8
342 233 7
342 244 7
342 255 7
342 274 14
342 289 10
27
319 241 6
309 248 8
299 254 8
289 258 6
276 262 10
264 265 9
251 265 9
241 262 6
234 257 6
227 251 6
224 244 4
224 239 3
224 234 3
224 227 5
224 217 6
224 210 5
225 199 9
226 189 8
227 177 10
228 165 10
227 149 10
225 134 13
221 115 13
218 100 10
214 84 10
205 67 12
198 52 10
90
0 334 10
14 338 9
27 342 8
37 345 8
47 348 6
59 352 8
69 355 8
82 359 8
93 362 4
102 365 7
111 368 9
122 371 9
134 374 9
147 378 9
158 381 7
168 384 7
177 387 7
187 390 7
197 393 7
208 396 7
217 399 7
227 402 7
238 405 9
249 408 8
259 411 3
268 414 8
280 418 8
291 421 7
301 424 6
312 427 9
324 431 10
339 435 10
352 439 7
362 442 7
371 445 7
381 448 7
391 451 7
402 454 6
415 458 11
432 463 7
442 466 7
451 469 8
461 472 8
474 476 7
484 479 7
494 482 4
504 485 7
513 488 7
522 491 5
532 494 8
543 497 8
553 500 8
566 504 8
578 508 8
590 512 9
604 516 8
617 520 8
628 523 8
640 527 8
651 530 8
662 533 8
673 536 8
683 539 8
695 543 8
707 547 8
717 550 3
725 553 8
735 556 8
746 559 8
756 562 8
767 565 7
778 568 7
787 571 4
796 574 7
805 577 7
815 580 9
827 584 9
839 588 9
853 592 9
864 595 8
875 598 8
885 601 8
897 605 8
909 608 8
919 611 8
929 614 8
942 618 12
959 623 10
975 627 10
990 631 10
27
209 571 10
199 563 10
187 552 8
180 545 9
171 534 9
165 522 9
161 510 9
160 498 4
159 492 3
159 487 3
158 482 3
157 477 3
156 472 4
155 466 4
154 460 4
152 454 4
150 448 3
147 444 3
144 440 3
140 436 3
135 434 3
130 432 3
125 431 4
118 432 4
111 433 6
103 435 6
95 438 6
98
270 133 8
262 125 8
256 119 5
250 114 5
242 114 5
234 114 5
228 118 5
222 122 5
215 128 6
212 136 5
210 143 5
212 150 5
218 157 6
225 163 6
234 165 6
244 165 7
255 164 7
265 159 7
274 153 7
282 146 7
296 132 14
304 120 8
309 109 6
310 101 5
309 93 5
306 84 5
303 75 5
299 67 5
294 60 5
287 54 5
280 51 5
273 48 4
265 45 6
256 44 6
246 45 6
232 46 11
218 50 12
203 59 12
191 68 12
179 80 12
170 94 12
162 112 12
157 127 10
156 138 7
157 148 7
160 158 7
163 165 4
167 171 4
174 179 7
180 189 7
184 197 5
187 206 5
188 214 5
187 222 4
185 232 7
181 241 7
175 251 7
169 259 7
161 267 7
152 273 6
144 276 6
135 278 6
128 280 4
121 281 4
115 280 4
108 277 4
98 270 10
85 260 12
73 248 12
61 234 12
51 219 12
46 205 9
42 193 9
43 182 7
44 174 5
47 166 5
50 160 3
54 156 3
61 151 6
68 147 5
76 145 5
85 145 7
94 146 6
102 150 6
108 159 6
110 169 6
111 180 7
110 189 5
106 194 3
99 197 5
91 200 5
83 199 5
77 196 3
72 193 3
70 188 3
73 180 6
82 174 6
94 167 10
100
269 787 25
275 738 25
282 689 25
289 640 25
295 591 25
303 542 25
309 493 25
316 444 25
323 395 25
330 346 25
338 297 25
346 248 25
353 199 25
360 150 25
396 159 25
435 168 25
442 217 25
450 266 25
458 315 25
466 364 25
473 413 25
481 462 25
488 511 25
496 560 25
502 609 25
510 658 25
559 650 25
608 643 25
657 637 25
706 631 25
755 625 25
804 617 25
853 610 25
902 602 25
951 594 25
1000 588 25
992 539 25
986 490 25
978 441 25
970 392 25
962 343 25
954 294 25
947 245 25
940 196 25
934 147 25
928 98 25
922 49 25
915 0 25
866 8 25
817 15 25
768 23 25
719 31 25
670 39 25
621 46 25
572 53 25
523 61 25
474 69 25
425 76 25
376 82 25
327 90 25
278 96 25
229 102 25
180 108 25
131 114 25
82 122 25
75 171 25
69 220 25
62 269 25
55 318 25
49 367 25
43 416 25
36 465 25
28 514 25
20 563 25
14 612 25
7 661 25
0 710 25
6 759 25
14 808 25
20 857 25
69 865 25
118 873 25
167 881 25
216 889 25
265 895 25
314 902 25
363 908 25
412 914 25
461 922 25
510 929 25
559 936 25
608 943 25
657 950 25
706 958 25
755 966 25
804 974 25
853 980 25
902 987 25
951 993 25
1000 1000 25
100
494 684 5
495 678 4
492 673 3
489 668 3
483 660 8
476 650 8
469 641 7
465 635 4
460 628 5
453 619 8
446 611 6
439 603 6
433 595 6
427 587 6
422 581 5
417 575 5
411 568 5
410 560 5
410 552 5
414 544 5
424 539 7
431 535 5
438 532 4
448 527 8
457 522 8
467 517 8
476 513 7
487 508 9
498 503 9
509 498 9
520 493 7
531 488 7
539 485 4
542 480 3
541 475 3
540 471 2
535 468 4
529 464 4
524 461 4
515 455 8
507 449 8
497 442 8
490 437 5
484 433 5
478 429 5
471 424 5
465 420 5
459 416 5
448 408 9
440 400 7
438 392 5
442 386 4
446 380 4
450 374 4
453 369 4
456 364 4
461 358 4
466 351 5
471 345 5
476 339 5
481 333 5
486 327 5
490 322 3
495 316 5
500 309 5
503 301 6
506 291 6
506 283 6
503 274 6
500 267 4
498 262 3
496 257 3
494 252 3
492 247 3
490 242 3
488 237 3
486 232 3
484 227 3
482 222 3
480 217 3
478 212 3
477 207 3
476 202 3
475 197 3
475 192 3
475 187 3
475 182 3
475 177 3
475 172 3
475 167 3
475 162 3
475 156 4
475 150 4
475 141 6
475 134 4
475 129 3
475 124 3
474 119 3
467 109 10
455 104 10
100
737 164 10
737 177 5
737 184 6
735 194 7
733 205 5
732 213 5
730 221 5
728 230 5
727 238 4
727 244 5
725 252 5
722 260 4
720 266 4
718 272 3
717 277 3
716 282 3
716 287 3
716 292 3
715 297 4
713 304 7
709 312 3
707 317 3
706 322 3
706 327 3
706 332 4
705 340 6
704 348 6
702 358 5
699 365 3
698 370 3
698 375 3
698 380 3
699 385 3
699 390 3
699 395 3
698 400 3
696 405 3
695 410 3
695 415 3
695 420 3
696 425 3
696 430 3
695 435 3
693 440 3
691 445 3
689 450 4
686 456 3
684 461 3
682 466 4
679 473 4
675 480 6
670 488 8
662 497 9
653 509 10
647 520 7
642 529 7
637 539 9
632 550 9
623 562 11
613 572 9
602 581 9
592 590 9
581 601 9
571 612 9
562 623 10
550 634 10
539 642 12
521 652 9
508 659 8
497 664 9
488 670 9
479 679 9
470 689 11
458 701 11
447 709 11
434 716 11
421 722 11
406 731 11
394 739 11
380 750 14
363 768 14
352 780 14
338 790 14
319 803 13
301 810 13
283 821 13
265 832 13
250 839 13
234 849 8
223 855 8
211 859 8
198 863 8
187 866 5
178 868 5
171 869 4
164 871 4
158 873 4
152 874 4
145 874 4
139 873 4
3
0 0 5
8 0 5
8 8 5
100
453 656 8
439 659 9
425 665 9
416 670 6
408 677 6
403 683 5
398 689 4
395 696 4
392 704 5
388 714 8
385 724 8
384 734 7
384 744 7
385 758 11
388 771 11
392 783 8
396 792 8
402 804 8
408 813 8
415 821 8
424 829 8
432 835 7
443 842 10
455 847 8
465 851 8
478 854 8
488 856 6
498 857 6
509 857 9
520 857 7
530 857 8
541 857 8
555 854 8
566 850 8
576 845 8
587 836 8
595 830 7
604 822 7
609 816 5
615 809 5
619 802 4
622 795 5
626 785 6
629 774 6
630 763 7
629 751 7
626 741 7
623 733 4
621 727 3
618 722 3
613 716 5
605 710 6
595 705 6
587 701 6
577 697 6
567 694 6
557 692 7
546 691 7
537 691 7
526 694 7
516 699 7
506 706 7
497 713 7
489 722 7
482 732 7
478 742 7
474 752 6
471 762 6
471 770 6
473 785 11
476 801 11
482 814 8
487 821 6
495 829 6
504 835 6
511 839 5
518 841 4
525 841 5
535 840 6
546 837 6
555 833 6
561 827 5
564 822 3
567 817 3
569 811 4
570 804 4
565 792 11
554 780 10
544 770 8
534 763 8
523 759 8
511 759 7
501 762 7
496 767 4
493 778 8
494 788 8
503 798 8
512 800 7
524 796 10
535 791 10
100
260 259 10
275 263 9
286 259 9
300 254 9
305 244 5
308 236 5
310 228 5
306 221 4
302 215 4
296 211 4
288 208 7
276 204 10
261 199 10
246 196 10
231 201 10
218 211 10
213 223 4
213 230 4
214 238 5
216 247 5
220 256 7
225 265 7
233 272 7
242 280 8
251 286 8
261 289 9
274 289 9
287 285 8
299 279 8
308 270 8
316 261 8
324 253 8
328 244 5
330 237 5
331 230 5
332 223 3
333 218 3
333 213 3
331 208 3
329 203 3
327 198 4
322 192 5
316 185 5
309 179 5
302 175 6
292 172 10
279 168 10
265 165 10
249 162 7
240 161 5
233 162 6
224 165 6
215 169 6
207 174 6
200 180 6
194 189 7
188 198 8
182 209 8
178 221 8
177 232 8
177 245 7
180 257 7
184 267 9
191 280 13
200 293 13
213 305 13
227 317 13
244 328 13
260 339 13
276 347 13
295 355 19
322 361 19
346 363 19
371 363 13
391 360 16
414 352 12
429 345 8
439 338 12
453 324 10
463 312 6
467 304 6
471 294 7
474 284 7
477 273 9
480 260 5
480 253 4
479 246 4
478 239 4
476 232 6
472 223 7
467 213 5
462 206 5
457 200 3
452 197 4
445 193 5
437 189 5
429 186 5
421 184 5
413 183 5
405 182 7
10
802 0 10
814 0 4
820 1 4
826 1 4
832 3 5
838 5 5
845 7 3
849 10 3
853 14 4
857 18 3
93
2 981 13
27 991 20
51 992 17
69 993 13
85 992 10
107 989 13
126 986 10
144 979 11
164 968 18
181 956 15
203 940 14
216 928 12
236 906 24
261 879 21
283 849 23
296 824 20
309 794 17
313 768 18
316 732 21
329 690 25
325 663 22
316 638 19
307 604 20
302 580 17
289 559 14
274 541 11
254 517 21
234 498 18
210 478 23
177 452 25
159 434 22
137 407 19
113 378 19
99 352 19
87 325 23
78 299 20
77 272 17
73 240 21
77 206 19
85 181 15
97 152 23
119 118 20
135 97 17
148 85 14
170 69 16
189 58 12
215 55 20
239 51 13
259 52 9
288 59 22
312 59 19
334 64 12
348 69 9
365 78 13
378 87 10
394 103 14
410 121 13
418 133 10
424 144 5
427 162 15
429 185 12
428 200 6
430 222 17
438 251 20
448 272 11
466 297 20
486 317 17
513 334 23
547 355 24
585 376 24
616 390 21
641 402 18
665 409 15
695 420 17
723 426 23
757 434 20
780 436 17
803 435 14
820 432 11
837 425 8
853 417 11
864 412 8
881 399 17
907 372 23
928 346 23
943 327 14
958 302 24
967 276 22
982 245 22
992 224 12
998 210 9
1000 194 11
1000 176 10
11
0 0 5
8 0 5
18 8 10
8 16 5
0 16 5
0 24 5
3 32 5
10 32 5
17 28 8
27 25 3
30 18 5
90
1000 438 10
985 445 10
970 452 10
958 457 6
948 462 9
937 467 8
926 472 5
917 476 8
905 481 9
892 487 9
880 492 9
870 497 9
860 502 9
849 507 6
836 513 9
826 518 9
816 523 9
804 528 9
792 533 9
780 538 11
767 544 5
757 549 8
748 553 8
736 559 8
725 564 12
712 570 12
698 576 12
680 584 12
666 590 7
657 594 6
645 599 9
632 605 11
620 611 11
607 617 6
596 622 9
586 627 8
574 633 8
563 638 8
551 643 8
539 649 8
527 655 8
515 661 11
500 668 7
490 673 7
481 677 4
472 681 8
461 686 8
451 691 7
442 695 7
432 700 5
423 704 8
412 709 8
400 715 11
388 721 7
379 725 7
370 729 7
360 734 10
346 740 8
336 745 7
327 749 5
315 755 9
305 760 9
294 765 9
283 770 8
273 775 8
261 781 8
252 785 8
243 789 6
232 794 7
223 798 7
214 802 8
202 808 8
192 813 5
182 818 8
173 822 7
164 826 7
155 830 7
146 834 6
134 839 9
124 844 9
113 849 8
102 854 8
90 860 8
79 865 8
68 870 8
57 875 8
46 880 5
34 886 12
17 894 11
4 900 11
22
671 375 4
681 382 9
688 394 9
690 404 6
688 416 7
686 425 5
680 435 7
670 442 7
658 451 11
643 458 11
628 463 11
611 464 11
595 461 11
583 455 8
571 443 13
558 433 13
542 423 13
529 417 10
516 411 10
504 408 10
488 405 10
476 403 10
33
950 271 10
939 283 9
929 292 9
920 299 10
906 308 10
894 315 10
881 323 10
867 329 7
857 332 7
847 337 7
839 344 7
834 353 7
831 363 4
831 370 4
831 377 4
833 383 4
836 389 3
839 394 4
844 400 5
851 406 8
861 413 8
871 420 5
879 424 5
888 426 5
896 428 5
904 430 5
912 432 5
921 434 6
930 436 4
937 436 4
944 435 6
952 433 6
961 430 6
38
429 154 10
440 142 10
451 131 10
463 120 15
478 108 5
485 104 6
493 101 6
501 99 3
506 99 3
511 98 3
516 96 4
521 92 5
526 87 4
529 80 4
531 74 4
533 68 3
532 63 3
531 58 3
530 53 3
528 48 3
525 43 3
522 38 3
518 34 3
514 30 3
510 26 5
503 21 5
496 17 5
488 14 5
479 12 5
471 10 4
464 9 4
457 9 4
450 10 4
443 13 4
436 17 5
429 23 6
423 30 6
416 39 6
100
2 361 8
9 371 8
21 375 8
31 377 7
40 377 7
51 377 7
60 377 7
70 377 7
91 377 17
113 377 17
139 376 17
159 376 15
177 376 15
199 376 15
217 376 12
234 376 12
249 376 12
265 387 12
275 397 9
282 408 9
288 419 9
294 430 8
301 443 9
307 454 9
312 463 6
316 470 5
320 477 4
323 483 4
327 490 5
332 498 5
335 503 3
338 508 3
341 513 3
346 515 3
351 515 3
356 511 4
361 507 4
366 503 4
372 498 4
376 495 3
380 492 3
384 489 3
388 486 3
392 483 3
396 480 3
402 475 5
408 470 5
417 463 7
424 457 7
434 451 7
441 448 4
448 446 4
453 448 3
458 450 3
463 452 3
468 454 3
473 456 3
478 458 3
483 460 3
489 462 4
496 464 4
502 466 4
509 468 4
515 470 4
521 472 4
528 472 4
533 470 3
536 465 3
538 460 3
542 453 6
546 446 6
549 440 4
552 434 4
555 428 4
558 422 4
560 418 2
563 412 5
567 405 5
570 399 5
573 393 5
577 387 5
581 381 5
587 375 5
594 370 5
601 370 5
609 370 5
617 370 5
628 369 7
645 368 11
660 367 10
672 366 9
683 365 8
693 364 8
704 363 8
722 361 12
741 359 12
760 357 12
777 348 12
790 339 12
797 328 10
100
320 672 5
313 676 5
307 681 5
304 689 5
302 697 5
299 706 5
296 715 5
293 724 6
288 737 8
282 754 11
276 769 11
272 782 8
269 792 6
267 800 4
264 810 7
260 823 8
257 831 4
253 835 3
247 835 4
242 831 4
240 825 4
238 819 4
236 813 4
234 808 3
232 803 3
230 798 3
228 793 3
226 788 3
224 783 3
222 778 3
220 773 3
217 766 5
215 761 3
212 757 3
206 752 5
198 749 5
190 750 5
182 751 5
174 752 5
167 753 5
161 754 4
155 755 4
148 756 4
140 757 6
127 758 11
113 759 11
100 760 11
86 761 11
67 763 15
52 753 15
40 732 15
39 715 12
44 698 15
49 681 15
53 665 10
56 653 10
59 643 6
61 636 5
63 629 5
66 617 8
69 606 8
72 595 7
76 582 11
80 569 11
83 558 7
86 547 7
82 534 8
78 524 8
73 514 8
67 503 8
62 493 8
57 483 7
53 476 4
49 469 5
45 461 5
41 454 4
37 446 6
33 439 4
29 432 5
25 425 4
22 419 4
20 413 4
21 408 3
24 404 3
29 399 5
34 394 5
39 389 4
45 383 5
51 377 5
56 372 4
61 367 5
66 362 4
71 357 4
76 352 4
80 348 3
85 343 5
97 331 12
105 318 12
112 304 10
112 292 10
24
555 354 8
564 364 8
570 372 7
576 381 7
581 390 7
584 399 7
585 409 7
584 418 7
580 438 14
579 459 15
581 478 15
584 495 15
588 517 15
592 535 15
600 555 15
610 575 15
621 592 15
632 606 15
646 622 15
664 637 15
678 645 11
692 652 11
708 659 11
722 664 10
100
119 26 4
125 26 4
130 27 3
136 27 4
141 27 3
146 28 3
151 29 3
156 30 3
161 30 3
166 30 3
171 31 3
176 31 3
181 31 3
186 31 3
192 31 4
197 31 3
202 31 3
207 31 3
212 31 3
217 31 3
222 31 3
227 31 3
233 31 4
241 31 5
247 32 4
254 33 4
260 34 4
266 34 4
271 34 3
277 34 4
284 35 4
289 35 3
294 35 3
299 35 3
304 36 3
309 36 3
314 36 3
321 37 5
331 37 6
338 38 4
346 39 6
358 41 8
367 43 6
375 44 5
381 44 4
389 44 5
399 46 6
406 46 5
418 49 8
431 50 8
442 52 8
451 54 6
460 54 7
470 56 6
479 56 6
486 56 5
492 56 4
497 56 3
503 57 4
510 58 5
522 60 9
539 61 11
552 65 10
563 67 6
571 67 5
582 66 8
593 67 7
602 68 6
612 69 6
621 71 6
630 73 6
637 74 4
642 74 3
647 74 3
652 74 3
657 74 3
662 74 3
668 74 4
673 74 3
678 74 3
683 74 3
688 74 3
694 74 4
700 75 4
707 76 4
712 76 3
717 76 3
723 77 4
730 78 4
737 79 4
742 79 3
747 79 3
753 79 4
760 79 4
766 79 4
771 79 3
778 80 5
785 80 4
794 81 7
809 82 10
22
325 247 6
333 243 6
345 240 9
358 238 9
372 237 9
382 237 7
390 238 4
397 240 4
403 244 4
408 250 4
411 257 4
412 262 3
412 269 5
409 281 8
403 289 6
395 303 13
387 318 13
382 336 13
378 352 13
376 367 11
375 383 10
376 399 10
9
0 3 5
8 0 8
19 2 8
23 14 6
23 21 6
23 28 6
19 40 8
8 42 8
0 39 5
0
