9
0 3 5
8 0 8
19 2 8
23 14 6
23 21 6
23 28 6
19 40 8
8 42 8
0 39 5
3
0 0 5
7 3 6
16 0 5
22
427 752 10
413 753 5
406 753 6
398 752 6
388 751 6
380 750 6
372 748 6
363 745 6
355 742 6
348 738 6
340 734 6
332 728 5
326 722 5
322 716 3
320 711 3
318 706 3
316 701 5
314 694 6
310 685 6
305 676 6
300 668 6
295 660 8
35
351 67 4
355 76 6
358 85 6
360 92 4
361 99 4
362 106 4
363 111 3
364 116 3
365 121 3
366 126 3
367 131 3
368 136 3
369 141 3
369 146 3
369 151 3
369 157 4
369 163 4
369 168 3
369 173 3
369 179 4
368 186 4
366 197 8
364 206 7
362 213 4
360 220 4
357 227 4
354 234 4
351 240 4
350 246 4
350 253 4
350 260 4
352 273 10
356 289 10
360 305 10
364 320 10
100
259 952 4
260 947 3
260 942 3
259 934 6
258 921 8
258 911 8
261 899 8
265 888 9
270 877 9
272 866 7
272 857 7
273 849 4
273 843 4
273 838 3
274 833 3
275 827 4
278 821 4
280 814 5
282 806 4
282 800 4
283 793 4
283 788 3
284 783 3
286 778 3
289 773 3
291 768 3
292 763 3
292 756 5
293 747 5
295 738 5
298 730 5
301 723 4
304 717 4
307 709 6
309 698 7
311 689 7
313 671 13
319 658 8
323 648 7
327 641 5
331 637 3
336 628 8
339 617 8
341 609 5
342 603 4
344 596 5
347 588 5
351 581 4
354 576 3
357 571 3
359 565 4
362 558 4
363 553 3
366 546 5
370 539 5
374 532 5
378 525 6
383 517 6
387 508 6
390 497 6
390 487 6
390 477 6
392 466 6
395 455 6
397 446 7
398 437 6
397 427 6
397 419 6
396 411 6
396 401 6
397 393 5
398 387 4
399 380 4
401 373 4
401 365 5
400 358 5
399 351 5
399 344 5
401 336 4
403 329 4
405 323 4
406 316 4
407 309 4
407 302 4
406 297 3
404 287 8
401 274 8
400 264 8
400 253 8
397 231 15
387 210 15
376 191 14
364 174 14
349 149 23
336 128 15
331 111 12
329 94 12
324 78 10
317 62 10
312 47 10
100
207 6 10
217 19 10
226 31 7
232 38 7
238 46 7
244 53 8
250 61 8
257 70 8
265 80 8
273 90 9
281 101 8
289 111 8
296 120 6
305 131 9
313 141 9
321 151 9
329 161 9
337 171 6
344 180 9
352 191 9
361 202 9
368 211 6
375 220 8
381 228 8
388 237 8
395 246 8
402 255 8
408 263 8
414 271 5
420 279 8
428 289 8
435 298 6
442 307 9
450 317 11
458 327 5
466 337 8
474 347 8
482 357 8
488 365 8
495 374 9
503 384 9
512 395 6
519 404 6
527 414 12
537 427 12
546 438 3
552 446 8
560 456 10
568 466 10
578 479 11
588 491 7
594 499 7
601 508 7
607 516 7
613 524 7
620 533 8
627 542 10
635 552 7
641 559 7
647 566 3
653 574 8
660 583 8
668 593 8
674 601 8
682 611 8
688 619 8
694 627 6
703 638 13
715 653 13
725 666 13
738 682 12
749 696 12
759 708 4
766 717 10
774 727 10
782 737 7
789 746 7
795 754 7
801 761 3
807 769 8
814 778 4
820 786 9
829 797 11
840 811 11
850 824 11
860 837 11
869 848 4
875 856 7
881 864 4
887 872 9
894 881 9
903 892 9
912 903 9
921 914 9
929 925 12
940 939 12
951 953 12
962 967 12
973 981 12
982 993 12
33
598 348 6
606 343 6
613 339 4
618 337 3
623 336 3
628 336 3
633 337 3
638 340 3
642 344 3
645 348 3
648 353 3
650 358 3
652 364 4
653 371 4
653 377 4
653 383 4
651 390 4
648 397 4
647 404 4
647 410 4
648 415 3
650 423 6
656 435 9
662 444 9
670 456 9
677 465 9
692 481 15
705 493 15
718 504 15
733 515 15
751 524 15
768 531 13
781 535 10
100
689 134 10
681 147 14
673 161 13
663 179 12
651 196 11
642 211 14
632 228 17
617 252 16
608 270 11
601 284 7
595 293 8
589 304 9
583 316 5
579 323 7
574 332 4
570 338 6
565 347 5
560 355 8
554 365 7
550 373 3
548 378 3
545 383 3
542 388 5
538 394 6
533 403 8
527 414 9
521 424 9
515 436 5
511 443 7
506 452 4
503 457 4
499 463 5
494 471 7
489 480 7
484 489 6
480 497 6
476 504 7
470 514 6
466 522 4
462 528 4
458 534 6
453 542 8
445 554 8
440 563 3
437 568 3
434 573 3
431 578 4
427 585 5
423 591 5
419 598 4
415 604 6
411 612 5
407 618 4
403 624 6
398 632 6
392 641 7
388 649 4
385 654 3
382 659 4
379 664 4
376 669 3
373 674 4
369 680 4
365 686 4
360 693 5
356 699 3
353 704 5
349 711 4
345 717 4
340 724 8
335 733 4
330 740 7
326 747 3
323 752 3
320 757 5
316 764 5
311 772 5
306 780 6
301 788 4
297 794 5
292 801 5
287 808 4
282 815 5
277 822 6
272 830 7
267 839 5
262 846 6
257 855 5
253 862 4
249 868 4
245 874 5
240 881 4
236 887 4
233 892 5
228 900 5
223 908 6
220 915 3
217 920 4
213 927 6
207 936 7
34
69 500 6
59 503 6
52 506 4
45 510 5
37 516 7
28 527 8
22 536 7
16 548 9
13 559 9
12 570 9
13 583 10
16 595 10
19 605 7
24 615 7
29 625 6
35 633 6
40 639 5
46 645 4
52 649 4
59 653 5
67 657 5
72 659 3
77 660 3
83 660 4
89 660 4
95 659 4
102 657 4
108 655 4
113 652 4
120 646 6
128 640 6
132 635 4
139 624 10
144 610 10
38
540 210 7
544 222 7
546 230 5
547 241 7
544 261 16
538 281 16
529 305 16
517 325 16
501 339 15
480 350 15
458 353 14
433 354 22
408 347 18
388 341 13
372 335 12
360 327 12
350 313 12
341 297 12
338 277 13
340 252 21
346 231 15
353 214 16
368 196 16
378 182 11
387 168 11
394 156 11
400 143 11
406 126 11
408 112 9
409 101 8
408 91 8
407 80 8
403 68 8
399 55 8
393 43 9
386 31 10
380 20 10
371 10 10
94
221 499 10
220 513 5
217 521 5
213 527 5
207 533 8
198 540 6
190 542 6
180 541 9
167 536 10
157 525 6
151 516 6
145 506 6
142 497 6
141 488 6
141 480 6
142 472 6
143 464 6
148 455 7
154 446 7
162 440 7
172 438 7
184 438 10
199 440 10
215 448 14
229 465 18
242 491 12
247 506 9
248 518 10
245 532 9
242 546 9
237 558 9
227 566 11
212 570 11
197 576 12
184 582 13
172 598 16
159 616 16
156 636 16
159 659 22
168 685 19
180 712 19
196 737 22
224 755 22
258 758 22
282 757 23
313 752 23
337 734 23
360 710 22
369 682 18
367 656 18
364 631 18
353 607 18
338 588 18
314 575 18
290 575 18
268 581 11
256 589 11
245 602 11
239 616 8
238 626 9
238 637 9
243 649 5
249 653 3
254 654 3
259 655 3
264 657 3
267 661 3
269 666 3
271 671 3
273 676 3
273 681 4
271 687 4
268 694 4
265 700 4
259 705 4
253 710 4
246 712 4
239 713 5
230 713 5
222 710 8
212 701 8
205 692 8
199 680 10
193 664 10
190 650 10
189 636 12
192 621 13
196 605 4
200 599 6
206 592 6
215 588 4
221 587 4
227 587 4
233 590 5
3
0 0 5
8 0 5
8 8 5
100
363 4 10
378 10 10
390 21 8
393 31 10
388 44 4
385 50 4
382 57 4
379 63 4
376 69 5
373 77 5
370 85 5
367 93 5
364 100 5
362 108 4
360 114 4
358 121 5
356 129 5
358 137 5
361 144 7
366 152 7
374 156 7
383 161 7
393 166 8
403 171 4
409 174 3
414 176 3
419 178 3
424 180 3
429 182 3
434 184 4
441 187 5
448 191 5
454 194 5
459 200 4
460 206 5
455 214 5
450 221 7
444 230 4
439 236 4
434 242 7
427 252 11
417 267 8
410 277 8
404 286 8
396 298 7
389 308 7
382 318 7
376 327 7
369 337 7
367 346 8
372 357 8
379 364 8
388 371 8
399 379 8
410 387 8
419 393 8
427 399 3
431 402 3
435 405 3
439 408 4
445 412 4
450 416 5
456 420 3
460 423 3
464 426 4
469 430 3
473 434 3
477 438 4
480 445 4
482 451 6
485 460 8
489 469 9
494 481 5
497 488 5
500 496 6
504 505 6
507 513 6
511 522 8
515 532 8
520 544 8
524 554 9
531 563 7
538 572 7
545 580 7
555 583 7
565 586 8
576 589 8
589 593 8
599 596 10
615 601 10
629 605 6
639 608 9
652 612 10
666 616 7
675 619 8
686 622 10
700 626 10
713 636 13
725 649 11
730 664 7
100
556 788 8
562 777 8
565 768 6
567 759 6
568 746 8
568 733 8
567 722 8
564 711 8
559 699 8
553 688 7
547 678 7
542 671 5
537 665 5
530 659 5
523 655 5
513 651 7
506 648 5
501 647 3
496 646 3
491 646 3
486 647 3
480 648 4
474 649 4
464 652 7
452 656 7
443 659 6
434 662 6
428 665 4
422 670 4
417 675 4
412 681 4
407 687 4
404 693 4
401 701 5
397 714 9
395 726 9
393 740 8
393 750 7
395 761 7
398 772 7
401 782 7
406 789 5
412 795 5
418 801 4
429 807 9
440 810 9
450 812 7
459 812 7
468 810 7
479 807 7
489 803 6
497 799 6
504 795 4
509 791 4
515 786 4
519 781 4
522 772 6
525 759 8
527 746 8
528 736 8
526 725 8
522 713 8
517 700 8
511 690 8
505 683 6
498 678 5
490 675 5
482 673 5
474 673 5
465 673 5
457 675 4
451 677 3
446 683 5
440 691 6
435 700 6
433 710 6
432 718 5
431 727 5
432 735 5
436 742 5
442 748 5
449 753 5
455 757 4
462 758 4
472 759 8
481 755 8
491 745 8
496 733 9
495 720 9
491 711 6
486 700 7
481 694 4
475 689 4
466 686 6
456 690 6
452 695 3
452 700 3
456 705 4
461 710 4
474 713 10
100
1000 0 25
951 6 25
902 6 25
853 13 25
804 21 25
755 21 25
706 23 25
657 25 25
608 26 25
559 34 25
510 41 25
461 48 25
412 56 25
363 58 25
314 58 25
265 60 25
216 66 25
167 73 25
118 76 25
69 81 25
20 82 25
0 120 25
0 169 25
49 173 25
98 177 25
147 184 25
196 192 25
245 193 25
294 193 25
343 196 25
392 202 25
441 206 25
490 206 25
539 212 25
588 220 25
637 220 25
686 226 25
735 233 25
784 233 25
833 240 25
882 241 25
931 245 25
980 251 25
1000 290 25
998 339 25
997 388 25
994 437 25
993 486 25
988 535 25
983 584 25
978 633 25
972 682 25
966 731 25
961 780 25
954 829 25
951 878 25
946 927 25
946 976 25
905 1000 25
856 998 25
848 949 25
840 900 25
833 851 25
828 802 25
822 753 25
820 704 25
818 655 25
812 606 25
804 557 25
797 508 25
793 459 25
785 410 25
777 361 25
773 312 25
724 314 25
675 317 25
626 318 25
577 326 25
528 326 25
479 329 25
430 337 25
381 344 25
332 348 25
283 348 25
234 348 25
185 348 25
136 354 25
87 362 25
38 369 25
29 418 25
20 467 25
11 516 25
2 565 25
51 573 25
100 579 25
149 580 25
198 586 25
247 591 25
296 592 25
345 595 25
100
312 982 3
317 982 3
322 981 3
327 979 3
330 973 4
333 967 4
336 961 4
340 953 7
344 945 6
348 937 6
351 931 4
354 925 4
356 920 3
358 915 3
360 910 3
362 905 3
365 899 4
370 895 4
375 892 3
380 890 3
385 891 3
392 893 5
400 895 5
407 897 5
414 899 5
421 900 5
429 902 5
437 904 5
448 906 9
461 908 9
472 910 9
486 913 9
498 915 8
508 916 8
521 910 9
527 902 6
531 893 6
534 885 6
536 879 4
539 872 4
541 866 4
543 861 3
545 856 3
547 851 3
550 845 4
553 838 4
556 832 4
558 826 4
561 820 4
565 816 4
571 813 4
578 810 4
585 812 4
592 813 4
597 814 3
602 815 3
607 816 3
612 817 3
617 819 3
624 821 5
633 824 6
640 826 5
645 828 3
650 830 3
655 832 3
661 834 4
667 834 4
672 833 3
675 829 3
678 825 3
682 819 5
686 813 5
692 805 6
698 796 6
703 789 6
708 782 4
712 776 4
717 769 5
720 764 3
723 759 3
726 754 3
731 751 3
736 749 3
741 749 3
745 752 3
750 755 4
756 759 4
766 765 8
778 773 11
789 780 11
801 788 11
812 795 11
823 802 9
834 809 9
842 814 7
850 819 7
856 824 5
871 828 13
893 822 16
909 817 10
92
876 0 10
870 11 7
865 20 7
859 30 7
853 40 7
848 48 7
843 56 7
838 64 4
833 72 6
827 83 9
821 93 10
813 107 7
808 115 5
802 126 8
796 137 10
788 151 10
781 163 11
774 175 11
766 188 11
759 200 4
755 208 7
750 217 9
743 229 8
738 238 8
733 247 6
726 259 9
720 269 9
713 281 9
707 291 9
701 302 9
694 314 6
688 325 9
681 337 9
675 348 9
669 359 8
664 368 10
656 381 10
648 394 13
639 410 13
630 425 13
621 441 6
615 452 9
608 464 5
602 475 8
596 485 6
590 496 9
584 506 7
579 515 7
574 524 7
569 533 5
563 543 11
556 555 11
549 567 5
543 578 9
537 588 9
531 598 4
526 606 7
521 615 7
515 625 7
509 635 7
504 644 4
498 654 9
491 666 9
485 677 9
478 689 10
471 701 6
464 712 9
457 724 9
450 736 10
444 747 6
438 757 8
432 768 8
426 778 4
421 787 7
416 796 6
409 808 13
400 824 10
393 836 9
387 846 9
381 856 10
375 867 3
370 876 8
363 887 12
356 899 12
348 913 11
341 925 11
332 940 11
323 955 11
315 969 7
309 979 7
304 987 7
299 996 4
29
797 721 10
805 735 9
811 748 9
817 761 9
823 774 9
827 787 9
830 799 9
832 810 9
833 821 9
832 833 4
830 839 3
828 844 3
826 849 3
823 854 3
819 859 4
813 864 4
807 868 4
801 872 4
796 876 3
792 879 4
787 883 4
782 888 4
777 893 4
773 898 4
769 903 4
765 908 4
761 913 4
757 918 5
752 925 6
22
690 571 6
683 570 5
676 569 5
669 568 5
662 567 4
657 566 3
652 564 3
647 562 3
636 561 9
626 561 7
619 562 4
614 563 3
606 565 6
597 569 6
589 572 5
582 576 5
570 584 10
560 592 10
549 602 10
539 612 10
531 624 10
524 634 10
99
310 519 7
301 514 6
291 510 6
282 511 6
274 515 5
270 522 4
267 529 4
270 535 4
274 540 4
279 544 4
286 546 4
297 549 8
309 546 8
323 541 9
331 534 6
337 524 8
341 513 6
342 505 5
343 497 5
342 488 5
339 479 5
334 472 5
330 467 3
326 463 3
321 460 3
316 459 3
311 458 3
306 459 3
300 461 4
293 464 4
287 467 4
280 472 5
274 478 5
269 485 5
264 494 7
256 512 13
248 530 13
242 550 13
238 565 13
235 581 13
233 596 11
233 613 11
236 630 11
241 643 9
246 655 9
253 664 9
262 671 9
272 676 7
283 678 7
293 680 7
305 683 7
316 688 7
325 695 7
333 703 6
340 710 6
345 716 5
348 723 5
350 731 5
350 739 5
348 748 5
346 756 5
343 764 4
339 770 4
335 775 3
331 779 3
326 782 3
315 786 9
301 788 9
289 790 9
276 792 8
262 792 8
253 790 6
244 784 6
239 779 4
234 773 4
232 766 4
230 759 4
229 754 3
228 749 3
227 744 3
228 739 3
230 734 3
235 725 8
248 712 11
259 703 11
271 699 9
284 701 9
296 703 8
306 707 8
313 716 8
318 724 7
320 732 6
321 743 6
314 753 7
305 760 7
296 762 7
286 755 8
281 743 10
283 727 10
90
571 607 4
571 616 6
570 627 6
568 637 6
564 650 8
559 662 8
554 672 8
547 682 8
539 689 7
531 695 7
522 700 7
512 704 6
505 707 5
495 709 6
487 710 6
473 711 9
458 710 9
444 708 11
429 706 10
415 702 8
399 696 10
382 686 13
371 676 11
361 667 8
354 659 8
348 650 8
343 638 8
338 617 15
335 599 15
334 579 15
337 560 15
342 539 15
348 523 12
356 508 12
368 492 12
381 478 12
391 468 10
402 461 10
416 453 10
427 447 10
438 444 9
462 445 18
484 451 18
507 457 15
523 466 12
537 479 12
545 491 10
552 504 10
556 516 10
562 537 14
566 552 10
567 563 8
567 573 8
567 583 7
564 593 6
561 602 6
556 611 6
550 620 6
541 632 10
533 640 6
526 646 6
517 649 7
505 649 9
493 645 9
485 640 6
478 634 6
469 623 9
462 613 9
456 603 9
451 594 6
449 585 6
448 576 6
451 566 8
458 555 10
467 547 7
475 541 7
486 539 6
497 538 6
506 538 6
513 542 5
520 548 6
526 561 9
526 574 9
522 585 7
514 592 7
507 596 4
500 597 4
493 594 4
482 587 10
475 573 10
37
519 808 10
509 798 10
500 785 10
495 774 10
489 759 10
484 744 10
482 728 10
482 714 9
484 702 4
483 695 4
480 690 5
474 685 7
467 679 7
459 675 5
452 672 7
442 668 7
431 666 5
423 665 5
416 664 6
408 663 6
398 663 8
385 662 11
368 662 7
359 662 7
350 662 7
341 662 6
331 663 5
323 664 5
316 665 5
309 666 5
302 667 5
294 669 5
287 671 5
279 673 5
272 675 4
265 677 6
257 680 6
29
540 606 5
536 612 5
530 619 5
524 626 5
518 633 5
512 639 5
507 643 3
502 646 3
497 648 3
492 650 3
487 652 3
482 654 3
477 655 3
469 655 6
461 654 6
454 652 4
448 651 4
441 648 4
436 646 3
432 643 3
428 640 3
424 636 3
420 632 3
415 629 3
408 625 6
400 621 6
390 618 6
382 615 6
367 612 10
97
770 806 10
782 804 4
786 800 3
787 795 3
786 790 3
782 786 4
776 781 4
770 778 4
763 775 4
757 775 3
752 778 3
748 783 6
742 791 5
741 800 5
742 808 5
743 816 4
746 822 3
750 826 3
755 830 4
761 834 4
767 837 6
776 842 6
784 845 6
792 846 7
801 843 3
806 840 5
812 835 4
817 828 7
824 818 11
831 802 7
834 791 7
836 782 4
835 776 5
833 768 5
831 761 5
828 753 6
823 745 7
814 737 6
806 731 6
796 726 10
780 720 10
764 716 16
743 714 16
722 715 15
700 720 10
686 726 13
671 733 6
664 739 6
657 746 8
651 755 8
646 767 9
637 779 9
629 788 9
618 798 9
608 805 8
595 810 10
581 814 10
569 816 10
554 816 10
539 814 10
527 811 4
521 808 3
516 806 3
512 803 4
508 798 6
503 789 6
501 780 6
500 772 7
501 762 7
503 751 7
507 742 5
513 735 5
520 730 5
527 726 4
534 723 5
543 720 8
556 717 8
567 715 8
581 714 8
595 717 8
605 722 6
612 729 6
619 737 6
623 747 6
625 757 6
623 767 6
617 776 5
611 781 5
604 785 7
595 787 7
584 787 7
576 783 7
571 775 7
570 764 9
578 751 7
588 748 9
601 750 9
10
802 0 10
814 0 4
820 1 4
826 1 4
832 3 5
838 5 5
845 7 3
849 10 3
853 14 4
857 18 3
100
650 934 3
653 930 3
654 925 3
653 920 3
652 915 3
651 910 3
650 903 5
649 895 5
648 885 6
647 877 6
646 871 4
645 865 4
644 858 4
643 852 4
642 847 3
641 842 3
640 837 3
641 832 3
645 828 3
650 826 3
655 826 3
660 826 3
665 826 3
670 826 3
675 826 3
680 826 3
685 826 3
690 826 3
695 826 3
700 826 3
705 826 3
710 826 3
715 826 3
720 823 3
723 818 3
725 811 5
725 804 5
725 798 4
725 791 4
725 785 4
725 778 4
725 773 3
725 768 3
725 763 3
725 758 3
725 753 3
725 748 3
725 743 3
725 738 3
726 733 3
727 728 3
731 724 3
736 723 3
741 722 3
746 721 3
751 720 3
756 719 3
763 717 5
771 715 5
778 713 5
785 711 5
793 709 5
804 706 8
813 703 6
821 701 6
830 696 6
833 690 4
835 683 5
833 676 4
831 669 4
829 660 6
827 653 4
825 647 4
823 641 4
821 636 3
819 631 3
817 626 3
815 621 3
813 616 3
811 611 3
809 606 3
808 601 3
808 596 3
811 591 4
818 589 4
825 587 4
831 585 4
837 583 4
843 581 4
849 579 4
855 577 4
861 575 4
868 573 4
881 569 10
894 565 10
907 561 8
921 557 10
932 546 10
939 536 10
939 524 10
11
0 0 5
8 0 5
18 8 10
8 16 5
0 16 5
0 24 5
3 32 5
10 32 5
17 28 8
27 25 3
30 18 5
30
122 24 10
122 39 6
122 48 5
122 55 5
121 63 4
119 69 5
116 76 3
114 81 3
111 86 3
108 90 3
104 94 3
100 97 3
96 100 3
92 103 3
87 106 3
82 108 4
76 110 3
71 111 3
66 113 3
62 116 3
58 119 3
54 123 4
49 128 4
45 133 3
43 138 3
41 143 3
39 148 3
37 153 3
35 158 3
33 163 3
91
962 917 10
951 930 13
936 944 16
913 961 19
889 973 22
852 987 25
814 998 15
789 1000 14
768 998 17
739 991 14
717 985 17
690 975 23
653 955 23
620 940 20
592 917 23
570 893 19
554 867 12
548 850 15
535 825 18
528 797 21
520 769 20
515 745 23
512 710 22
518 681 12
525 658 15
532 639 18
545 615 21
569 580 24
587 549 15
602 530 15
620 512 18
644 493 21
671 479 23
697 456 17
719 435 15
738 414 20
757 385 24
769 354 17
775 325 17
775 302 15
773 281 18
767 248 24
763 218 9
760 205 11
752 189 13
736 169 24
709 146 18
689 130 8
676 123 11
663 118 3
655 115 6
645 112 6
631 107 10
613 106 10
597 107 13
571 104 15
547 107 11
530 111 14
505 119 16
480 130 18
453 142 21
423 162 17
400 183 20
382 202 23
362 225 14
344 241 17
319 253 19
294 263 18
269 271 16
247 274 14
227 278 17
204 276 7
190 277 8
176 276 11
154 271 17
126 266 22
91 250 17
71 237 18
52 221 23
34 204 2
30 198 6
23 188 7
19 176 7
15 161 12
14 143 15
12 121 10
14 106 9
16 90 12
21 67 22
24 31 22
32 1 25
0
