11
0 0 5
8 0 5
18 8 10
8 16 5
0 16 5
0 24 5
3 32 5
10 32 5
17 28 8
27 25 3
30 18 5
21
879 92 10
882 104 6
883 112 6
883 121 6
881 131 6
879 140 6
876 150 9
870 161 9
865 171 9
859 182 9
853 193 9
848 204 9
842 217 9
837 227 6
834 235 6
831 244 6
827 254 5
825 261 4
823 267 3
822 272 3
821 277 4
91
300 877 10
309 890 7
314 898 3
316 903 3
317 908 3
317 913 3
316 918 3
314 923 5
309 929 5
301 933 5
294 935 4
288 934 5
280 933 4
273 930 4
268 925 4
263 920 4
260 913 4
260 906 6
261 896 6
263 885 6
268 877 8
276 870 8
285 863 8
297 855 8
309 852 8
319 853 8
331 856 7
340 859 7
349 867 7
353 876 9
354 890 9
354 902 6
349 912 9
349 923 7
351 934 6
358 942 6
366 947 6
375 948 6
385 945 6
393 941 6
401 935 6
406 927 4
410 920 5
412 912 5
413 903 5
413 895 5
411 886 8
403 875 13
394 861 13
383 847 13
372 833 13
357 818 13
338 809 13
318 806 13
300 809 12
282 813 16
265 820 16
249 838 16
235 859 17
225 881 21
216 909 12
213 923 4
214 929 4
216 935 4
219 942 4
221 949 4
222 956 4
222 962 3
220 967 3
217 972 3
214 976 3
211 980 3
206 982 5
198 984 6
190 986 6
182 985 7
173 980 6
165 975 8
157 968 10
145 956 9
136 945 9
131 934 9
127 919 9
129 907 6
131 897 6
136 889 6
144 884 9
159 882 12
174 886 12
189 892 5
197 895 7
100
412 424 25
376 394 25
346 364 25
315 334 25
284 304 25
248 274 25
199 265 25
193 314 25
185 363 25
177 412 25
169 461 25
162 510 25
154 559 25
146 608 25
139 657 25
133 706 25
126 755 25
119 804 25
111 853 25
104 902 25
113 951 25
122 1000 25
171 992 25
220 983 25
269 974 25
318 965 25
367 956 25
416 950 25
465 943 25
514 936 25
563 944 25
612 952 25
661 958 25
710 966 25
759 972 25
808 980 25
857 986 25
906 993 25
955 1000 25
1000 980 25
991 931 25
983 882 25
976 833 25
968 784 25
960 735 25
953 686 25
946 637 25
938 588 25
930 539 25
937 490 25
944 441 25
950 392 25
956 343 25
962 294 25
970 245 25
978 196 25
986 147 25
993 98 25
1000 49 25
976 6 25
927 14 25
878 21 25
829 28 25
780 36 25
731 43 25
682 51 25
633 59 25
584 65 25
535 71 25
486 64 25
437 58 25
388 52 25
339 44 25
290 36 25
241 28 25
192 20 25
143 13 25
94 6 25
45 0 25
0 20 25
6 69 25
12 118 25
20 167 25
26 216 25
34 265 25
42 314 25
50 363 25
56 412 25
64 461 25
70 510 25
63 559 25
56 608 25
49 657 25
42 706 25
34 755 25
27 804 25
20 853 25
14 902 25
6 951 25
0 1000 25
100
123 884 4
129 885 4
135 883 4
139 878 4
140 871 4
141 864 4
142 859 3
143 854 3
144 849 3
145 844 3
146 839 3
147 834 3
148 829 3
149 824 3
150 819 3
151 814 3
152 809 3
156 806 3
161 805 3
166 806 3
171 807 3
177 808 4
186 809 6
196 810 6
206 811 6
212 812 4
218 813 4
224 814 4
231 815 4
237 816 4
244 817 4
253 818 6
263 819 6
270 818 4
277 816 4
285 810 7
290 801 7
294 792 6
298 785 6
302 777 5
304 772 3
306 767 3
308 762 3
312 754 6
316 747 6
320 739 6
325 730 6
329 723 6
333 715 6
341 709 6
351 708 6
364 717 12
373 729 12
385 745 12
396 762 12
405 774 12
416 791 12
423 802 10
428 811 6
434 820 8
440 829 8
447 839 8
453 849 8
464 865 15
474 881 15
491 886 11
504 886 11
522 873 14
530 860 11
538 847 13
549 831 13
560 815 13
569 802 13
578 788 12
585 777 8
591 768 8
597 759 8
602 751 6
608 742 7
614 733 7
620 724 7
628 719 7
636 713 7
644 711 6
651 713 4
658 715 4
665 717 4
673 719 5
681 721 5
688 724 5
696 727 5
704 730 5
710 732 4
715 734 3
720 736 3
729 739 7
741 743 8
751 739 8
756 731 6
764 720 10
100
361 66 10
371 79 7
377 86 6
384 95 6
390 102 5
395 109 4
399 115 5
403 120 2
406 123 3
409 127 3
412 131 3
415 135 4
420 141 4
424 146 4
427 150 4
430 154 4
433 158 2
436 161 3
439 165 4
443 170 3
446 174 3
449 178 3
452 182 4
456 187 4
460 192 4
464 197 4
467 201 4
470 205 3
473 209 3
476 213 4
480 218 4
485 224 4
489 229 3
492 233 4
495 237 4
499 242 3
502 246 3
505 250 3
508 254 3
511 258 3
514 262 3
517 266 4
521 272 6
526 280 8
532 288 8
538 296 7
545 305 8
550 312 5
554 317 2
557 320 3
560 324 3
563 328 4
568 334 6
573 341 7
579 348 9
587 359 8
592 367 3
595 371 3
598 375 3
601 379 3
604 383 4
608 389 4
612 395 4
616 400 3
619 404 3
622 408 3
625 412 3
628 416 3
631 420 3
634 424 3
637 428 3
640 432 4
644 437 3
647 441 3
650 445 3
653 449 4
657 454 4
661 459 5
665 464 5
669 470 6
675 478 5
680 485 4
684 490 4
688 495 3
691 499 3
694 503 3
697 507 4
701 512 4
705 517 3
708 521 3
711 525 4
714 529 3
717 533 3
720 537 3
723 541 3
726 545 3
729 549 4
733 554 5
737 560 3
740 564 3
100
815 930 10
827 938 10
839 939 7
850 936 7
857 929 7
863 920 7
863 910 7
856 902 8
846 892 8
833 888 8
821 887 8
811 893 8
804 902 8
797 913 8
793 924 5
791 932 5
792 939 5
795 946 7
801 954 5
808 959 4
815 963 5
821 967 5
829 970 7
839 971 7
849 972 6
859 972 6
869 968 5
877 963 8
888 956 12
901 947 12
915 937 13
928 924 6
933 917 7
939 908 7
944 899 7
946 890 6
945 880 6
942 872 6
939 864 8
934 855 4
930 849 4
925 845 4
918 841 6
910 836 6
900 832 6
891 829 9
879 824 10
864 820 6
854 818 9
839 816 14
819 813 19
795 807 19
772 797 19
751 783 10
741 776 10
730 766 10
721 753 10
713 739 7
711 729 7
709 718 10
710 705 5
711 697 5
712 690 5
715 683 5
719 675 8
725 665 8
732 657 6
738 651 6
746 645 5
753 641 5
761 637 5
769 635 5
777 634 5
785 634 4
793 636 5
800 640 6
808 648 6
813 659 11
819 675 11
819 692 8
815 704 8
809 715 8
801 726 7
793 734 6
784 740 6
776 744 7
765 744 5
758 743 5
750 741 5
742 739 5
735 735 5
730 728 5
726 721 4
724 715 5
727 708 5
731 700 5
737 694 4
745 695 7
751 705 7
747 714 7
91
0 668 10
16 673 10
31 677 7
40 680 6
51 683 9
64 687 9
75 690 9
88 694 5
98 697 8
111 701 6
123 705 9
136 709 9
147 712 3
155 714 7
164 717 7
173 720 7
184 723 5
194 726 7
205 729 6
216 732 9
228 736 7
239 739 7
248 742 7
257 745 7
267 748 7
278 751 7
288 754 5
299 757 8
310 760 4
319 763 9
332 767 9
345 771 12
361 775 12
375 779 4
385 782 7
396 785 5
408 788 8
418 791 7
427 794 9
441 798 9
454 802 5
466 806 8
477 809 4
487 812 7
497 815 7
506 818 7
516 821 8
526 824 8
537 827 7
547 830 7
556 833 7
566 836 7
577 839 7
586 842 7
596 845 7
605 848 8
618 852 8
629 855 6
640 858 9
652 862 9
663 865 9
675 869 4
684 872 7
695 875 9
709 879 9
723 883 9
735 887 9
746 890 9
758 893 9
771 897 9
782 900 3
791 903 7
801 906 6
814 910 8
824 913 3
833 916 7
842 919 7
851 922 8
861 925 8
872 928 8
883 931 4
894 934 9
905 937 9
916 940 7
925 943 7
935 946 7
945 949 7
954 952 7
965 955 11
981 960 15
999 965 7
3
0 0 5
7 3 6
16 0 5
38
440 750 14
456 762 14
468 771 9
479 780 9
488 788 9
497 796 7
506 804 7
511 816 8
511 830 10
511 846 11
506 861 10
500 874 9
493 884 9
482 894 9
472 899 6
466 902 4
459 904 4
452 905 4
446 905 4
438 904 5
431 902 4
426 900 3
421 898 3
416 896 3
411 893 3
406 890 3
401 887 3
396 884 4
389 879 5
383 875 5
377 870 5
371 866 5
364 862 5
359 860 3
353 858 4
334 855 17
315 855 13
302 857 10
26
91 841 8
79 835 10
70 828 6
63 820 6
57 811 6
53 803 6
50 795 5
48 788 5
47 783 3
47 777 4
48 770 4
50 762 6
54 755 6
59 747 6
65 739 8
73 730 8
82 721 8
89 714 7
97 706 7
105 698 7
111 691 7
115 683 7
120 670 9
123 655 10
125 642 10
125 628 10
99
327 895 5
316 897 7
306 897 7
292 896 8
284 894 4
277 893 4
271 891 3
261 887 8
249 882 8
239 876 8
232 870 6
226 863 6
220 855 6
216 848 5
212 840 5
210 833 5
208 826 5
206 819 5
205 812 4
205 806 4
207 796 7
209 787 5
211 777 6
213 768 5
215 759 5
222 745 11
229 734 9
239 724 9
248 716 9
258 710 7
269 706 9
279 703 6
289 701 6
300 699 7
311 698 7
320 698 7
329 699 7
339 701 7
349 705 7
358 710 7
367 716 7
375 723 7
382 729 5
387 735 5
390 742 5
393 753 9
394 771 13
393 789 13
388 806 13
381 822 13
374 837 11
368 851 11
360 861 9
350 870 9
336 877 12
324 880 7
313 881 7
302 881 8
293 879 5
284 876 5
276 873 5
269 869 5
262 865 5
257 860 4
253 854 4
250 847 5
246 835 10
244 823 10
248 809 10
254 795 10
261 783 9
270 772 9
278 763 7
284 759 4
290 757 4
297 756 4
305 756 5
312 756 5
321 760 6
328 764 6
334 768 5
341 773 5
346 777 3
350 781 3
355 788 6
360 798 6
360 805 5
358 813 5
355 819 4
350 824 4
342 827 5
334 827 5
326 826 5
318 824 4
312 822 3
309 817 3
310 812 3
324 803 14
339 803 10
24
149 263 15
142 281 12
137 296 12
133 313 12
131 327 11
132 342 11
136 360 12
140 374 10
144 384 6
148 391 6
153 397 5
158 402 5
164 408 4
170 413 4
176 416 4
194 420 15
216 425 15
233 428 15
250 429 15
268 426 15
288 422 14
302 416 10
313 410 10
325 402 10
36
411 298 5
409 305 4
406 312 4
401 319 5
397 324 4
392 328 4
386 331 5
381 333 3
376 335 3
370 336 4
364 336 4
359 336 3
354 335 3
349 333 3
344 331 3
336 329 6
329 327 4
322 324 5
317 322 3
307 318 8
297 314 6
288 311 6
280 310 5
272 309 6
264 308 6
256 308 6
248 309 5
240 311 5
233 314 5
220 321 10
207 329 10
194 338 10
181 348 10
173 357 10
164 370 10
158 383 10
26
688 857 4
695 855 4
702 853 4
708 852 4
715 851 4
723 851 5
730 851 5
737 853 4
744 855 4
750 857 4
759 861 7
769 866 7
776 870 6
785 875 6
793 880 6
801 885 6
809 890 6
815 894 4
820 898 4
828 903 6
836 907 6
846 911 6
855 914 6
866 917 7
876 918 7
889 917 10
100
544 368 6
546 376 5
549 383 4
553 389 4
559 392 4
566 395 4
571 397 3
576 399 3
582 402 4
589 405 4
594 407 3
599 409 3
606 412 5
613 415 5
619 418 4
627 422 6
642 430 12
652 439 10
655 456 12
654 471 13
643 486 16
632 502 12
623 515 12
615 526 9
606 538 9
600 547 8
592 557 8
587 564 5
583 568 3
579 572 3
575 576 3
571 580 3
567 584 3
565 589 3
565 594 3
568 599 3
573 601 3
578 603 3
583 605 3
588 607 3
593 609 3
598 611 3
603 613 3
608 615 3
613 617 3
620 620 5
627 623 5
633 625 4
638 627 3
642 630 3
645 634 3
646 639 3
647 644 3
648 649 3
649 655 4
650 661 4
651 666 3
652 671 3
653 676 3
654 681 3
655 686 3
656 691 3
657 696 3
658 702 4
659 708 4
660 713 3
663 717 3
668 719 3
673 718 3
678 717 3
683 716 3
688 715 3
693 714 3
699 713 4
707 712 5
714 711 4
719 710 3
724 709 3
729 708 3
734 707 3
739 706 3
745 710 5
750 716 5
755 723 5
757 730 5
759 737 5
761 744 5
763 752 5
765 760 5
766 766 4
768 773 5
770 780 5
771 785 3
772 790 3
773 796 4
774 802 4
775 808 4
784 815 8
794 817 8
809 813 10
100
913 352 10
903 361 10
893 369 4
888 372 4
882 376 4
877 379 3
873 382 4
867 387 6
860 395 6
852 403 6
845 407 6
838 409 4
831 412 6
822 415 6
813 418 4
807 422 5
801 426 4
796 429 4
790 432 5
782 436 5
775 440 5
767 445 9
758 454 4
753 459 4
749 464 4
743 469 4
737 474 6
729 480 6
721 482 6
713 488 6
705 495 6
698 501 5
691 507 5
685 511 5
678 514 5
671 516 5
664 516 5
656 518 5
648 521 5
640 525 5
632 530 6
623 534 6
614 537 7
605 540 7
593 542 11
578 548 11
566 553 11
551 564 11
538 574 13
523 583 5
516 586 6
507 589 6
497 591 7
488 594 7
478 598 7
469 603 4
463 607 4
456 611 5
449 613 6
439 613 6
430 615 6
420 618 6
411 621 7
401 626 7
392 630 7
381 633 10
366 634 6
356 633 6
346 632 9
334 636 9
322 641 6
313 646 6
306 652 8
297 658 6
289 663 7
280 669 7
271 674 8
261 682 8
254 689 9
246 700 12
237 714 10
228 724 10
216 733 10
206 738 10
191 744 10
178 749 10
166 754 10
154 761 7
145 767 6
137 771 8
124 777 8
114 778 8
100 780 13
81 785 7
70 788 7
60 792 7
49 798 7
40 803 9
28 807 8
16 811 8
100
568 466 4
564 472 4
564 480 5
567 487 5
578 496 10
589 505 8
598 512 8
613 525 12
627 538 12
642 551 12
654 562 10
666 572 10
679 583 10
689 591 10
698 598 7
707 606 7
715 612 6
719 618 4
721 623 3
719 628 3
715 631 3
711 634 3
706 638 4
701 643 4
698 646 2
692 651 6
685 657 7
678 663 7
670 670 7
663 676 7
657 681 4
652 686 4
648 689 3
644 693 3
640 698 4
637 706 5
636 718 8
634 732 9
633 743 9
632 753 7
631 764 7
630 776 7
629 786 7
628 796 7
627 808 7
626 817 5
625 826 5
624 835 5
623 842 4
621 849 4
615 853 4
609 853 4
602 851 4
594 849 5
586 846 6
578 844 5
571 842 5
559 838 8
544 833 10
531 829 10
518 825 10
507 821 7
499 818 5
491 815 5
484 813 5
472 813 10
461 814 7
442 821 18
422 831 19
402 841 19
383 851 15
364 861 15
342 872 16
324 881 13
301 892 16
285 900 11
269 908 11
256 915 11
245 921 9
232 928 9
220 934 9
207 934 9
195 926 9
190 913 9
194 900 11
198 886 9
201 875 8
204 863 8
207 851 8
210 840 7
213 829 7
215 820 7
217 810 7
220 803 4
222 798 3
225 790 6
228 781 6
225 772 6
221 763 6
215 751 10
90
96 9 10
113 13 14
131 22 13
155 36 16
179 55 24
202 75 17
226 97 20
242 114 23
258 135 4
264 144 10
271 158 14
281 176 17
292 200 16
302 225 21
315 252 24
322 285 23
325 314 8
328 328 10
327 344 13
319 365 16
315 387 19
304 416 22
294 446 21
276 471 24
257 497 12
241 514 22
220 536 19
194 561 24
169 585 13
150 602 16
128 616 15
109 625 18
81 641 17
58 656 24
35 676 10
24 689 13
13 710 16
8 733 21
2 764 11
0 782 9
3 801 12
5 823 15
11 841 18
25 864 13
41 882 16
57 894 19
80 912 22
106 933 25
139 951 20
173 960 24
209 960 23
241 963 10
260 962 17
287 957 12
306 951 19
339 949 22
369 937 13
392 921 16
410 904 16
427 887 17
439 869 17
455 841 20
467 810 23
479 770 21
480 737 24
483 706 11
488 688 14
492 666 17
506 638 20
518 613 23
537 579 20
551 554 23
572 525 20
593 503 23
616 485 13
636 469 16
660 458 18
685 448 19
710 441 7
725 442 10
744 443 13
763 442 16
787 444 19
809 448 22
835 461 25
872 482 19
900 496 22
929 514 17
951 533 23
982 563 22
29
118 24 4
109 33 9
101 40 7
93 47 6
84 51 6
75 52 6
64 53 6
55 51 5
48 47 5
43 41 5
40 36 3
38 31 3
38 26 3
39 21 3
41 16 3
46 10 5
50 6 3
55 4 3
60 4 3
65 5 3
70 6 3
75 8 3
81 10 4
88 11 4
94 12 4
106 12 10
120 10 10
134 7 10
150 2 10
90
619 0 10
613 11 10
606 23 9
600 33 9
594 44 5
589 53 7
583 63 11
576 75 7
571 83 7
566 91 7
560 101 7
554 111 10
548 122 11
540 135 5
535 144 8
529 154 10
521 167 10
513 181 10
506 193 10
498 206 9
492 217 9
485 229 7
479 239 7
474 248 4
468 258 9
461 270 12
451 287 12
442 302 12
433 317 7
428 325 3
423 333 7
417 343 7
411 353 9
404 365 9
397 377 12
388 392 12
379 407 11
370 422 12
362 435 12
354 448 10
346 461 12
338 475 12
330 488 8
325 497 4
320 506 7
315 514 7
310 522 7
304 532 5
298 543 8
292 554 8
286 564 8
281 573 8
275 584 5
268 595 12
260 609 8
254 619 8
249 628 8
242 639 7
237 647 7
232 655 3
227 664 8
221 675 8
216 684 3
211 692 8
205 703 8
200 712 6
193 723 9
187 734 9
181 744 9
175 754 9
169 764 9
162 775 11
155 787 11
147 800 5
141 810 8
134 821 12
125 837 16
112 858 16
99 879 15
88 897 9
82 908 7
77 917 4
72 926 7
67 935 8
61 945 8
55 955 8
50 964 8
44 974 8
38 984 5
31 995 11
90
340 752 10
331 744 6
324 738 6
323 729 6
326 721 6
332 713 6
341 710 6
351 715 6
359 721 6
365 730 6
370 740 6
371 751 7
372 761 4
370 768 4
367 774 6
359 782 6
349 785 6
339 786 6
329 784 6
319 779 6
311 771 6
307 761 6
305 752 8
303 739 8
303 729 6
304 720 5
307 712 5
310 705 5
316 698 5
323 694 4
330 690 7
340 687 8
352 684 8
362 684 8
372 684 8
385 684 8
396 686 8
406 688 4
412 691 4
418 696 4
423 701 5
428 708 5
432 715 5
436 722 6
439 733 8
442 746 6
441 755 6
439 765 6
435 774 6
430 783 9
424 793 7
417 803 7
410 811 7
402 820 7
394 826 9
384 832 9
372 838 9
359 844 13
340 852 15
319 858 15
299 863 7
289 862 5
282 860 3
277 858 3
272 856 3
267 853 3
262 850 3
257 847 3
253 843 3
249 838 4
245 832 4
242 826 4
239 820 5
235 812 5
232 803 5
230 795 6
229 784 9
229 772 5
229 763 5
230 754 5
233 746 8
238 736 8
244 726 5
249 720 5
255 714 5
262 708 5
269 703 5
277 699 6
287 695 6
298 692 9
26
731 674 6
722 671 5
715 666 4
711 661 3
708 656 3
706 650 4
705 645 3
706 640 3
708 635 3
712 631 3
717 629 3
721 626 3
725 623 3
732 616 7
739 608 7
745 600 7
749 592 7
753 583 7
757 572 7
760 562 7
762 555 5
763 549 4
764 542 4
765 535 5
764 523 10
760 511 10
99
300 642 9
285 639 9
277 645 6
276 653 4
276 659 3
281 665 5
287 670 4
294 674 5
302 674 5
308 671 4
312 666 4
316 660 4
319 653 4
320 646 5
320 638 5
316 630 5
310 623 5
304 617 5
296 612 5
288 609 5
280 608 5
272 609 5
266 611 3
261 614 3
256 617 3
251 623 5
247 635 8
246 645 8
248 656 7
251 666 7
256 676 8
262 685 8
270 693 8
280 700 8
291 706 8
303 711 8
313 713 8
324 714 8
334 713 7
344 710 7
354 705 7
362 699 7
371 689 8
377 682 6
382 675 6
387 667 6
390 659 5
391 652 5
389 640 10
384 621 14
383 606 9
384 594 9
388 583 7
393 574 6
400 567 6
409 559 8
417 555 5
425 553 5
433 551 5
440 550 5
449 549 5
458 550 5
467 553 5
475 557 5
484 563 8
494 572 8
504 581 8
512 590 8
522 602 10
529 617 10
535 631 10
538 647 10
536 663 10
532 674 7
525 683 6
518 691 6
511 699 6
504 704 6
495 707 6
485 710 6
475 712 6
466 712 6
453 708 10
438 699 14
426 686 14
414 668 14
412 652 14
414 636 14
418 622 8
425 611 8
431 604 5
439 601 5
446 602 5
457 606 7
461 615 7
463 624 7
461 634 7
454 640 7
440 641 10
27
615 179 5
624 175 5
633 172 5
641 171 5
650 170 5
658 171 4
664 174 4
673 180 7
681 187 7
686 196 7
691 207 7
693 214 5
693 221 4
691 227 4
688 231 3
685 235 3
681 238 3
676 240 3
670 240 4
664 238 4
658 237 4
651 236 4
645 236 4
639 237 4
631 239 5
624 242 5
611 248 10
28
420 753 10
433 746 10
447 741 14
465 736 11
479 735 8
492 737 8
505 739 8
517 743 10
530 750 12
546 759 12
559 769 12
572 780 12
583 790 12
596 804 12
607 817 15
618 836 15
625 855 15
634 873 15
642 889 15
658 905 12
675 913 12
690 914 14
712 911 14
732 902 14
750 888 20
768 872 20
788 852 20
802 832 10
3
0 0 5
8 0 5
8 8 5
10
802 0 10
814 0 4
820 1 4
826 1 4
832 3 5
838 5 5
845 7 3
849 10 3
853 14 4
857 18 3
9
0 3 5
8 0 8
19 2 8
23 14 6
23 21 6
23 28 6
19 40 8
8 42 8
0 39 5
0
