0.000000000
0.005394605
0.971428571
1.000000000
0.000000000
0.250070855
1.000000000
0.000000000
0.052117096
0.001484614
0.001141405
1.000000000
0.000000000
0.000411228
1.000000000
0.048665144
0.028280786
0.004080981
1.000000000
1.000000000
0.047784968
0.000474209
0.000000000
0.025002345
1.000000000
0.000177712
0.166094660
1.000000000
0.342629889
0.000010232
1.000000000
0.111937708
0.000095565
1.000000000
0.000107389
0.376432508
0.000100590
0.011535267
0.000000070
0.002201159
0.000000000
0.013377926
1.000000000
0.069373073
0.085927933
0.035543767
1.000000000
1.000000000
0.000000000
1.000000000
1.000000000
0.863071711
0.000006221
1.000000000
0.000007925
0.000000000
0.000000000
1.000000000
0.002229386
0.000094211
1.000000000
0.250000000
1.000000000
0.000006170
1.000000000
0.000000000
0.000001860
1.000000000
0.000000000
0.009407402
0.008242560
1.000000000
0.051400213
1.000000000
0.000332052
0.000000000
0.009826263
0.001151837
1.000000000
0.423076923
0.003739636
0.621148459
1.000000000
0.064804469
0.000000010
1.000000000
1.000000000
0.000000000
1.000000000
0.000261489
0.105263158
0.001174461
0.001103925
0.042443064
1.000000000
0.073260073
1.000000000
0.000000000
0.000000027
0.008280984
1.000000000
0.000396120
0.048780488
0.013255401
0.111756168
0.001665526
0.053347954
0.001147601
0.000148794
0.000000000
0.000000000
0.004215386
1.000000000
0.000007017
0.005844535
0.639705882
0.004131783
0.000000000
1.000000000
0.000000000
0.016393443
0.008099625
0.000028366
1.000000000
0.000000000
0.228571429
1.000000000
0.166666667
0.166666667
0.183620567
0.000000216
1.000000000
1.000000000
0.000227070
0.000000000
1.000000000
0.286419388
1.000000000
1.000000000
0.139205059
0.000208002
0.000170504
0.000000000
0.000000000
1.000000000
1.000000000
0.402476780
0.002625656
0.111720951
0.029027576
0.000001773
0.000000000
0.055555556
0.050289495
1.000000000
0.014196330
1.000000000
1.000000000
0.000006577
0.002352941
1.000000000
1.000000000
0.006176386
1.000000000
0.037974684
1.000000000
1.000000000
0.013901342
1.000000000
0.008801448
0.097435897
1.000000000
0.004061632
0.000000000
1.000000000
0.000003111
0.105844156
0.000932205
0.062200957
0.000015492
0.000979726
0.014705882
1.000000000
0.000528396
0.000046178
1.000000000
1.000000000
0.000004291
0.000029371
1.000000000
0.000250190
0.000609049
1.000000000
1.000000000
0.000039735
0.000243950
0.000000000
1.000000000
1.000000000
1.000000000
1.000000000
1.000000000
0.000010774
0.000454283
0.027874058
0.042483660
0.015212389
0.077249709
0.000000191
0.300000000
1.000000000
0.766986637
0.000000000
0.034040672
0.482460779
0.029940120
0.008510209
0.414509246
0.000005038
0.000045049
0.044803968
0.073447205
0.000314002
1.000000000
1.000000000
0.000014602
0.023715415
0.000000135
0.017790798
0.745454545
1.000000000
0.043781095
0.000000000
0.058823529
1.000000000
1.000000000
1.000000000
1.000000000
0.003175533
0.004583652
0.000000000
0.095605422
0.000000017
1.000000000
0.000000000
1.000000000
1.000000000
0.000127228
1.000000000
1.000000000
0.000000000
0.001081081
1.000000000
0.000009403
0.000030550
1.000000000
0.000000000
0.008916166
0.000855905
0.000000000
0.000000000
0.000582411
0.000001014
0.000018418
1.000000000
0.001174398
0.001906073
1.000000000
0.000000000
1.000000000
1.000000000
0.000002992
0.000222348
0.000000000
0.105620085
1.000000000
0.000001123
0.004308301
0.290247678
1.000000000
1.000000000
1.000000000
0.000192197
0.000027166
0.007687154
0.051047918
0.000021639
0.000287909
0.000048748
0.196376388
0.000880578
1.000000000
0.282598388
1.000000000
1.000000000
0.561170213
0.000020752
0.115870830
1.000000000
0.006892447
0.342657343
0.003277645
0.011826141
0.130741376
1.000000000
1.000000000
1.000000000
0.000401557
0.000348432
0.107094075
1.000000000
0.000566021
1.000000000
1.000000000
0.000000000
0.437479594
0.000478434
0.000023885
0.035892064
1.000000000
0.714285714
0.000182490
0.000787534
0.008777521
0.126126126
0.118967300
1.000000000
0.033689840
1.000000000
1.000000000
1.000000000
1.000000000
0.005828209
1.000000000
1.000000000
0.001416004
0.000012752
1.000000000
0.000011523
0.000000000
0.001422252
0.251852625
0.002463054
0.000145664
0.000000000
1.000000000
0.029105190
0.564285714
0.001040572
1.000000000
0.118679051
0.000000054
1.000000000
0.176998416
0.004111485
1.000000000
0.000000000
0.003591763
1.000000000
1.000000000
0.008019343
0.010162745
0.000000000
0.002467291
0.262987013
0.099658607
1.000000000
1.000000000
0.017857143
0.764305260
0.126472899
0.583075335
1.000000000
0.906297134
0.000029528
0.000000000
0.000000000
1.000000000
0.078947368
0.163432074
0.004684521
1.000000000
0.379332415
1.000000000
0.000000000
0.000000416
0.003952954
0.391304348
0.001723628
1.000000000
0.000000000
0.013422819
1.000000000
0.000000000
0.000000443
1.000000000
1.000000000
0.000003378
0.146153846
0.006992769
0.027692308
0.004074357
1.000000000
0.000048942
1.000000000
0.007141732
1.000000000
0.000985222
0.000157174
1.000000000
0.000394773
1.000000000
0.083333333
1.000000000
0.000000000
0.000000000
0.124196269
0.000000553
0.333333333
0.000268120
0.065299598
0.000000000
0.000000000
0.000091008
1.000000000
0.000018413
0.037867538
1.000000000
0.019455253
0.171568627
0.041825787
0.000583801
1.000000000
0.010566055
1.000000000
0.005744611
0.020721925
0.000000000
1.000000000
0.005066876
0.005529954
1.000000000
0.000036860
0.000000000
0.032960894
1.000000000
1.000000000
0.000080480
1.000000000
0.013581542
0.241725976
0.000000000
0.971644042
0.000000000
0.000055733
0.000029711
0.015075377
0.000001666
1.000000000
0.012195122
0.000185776
0.000000000
0.191041900
1.000000000
0.000005261
1.000000000
0.000178747
1.000000000
0.000083067
0.000573687
1.000000000
1.000000000
0.000000000
0.000866073
0.043650794
0.000115294
0.000074846
0.019867550
1.000000000
0.000000000
0.000000000
0.000035544
1.000000000
0.015810277
0.000195610
0.030476190
0.039682540
0.142134033
0.000000071
0.000329253
0.004094858
0.000000000
0.000000000
0.602363646
0.010878011
1.000000000
0.000462217
1.000000000
1.000000000
0.000295241
0.000000000
1.000000000
0.000000000
1.000000000
0.000194464
1.000000000
0.000048387
0.037965261
0.194282860
1.000000000
1.000000000
1.000000000
0.000002828
1.000000000
0.000013514
0.002662624
1.000000000
0.084033613
0.218411995
0.010395935
0.066160316
0.000013156
1.000000000
1.000000000
0.000002397
1.000000000
1.000000000
0.173087739
0.000019272
0.002108587
0.042553191
0.000000000
1.000000000
0.009587495
0.028571429
0.363636364
0.900000000
0.000020470
0.044921578
0.075761601
0.091575092
0.001535916
1.000000000
0.134986175
0.000021498
0.000000000
0.000010160
0.003030935
1.000000000
0.000000783
1.000000000
0.257259583
0.003625407
0.000008222
1.000000000
0.000117215
1.000000000
0.011298963
1.000000000
0.008541829
1.000000000
0.000000001
1.000000000
1.000000000
1.000000000
0.051517683
0.000172661
0.022766078
0.105821574
0.000028458
0.001105812
0.134986175
0.006890400
1.000000000
0.000152329
1.000000000
1.000000000
0.014084507
0.000829138
0.000000000
0.000140706
0.001293564
1.000000000
0.021231962
1.000000000
0.000126449
0.000000000
0.050822766
1.000000000
0.011806254
0.004901961
0.053313588
0.576312576
0.000000000
1.000000000
0.009721521
1.000000000
1.000000000
0.015481502
0.766494042
0.097696456
0.108046853
0.048976583
1.000000000
0.234267135
0.000022745
1.000000000
0.000239959
1.000000000
0.000001563
0.051059086
1.000000000
0.000003717
0.025614203
1.000000000
1.000000000
1.000000000
1.000000000
0.019867550
1.000000000
0.011952531
0.000000000
0.092165899
0.403843350
0.000034755
0.001133641
1.000000000
1.000000000
0.132289062
0.000000000
0.006715224
1.000000000
0.000001712
1.000000000
0.000000000
0.000000000
0.000004302
1.000000000
0.278632911
1.000000000
0.005978911
0.059113300
0.002041600
0.000002382
1.000000000
0.008801448
1.000000000
0.524765826
0.010728402
1.000000000
0.001453166
1.000000000
0.000000000
1.000000000
0.000000000
0.171568627
1.000000000
1.000000000
1.000000000
0.016292666
1.000000000
0.000633527
1.000000000
1.000000000
0.000047533
0.100525133
1.000000000
0.049130177
0.000001161
0.000547610
1.000000000
0.000476720
0.304687051
0.000007907
0.079505514
0.000000000
0.000107902
0.007516486
0.000000000
1.000000000
1.000000000
0.292542317
1.000000000
0.000000777
0.162905859
0.000000000
0.057142857
1.000000000
0.173160173
0.028808044
1.000000000
0.004745938
1.000000000
1.000000000
0.000046882
0.000170810
0.000000000
0.000000000
0.000000000
1.000000000
0.000303062
0.000436104
1.000000000
1.000000000
0.120689130
0.000465773
0.000012369
0.054127602
1.000000000
0.001125668
0.006190720
1.000000000
0.001072330
0.099936248
1.000000000
0.007764808
0.000000000
1.000000000
0.547931292
0.111609367
0.000620812
0.000000000
1.000000000
0.000000000
0.567099567
0.000000000
0.136601868
1.000000000
1.000000000
0.000000000
0.127966976
1.000000000
1.000000000
0.002800597
0.000460066
0.000183855
0.000000000
0.000000000
1.000000000
0.003530033
0.000000303
0.000000812
0.000001193
1.000000000
0.000000000
0.084787066
0.039396985
0.013617827
0.015176715
1.000000000
0.033746567
0.001922099
0.000000000
0.004072777
1.000000000
1.000000000
1.000000000
1.000000000
0.250000000
0.000000000
1.000000000
0.282625113
1.000000000
1.000000000
0.008792343
0.002656841
0.000000000
1.000000000
1.000000000
0.642893560
1.000000000
0.007299294
0.000000000
0.042200957
0.103990900
0.001204698
0.000202720
0.000048150
0.120400347
0.000001515
0.000000000
1.000000000
1.000000000
1.000000000
0.000000000
1.000000000
1.000000000
0.001928844
0.234778122
1.000000000
0.000056598
0.004807692
1.000000000
0.001688422
0.328372609
0.001530393
1.000000000
1.000000000
0.098857247
0.000000000
1.000000000
0.000001425
0.046857143
0.033149171
1.000000000
0.099331104
0.006193789
1.000000000
1.000000000
0.121368437
0.882828283
0.000000000
0.000004988
0.026378138
0.000214676
1.000000000
0.261373024
0.001009728
0.578010568
0.000015023
0.241758242
0.000240572
0.011952531
0.025641026
1.000000000
1.000000000
0.008394108
0.000000000
1.000000000
0.023786408
0.007583819
0.000000000
0.002617431
0.000026083
1.000000000
0.000000000
1.000000000
0.000003458
0.000668466
0.000000000
0.000012971
1.000000000
0.002464329
0.000202888
0.000025452
0.008641240
0.000377300
1.000000000
0.000112210
1.000000000
1.000000000
0.000011735
0.014196330
0.392541906
0.372550049
0.000361999
0.000000000
0.157719363
1.000000000
1.000000000
0.003850514
1.000000000
1.000000000
0.000080480
1.000000000
1.000000000
0.000000000
0.001894787
0.000000167
0.000449840
0.140398965
0.164368562
1.000000000
0.000006849
1.000000000
0.000000000
0.002825578
0.000001119
0.009674447
0.018061171
1.000000000
0.116039604
0.000000000
1.000000000
1.000000000
0.000000000
0.000166283
1.000000000
0.017543860
1.000000000
0.000000000
1.000000000
1.000000000
1.000000000
0.897960191
0.001744582
0.000000000
1.000000000
0.000000022
1.000000000
1.000000000
0.000009018
0.006312109
0.009559050
0.000001314
0.000002934
0.000592351
0.012374582
0.013867122
0.000014646
1.000000000
0.000595272
0.000594046
0.547619048
1.000000000
0.013710001
0.268482603
1.000000000
1.000000000
1.000000000
0.075414781
0.000000000
1.000000000
1.000000000
0.009124548
0.000000000
0.004122939
0.000217108
1.000000000
0.349181765
1.000000000
0.025641026
1.000000000
1.000000000
0.014728193
0.038636144
0.000399840
0.000010973
1.000000000
0.002630647
0.004319566
0.209700761
0.010848246
1.000000000
1.000000000
1.000000000
1.000000000
0.000703458
1.000000000
1.000000000
1.000000000
0.000000000
0.001012173
0.517783720
1.000000000
1.000000000
1.000000000
0.000232687
0.177637037
0.000000000
1.000000000
0.022486876
0.073998627
0.000000000
0.028919983
0.000000000
0.003216296
0.354325325
1.000000000
1.000000000
0.000334926
1.000000000
1.000000000
0.149779529
1.000000000
1.000000000
0.000000000
0.666666667
0.000000000
0.028168935
1.000000000
0.008547009
1.000000000
0.007466818
0.121008403
0.001056030
1.000000000
0.054545455
1.000000000
1.000000000
0.000000000
0.000012195
0.000072045
1.000000000
0.002354784
0.000003094
1.000000000
0.000998365
0.001039087
1.000000000
1.000000000
0.880952381
1.000000000
1.000000000
1.000000000
0.333333333
0.400000000
0.121212121
0.492917167
0.049219688
0.022809124
0.003546034
1.000000000
0.001440576
0.000240096
0.000296771
1.000000000
0.000000102
