0.000000000
1.000000000
0.000000000
0.007129894
0.000135410
0.000732504
0.000005654
0.005897951
0.269603380
0.012425372
0.003097916
0.000000000
0.157386953
0.018404908
0.000170504
0.461727144
1.000000000
0.004933703
0.022959184
0.000000000
0.000243832
0.165811966
0.001846280
0.000036738
1.000000000
0.659807185
0.015384615
1.000000000
0.000000000
0.083333333
0.001150477
0.021854764
1.000000000
0.000000000
0.034554745
0.068990043
0.002808404
0.000611154
1.000000000
0.456521739
1.000000000
0.094038002
1.000000000
0.013581542
0.000000000
0.000356379
0.125126297
1.000000000
1.000000000
1.000000000
1.000000000
1.000000000
0.065934066
1.000000000
0.000000020
0.036137775
0.000037082
0.000000026
1.000000000
0.000000032
0.001530393
1.000000000
1.000000000
1.000000000
1.000000000
0.000000000
0.019230769
1.000000000
0.000018260
0.002624463
1.000000000
0.000922470
0.530443756
0.000115987
0.735294118
0.000000000
0.006640280
0.000003076
0.000010083
0.551911001
1.000000000
0.000000000
0.000001270
1.000000000
0.000056598
1.000000000
1.000000000
1.000000000
0.000303062
0.000007676
0.009094354
0.000693802
0.050412481
0.018759019
0.001677359
0.000000467
0.040150207
0.002814523
1.000000000
0.000000000
0.000964868
1.000000000
0.542490119
0.000828003
0.775901943
0.126368470
1.000000000
0.000000000
1.000000000
1.000000000
1.000000000
0.000019156
0.112941176
0.002553626
0.001731073
1.000000000
0.235343244
0.000000000
0.160294022
0.000014512
1.000000000
1.000000000
0.000000000
1.000000000
1.000000000
0.000001087
0.000007454
0.009347376
0.004202475
0.039362139
0.002461512
0.000607303
1.000000000
1.000000000
1.000000000
0.000000037
1.000000000
0.003418340
1.000000000
1.000000000
1.000000000
0.005408656
0.005285206
1.000000000
0.000052144
1.000000000
0.000000000
0.077419355
0.114624506
1.000000000
1.000000000
1.000000000
1.000000000
1.000000000
0.000264038
0.172513190
1.000000000
0.210789513
1.000000000
0.001155396
1.000000000
0.009995158
1.000000000
0.427070795
0.001622638
0.000000000
0.000328444
1.000000000
1.000000000
0.885714286
0.248145124
0.004388646
1.000000000
0.059072848
0.000000000
1.000000000
1.000000000
0.000011184
1.000000000
0.003468177
0.000004152
0.018691589
0.014890714
0.000000000
0.000829138
0.001498913
1.000000000
0.000000000
0.000000000
0.000247011
0.316455696
1.000000000
1.000000000
0.000774624
0.000000000
0.000000000
0.000922742
0.000116716
0.000000080
0.007792598
1.000000000
1.000000000
0.000298493
0.000000000
0.004247513
0.370671276
0.007389163
1.000000000
0.000002193
0.000000000
0.033707865
1.000000000
0.000685818
0.000087283
0.023279977
0.006903101
0.000000000
0.000000740
1.000000000
0.000220179
1.000000000
0.039525692
0.000000000
0.010912489
1.000000000
0.086245024
0.000000000
1.000000000
0.001753361
0.000000230
0.000000179
0.091575092
0.133258046
1.000000000
1.000000000
1.000000000
0.000220296
0.000008636
0.430091185
1.000000000
1.000000000
1.000000000
1.000000000
0.000000000
0.299825277
0.042457542
0.000595515
0.733333333
1.000000000
0.000000000
0.000005024
0.666666667
0.000000000
0.500000000
0.000699863
0.187006624
1.000000000
0.000113213
0.060945422
0.091044221
1.000000000
0.012552301
1.000000000
0.001392339
0.006436047
1.000000000
0.010642288
0.285714286
0.000159417
1.000000000
0.000000000
0.001493016
0.000714199
1.000000000
0.000011003
0.423305471
0.000045030
0.061855670
0.001272043
0.045879229
0.000053711
0.000000000
0.000856657
0.000046293
0.426144765
0.000331675
1.000000000
0.000003872
0.002979035
0.001388549
0.000000000
0.000000002
0.000179542
0.000000058
0.004424967
1.000000000
0.000087986
1.000000000
0.099332192
0.003809990
1.000000000
0.000000000
1.000000000
0.001292090
0.022288953
0.000000000
0.162905859
0.000029526
0.000000000
0.001976285
1.000000000
1.000000000
0.200000000
1.000000000
1.000000000
0.000000189
1.000000000
0.238914585
0.000002259
0.536723591
0.071428571
1.000000000
1.000000000
0.001632348
0.000910632
0.001406033
0.411456612
0.009504988
1.000000000
0.007193532
0.425418690
0.112379280
0.088111888
1.000000000
1.000000000
0.000523797
0.012345679
1.000000000
1.000000000
1.000000000
0.000000000
0.000000000
0.090152967
1.000000000
1.000000000
0.008813117
0.006890100
0.031879178
0.007650921
1.000000000
0.000135698
0.189473684
0.000000120
0.000000000
0.000047847
0.002617224
0.002617224
0.000022548
0.000000000
0.000000000
0.000153483
0.011076798
0.004685649
1.000000000
0.008386721
1.000000000
1.000000000
1.000000000
0.001330075
1.000000000
1.000000000
0.125874126
1.000000000
0.000238732
0.000026515
0.366384831
0.096232912
0.037215223
0.010187634
0.002319761
1.000000000
0.000000000
0.350375940
0.004560698
1.000000000
1.000000000
0.007769608
1.000000000
0.000000000
0.000000000
0.015350231
1.000000000
0.009597912
0.003116356
0.013295270
0.041684366
1.000000000
1.000000000
0.000002745
0.000000000
0.003374563
0.087774295
0.002352941
0.001708151
0.441188987
0.000000474
0.000146297
0.379332415
0.000573687
1.000000000
0.000093246
1.000000000
0.000081796
0.000023177
0.049902705
0.003451284
0.018759019
0.000064230
0.036964933
1.000000000
1.000000000
1.000000000
1.000000000
1.000000000
0.000074622
0.000000000
0.022900763
1.000000000
0.000117516
0.750000000
1.000000000
1.000000000
0.000161130
0.024168798
0.087462831
0.082629394
0.000054425
1.000000000
0.000000068
0.329975327
0.007117621
0.042702934
0.000000000
0.011835720
1.000000000
1.000000000
1.000000000
0.064234630
1.000000000
0.000000000
1.000000000
0.000000024
0.037965261
1.000000000
1.000000000
1.000000000
1.000000000
0.145253963
0.116659115
1.000000000
1.000000000
0.000000000
1.000000000
1.000000000
0.000000000
0.003012869
0.001430229
0.000206659
0.000652150
1.000000000
1.000000000
0.000290541
1.000000000
1.000000000
0.000040482
1.000000000
0.000961274
0.000000000
1.000000000
0.000000845
0.000003752
1.000000000
0.000265251
0.166666667
0.040100251
1.000000000
0.000000000
1.000000000
1.000000000
0.000013474
0.288397049
1.000000000
0.002161020
0.025582069
1.000000000
0.000000000
0.013927577
1.000000000
0.000044935
0.157248157
1.000000000
1.000000000
1.000000000
0.000011445
0.001274042
1.000000000
0.044247788
1.000000000
1.000000000
1.000000000
0.085360936
0.000026843
1.000000000
0.000000000
1.000000000
0.111050957
0.000000000
0.000000959
0.000004621
0.843576196
0.027057817
0.000000216
1.000000000
1.000000000
0.043618340
0.146341463
0.005625463
1.000000000
0.000000308
1.000000000
0.003432319
1.000000000
0.000004830
1.000000000
1.000000000
0.000020077
0.012809590
1.000000000
0.000004932
0.030303030
0.024168798
0.000000000
0.021354076
0.000000000
0.000025267
1.000000000
0.000000000
0.045172219
1.000000000
1.000000000
0.051599587
0.113579686
1.000000000
0.000173149
0.322366786
0.214285714
1.000000000
1.000000000
0.006022963
0.074600400
0.000000000
0.000004189
1.000000000
1.000000000
0.000751346
0.005314821
0.394736842
0.000000000
1.000000000
0.017184169
1.000000000
0.000061492
0.000059724
0.114061215
0.000262994
1.000000000
1.000000000
0.004260307
1.000000000
0.008727789
0.000000000
0.000009227
0.000043436
0.000002625
0.218181818
0.020089124
0.019607843
0.014951391
1.000000000
0.000328444
0.000000000
0.264224908
0.030522400
1.000000000
1.000000000
0.015197568
0.030243187
0.000000000
0.011784165
1.000000000
0.001466039
0.106015600
0.166666667
1.000000000
0.009557933
0.000042464
0.076967986
0.000001897
0.138051886
0.011817486
0.000000017
0.003658537
1.000000000
1.000000000
0.200716846
0.000001459
0.000000313
0.000000493
0.000027787
1.000000000
1.000000000
0.250000000
1.000000000
1.000000000
1.000000000
0.268505080
0.000617557
0.002350807
0.002103828
0.001074034
1.000000000
0.000000000
1.000000000
0.025316456
1.000000000
1.000000000
0.001881155
0.020782839
0.091623932
0.045454545
0.000000000
0.021582734
0.000000000
0.155748392
0.015009572
0.000000000
0.000411066
0.000000000
0.000096525
0.157894737
1.000000000
1.000000000
0.003590500
0.000000000
0.000000000
0.000390237
0.000095764
0.000092353
0.000660824
0.000000000
0.002499790
0.020477816
0.003056486
0.456521739
0.000005153
0.000098776
1.000000000
0.000151145
0.000061019
0.226315789
0.000333478
0.044590391
0.018242064
0.000000040
0.000000000
0.000000000
1.000000000
0.000029408
1.000000000
0.013472023
0.007235274
0.420946068
1.000000000
0.031578947
0.274549933
1.000000000
0.000085706
1.000000000
0.229589045
1.000000000
0.000000000
0.000002810
0.000000010
0.000000000
1.000000000
1.000000000
0.000000000
0.032258065
0.020618557
0.032482570
0.065299598
0.019138756
0.000378507
1.000000000
0.000000000
0.000000000
0.000148884
0.047615506
0.175293117
0.000000871
1.000000000
1.000000000
0.000416126
0.000000000
1.000000000
0.083275401
0.000019312
0.047402151
0.000090742
1.000000000
0.014734512
0.052831112
0.741744066
0.000000203
0.598793022
0.000182227
0.000000000
1.000000000
0.000000000
0.000000000
1.000000000
0.000001493
0.000000034
1.000000000
1.000000000
0.000083987
0.484848485
0.001803575
0.000000000
0.627279620
0.000002393
1.000000000
0.000536097
1.000000000
1.000000000
0.003909228
0.000000000
0.000000000
0.000963798
0.000067796
0.001372102
0.055822461
0.000000000
1.000000000
1.000000000
1.000000000
0.000004185
0.000000000
0.002635614
0.000013010
0.000000000
0.052872395
0.291497976
1.000000000
0.000028651
1.000000000
0.080894801
0.000000000
1.000000000
1.000000000
0.000092376
0.001441987
0.054517134
1.000000000
0.000009261
0.000000000
0.017094017
0.000452613
1.000000000
0.049056604
0.000000000
0.000000000
0.000000000
0.000022358
0.000005009
0.000090165
1.000000000
1.000000000
0.053847247
1.000000000
0.000256474
0.001731117
0.001456660
0.020408163
0.000215703
1.000000000
0.513940609
0.000324185
1.000000000
1.000000000
0.000096846
1.000000000
1.000000000
0.000098493
0.000256474
0.000000000
0.155718668
0.000206684
0.028241176
0.043699565
1.000000000
0.006119206
1.000000000
0.285714286
0.000032529
0.031578947
0.033544750
1.000000000
0.017310935
1.000000000
1.000000000
0.042480838
0.000186415
1.000000000
0.230915543
0.000003382
0.000000000
0.000001598
0.000000000
0.214702013
1.000000000
0.196943252
1.000000000
0.000382085
0.022222222
0.000000000
0.037864413
1.000000000
0.000000000
0.003398495
1.000000000
1.000000000
0.205753596
0.006422704
0.051877120
1.000000000
0.252964427
0.013231402
0.000010272
1.000000000
0.011017450
0.000000593
0.002172535
0.000493825
1.000000000
1.000000000
0.087662338
1.000000000
0.000000000
0.050847458
0.037843186
0.037367327
0.537263626
0.000000000
0.102108730
1.000000000
0.000000000
0.044656188
0.000000000
0.000789998
1.000000000
0.055165760
0.000001796
0.016759777
1.000000000
0.044444444
0.021483911
0.000003755
0.167427931
0.000000000
0.233893126
0.184963967
0.002145867
0.000000013
0.555555556
0.064985994
1.000000000
0.000000000
0.008219414
1.000000000
1.000000000
1.000000000
0.000000000
0.012987013
0.016318979
1.000000000
0.000011982
0.013031674
0.009472190
1.000000000
0.000006249
1.000000000
1.000000000
0.000291989
0.000057351
1.000000000
0.000000000
0.000354484
1.000000000
1.000000000
0.010339311
1.000000000
1.000000000
1.000000000
0.043699837
0.176470588
0.004748060
0.183050847
1.000000000
0.000000000
0.172413793
0.000023958
1.000000000
0.050181578
1.000000000
1.000000000
0.022239042
0.015915119
1.000000000
1.000000000
1.000000000
0.055989107
0.163432074
0.014996835
0.017804875
1.000000000
0.000405836
0.001431874
1.000000000
0.000248833
1.000000000
1.000000000
0.006034970
1.000000000
0.000000000
0.036029275
1.000000000
0.000000000
0.000000000
0.000000000
1.000000000
0.014891321
1.000000000
1.000000000
1.000000000
1.000000000
0.003130572
0.008252502
0.004097207
1.000000000
0.006742252
1.000000000
0.000220810
0.000000120
0.983682984
1.000000000
0.000000000
0.000000000
0.000000001
0.000000190
1.000000000
0.000133956
1.000000000
0.000656629
0.000000000
0.000001115
0.000895441
1.000000000
0.003601009
0.062816616
0.000293672
0.000000487
1.000000000
0.094107390
0.050289495
0.000391794
1.000000000
0.003562152
1.000000000
0.385158263
1.000000000
0.001398601
0.000000834
0.000000000
1.000000000
0.001073622
1.000000000
0.000716675
1.000000000
1.000000000
1.000000000
0.880952381
1.000000000
1.000000000
1.000000000
0.333333333
0.400000000
0.121212121
0.492917167
0.049219688
0.022809124
0.003546034
1.000000000
0.001440576
0.000240096
0.000296771
1.000000000
0.000000102
