0.000000000
0.000324118
1.000000000
0.000001722
0.000872416
0.000134145
0.029420668
0.001367054
0.002645706
0.005041508
0.100396757
0.000872416
0.064652329
0.157142857
0.001644181
1.000000000
0.259740260
0.000000000
0.086236436
0.000031898
1.000000000
0.000009649
0.045315210
0.000000000
1.000000000
0.000000000
0.000000000
0.000145664
0.000019552
1.000000000
0.141040895
1.000000000
0.000299536
1.000000000
1.000000000
0.014662757
1.000000000
1.000000000
0.929324299
1.000000000
0.000756800
0.003572261
0.296800454
0.000003840
0.044803968
0.002872907
1.000000000
0.000000000
0.000045030
1.000000000
0.690190387
1.000000000
1.000000000
1.000000000
0.000000003
1.000000000
0.000001156
0.010261101
1.000000000
0.164484566
0.001726628
1.000000000
0.069767442
0.000000191
1.000000000
0.000000000
1.000000000
1.000000000
0.002080668
0.979020979
0.000120186
1.000000000
1.000000000
0.513083591
0.000000000
1.000000000
1.000000000
0.000000000
1.000000000
0.303405573
1.000000000
0.211311086
0.011616743
1.000000000
0.000000929
0.001147601
0.000000000
0.000005297
1.000000000
0.030434073
0.931269350
0.005102041
0.142857143
0.104324028
1.000000000
1.000000000
1.000000000
0.000347651
0.014065447
0.000000614
0.000000000
0.000000000
1.000000000
1.000000000
0.010844609
0.003705260
0.000157162
1.000000000
0.000000000
0.006890400
0.097696456
1.000000000
0.000000000
1.000000000
1.000000000
0.000045536
0.000006322
0.642857143
1.000000000
0.150688739
0.003061643
0.000000000
1.000000000
0.558441558
1.000000000
0.004543817
0.046643914
0.014425044
0.264182090
0.000022086
0.000000000
0.000062771
0.007422521
1.000000000
0.000251351
0.133783721
0.008957500
0.000024750
1.000000000
1.000000000
1.000000000
1.000000000
1.000000000
1.000000000
0.007402581
0.000065871
0.171095990
0.026236890
1.000000000
0.000000000
0.000000223
0.015444015
1.000000000
0.000000274
0.244564111
0.118037805
0.000004497
1.000000000
0.020727283
0.000000000
0.008058406
0.002225913
1.000000000
1.000000000
0.004044200
0.209401709
0.315201890
0.906862745
1.000000000
0.000000317
0.524868902
0.001831395
0.402722632
0.181451613
0.000007381
0.023577556
0.000000000
1.000000000
0.083036175
0.000000000
0.028926515
0.036520241
1.000000000
0.000003484
1.000000000
1.000000000
0.002532538
0.008879493
0.017332983
1.000000000
1.000000000
0.000000000
1.000000000
0.105919003
0.042616848
1.000000000
0.040587765
1.000000000
1.000000000
0.177489177
1.000000000
0.170324846
0.000001648
0.001133641
0.005042017
1.000000000
0.000308356
0.000037813
1.000000000
0.000000000
0.004296627
0.001805613
1.000000000
0.216882249
0.000000000
1.000000000
1.000000000
1.000000000
0.163219134
0.359059233
1.000000000
0.000095530
0.552608311
1.000000000
0.000022374
0.000550651
0.000001324
0.105282675
0.018051196
1.000000000
0.000075671
0.000092112
0.002695325
0.004616689
0.000009354
0.023668639
0.005102041
0.000075527
0.000000000
0.000000000
0.000312793
0.000000000
0.001612213
1.000000000
0.000061492
0.000004885
0.013573799
0.012987013
0.001800837
0.000000000
0.000003597
1.000000000
0.001354134
0.089115518
0.027817851
0.001367054
0.023904382
1.000000000
0.299153496
0.000375054
1.000000000
1.000000000
0.020496170
0.400000000
0.007514072
0.000000000
0.107599769
0.319296264
0.005281779
1.000000000
0.002624463
0.018061171
0.015157257
1.000000000
0.000000663
0.012048193
0.068990043
1.000000000
1.000000000
0.048953975
0.000195773
0.000000000
0.064234630
0.000000000
0.030940368
0.000001724
0.000013327
0.000000000
1.000000000
0.000010902
0.003321888
0.000001556
0.013040518
0.001906073
0.000000816
1.000000000
0.016648036
0.007038612
0.014202221
1.000000000
1.000000000
0.749383287
1.000000000
0.000014541
0.009593037
0.019801980
1.000000000
1.000000000
0.000018504
1.000000000
0.549450549
1.000000000
0.091539599
0.015748031
1.000000000
0.107692308
1.000000000
1.000000000
1.000000000
0.001366004
0.000000000
0.000013207
0.001347337
1.000000000
0.045964432
0.001697618
1.000000000
0.000000209
1.000000000
1.000000000
0.428571429
0.000000000
0.174888841
1.000000000
0.000830134
0.400000000
0.000000000
0.005822481
0.000194945
0.000057455
0.000056835
1.000000000
0.158132174
0.046701125
1.000000000
0.000025477
0.015384615
0.088377462
0.719029362
0.013868664
0.000000006
0.025974026
0.005182024
0.008497016
0.285118280
0.045605557
1.000000000
0.008733896
1.000000000
0.004078148
1.000000000
1.000000000
1.000000000
1.000000000
0.186206897
0.011764706
0.000000106
1.000000000
0.000005008
1.000000000
0.000602482
0.000178299
0.000270168
0.000018593
0.000023330
1.000000000
1.000000000
0.028169014
0.014116318
0.000020632
0.000000002
0.259103641
1.000000000
0.028169014
0.119047619
0.000004596
0.000000000
0.028064828
0.000000000
0.000852327
0.000000000
1.000000000
0.007139136
0.422296515
0.011330698
0.969696970
1.000000000
0.007129894
0.000000000
0.028241176
0.096407339
0.052631579
1.000000000
0.000000880
0.000064892
0.002617431
1.000000000
0.111538728
0.003828662
1.000000000
0.000740343
0.000610144
0.000121995
0.267382617
0.000869722
1.000000000
1.000000000
0.000011053
0.000000000
0.002860412
0.008594716
1.000000000
1.000000000
1.000000000
0.005314821
1.000000000
0.001949168
0.000021287
0.425418690
1.000000000
0.000048722
0.000003630
0.011247696
1.000000000
1.000000000
0.000869991
1.000000000
0.005171686
0.000165873
0.000000000
0.000000000
0.013547954
0.000000000
1.000000000
0.001549402
0.000000000
0.000004596
0.000000000
0.584464555
1.000000000
0.000001637
0.000002435
0.222584951
0.004213966
1.000000000
1.000000000
1.000000000
0.036144578
0.000000233
0.000000000
1.000000000
0.247619048
0.000000000
0.000011420
0.000005869
1.000000000
1.000000000
1.000000000
0.280893281
1.000000000
1.000000000
1.000000000
0.067755596
1.000000000
0.000006882
1.000000000
0.044499576
0.000519282
0.000017220
1.000000000
1.000000000
0.183107943
0.000762645
1.000000000
0.654432524
1.000000000
1.000000000
1.000000000
1.000000000
0.000343996
1.000000000
1.000000000
1.000000000
0.001012996
0.000000363
1.000000000
1.000000000
0.001349143
0.000000000
0.000007209
0.000000000
0.697234325
0.000064611
1.000000000
0.016393443
0.000095442
0.000501696
0.000006576
1.000000000
0.002856579
0.065024694
0.000067104
0.000328069
0.002705528
1.000000000
0.061688312
0.075528937
0.781944339
0.000000000
0.000027394
0.007379256
0.005021497
0.303124843
1.000000000
0.300951706
1.000000000
0.002625656
0.005357007
1.000000000
1.000000000
0.000152214
1.000000000
0.000000000
1.000000000
0.000627092
0.002801803
0.047007073
0.000000000
0.000000000
0.000000000
0.000000000
1.000000000
0.050632911
1.000000000
1.000000000
0.046753247
0.006036316
1.000000000
0.000000000
0.000000000
1.000000000
1.000000000
0.000110941
0.045328400
0.000472203
0.047619048
1.000000000
0.000000000
1.000000000
0.000322153
1.000000000
1.000000000
1.000000000
1.000000000
0.000023509
0.080098280
1.000000000
0.000000000
1.000000000
0.000400459
1.000000000
0.001763017
0.006903101
1.000000000
0.000000000
1.000000000
0.044661602
0.000000794
0.016121385
1.000000000
0.001427726
0.000267718
0.003657663
1.000000000
0.000999001
0.003327693
0.095238095
0.046397008
1.000000000
0.000080676
0.051841518
0.105620085
1.000000000
1.000000000
0.000766949
0.107094075
0.043580936
0.000001097
1.000000000
1.000000000
1.000000000
0.000009642
1.000000000
0.005054546
1.000000000
1.000000000
1.000000000
0.054773083
1.000000000
0.032967033
0.000171948
1.000000000
0.000073675
0.008076080
0.000000000
1.000000000
0.000692402
0.009857410
0.000753621
0.000000000
0.346998800
0.065536723
0.005243627
1.000000000
1.000000000
1.000000000
0.143589744
0.008940854
0.004545895
1.000000000
0.140169122
0.000013323
0.000213251
0.000000000
1.000000000
1.000000000
0.439393939
0.000000000
0.000866073
0.000001082
0.000426802
0.000002975
0.083362813
0.036453504
1.000000000
0.000000083
0.003316735
0.133046707
1.000000000
0.038961039
1.000000000
0.000000000
0.081560284
0.000000000
0.000000000
1.000000000
0.000000319
1.000000000
0.000000413
0.091711230
1.000000000
1.000000000
1.000000000
1.000000000
1.000000000
0.000106294
0.094038002
0.000000000
0.678665689
0.000056617
0.312878910
1.000000000
0.000000000
0.000008618
1.000000000
0.000000000
0.001694707
1.000000000
0.002914497
1.000000000
1.000000000
1.000000000
1.000000000
0.147647264
0.040404040
0.103990900
0.064935065
0.000000000
0.211076147
0.001689965
1.000000000
0.073280008
1.000000000
1.000000000
0.000039747
1.000000000
1.000000000
1.000000000
0.135042735
1.000000000
1.000000000
1.000000000
0.000000000
1.000000000
0.016806723
0.002617431
1.000000000
1.000000000
0.000000000
0.134615385
0.000048255
0.000000000
1.000000000
1.000000000
0.004130245
1.000000000
0.029339550
1.000000000
0.035832780
0.000000437
0.069498069
1.000000000
0.006755972
0.000049495
0.005105038
0.107142857
0.000000000
1.000000000
0.062449069
0.015613710
1.000000000
1.000000000
0.000026785
0.004163347
0.000062062
0.221368547
0.003987092
0.000011819
0.000000000
0.300472791
0.000000000
0.183673469
0.245454545
1.000000000
0.000000000
0.062500000
0.001508276
0.002499916
0.000017202
0.000000000
0.000000001
0.000646390
1.000000000
0.000000000
0.000841146
1.000000000
1.000000000
0.008122641
0.000570725
0.000628108
1.000000000
0.002238238
0.000517341
0.019238135
0.915732960
0.303030303
0.006140701
1.000000000
0.000000000
0.000000000
1.000000000
0.040816327
0.002879083
1.000000000
1.000000000
0.000803014
0.000000000
1.000000000
0.000000000
0.091941811
1.000000000
1.000000000
0.440843898
0.000001064
0.000000000
1.000000000
0.090381880
0.032887402
0.000002071
1.000000000
0.000000000
1.000000000
1.000000000
1.000000000
0.026973027
0.000051530
1.000000000
0.034573237
0.000152265
0.124765090
0.146012430
0.000000258
0.015384615
0.009345794
0.000000000
0.767164732
0.000066093
0.142857143
0.000059906
0.000157977
0.000002267
1.000000000
0.000519211
0.044277106
1.000000000
1.000000000
0.006584356
0.014285714
0.194365999
0.000151224
1.000000000
0.001314727
0.042977045
1.000000000
0.416666667
0.038671620
0.039312321
1.000000000
0.000132563
1.000000000
0.585804767
1.000000000
1.000000000
0.000000000
1.000000000
0.000019636
0.334128908
0.000000000
0.002651306
0.001283061
1.000000000
1.000000000
0.000893834
0.027441931
0.000003776
0.725316829
0.000023218
0.400000000
0.000000000
1.000000000
0.162682838
0.000000000
0.008984881
0.258536585
0.000002539
1.000000000
0.125982120
0.009103278
1.000000000
1.000000000
0.000002070
1.000000000
1.000000000
0.000000000
0.049180328
1.000000000
1.000000000
0.000109378
1.000000000
1.000000000
0.000007025
0.004202475
1.000000000
0.000001073
0.000000463
1.000000000
1.000000000
0.093906331
1.000000000
1.000000000
0.000000000
1.000000000
1.000000000
0.000000000
0.000332060
0.043618340
0.000000000
0.000375054
1.000000000
0.000463443
0.052781290
0.120520503
0.000278873
1.000000000
0.051282051
0.250871080
0.000215826
0.000000000
0.062942565
0.000000000
1.000000000
0.016736402
0.009014098
1.000000000
1.000000000
0.097150988
0.000022270
0.014925373
0.015772871
0.000000009
0.000756800
0.008199024
0.000000000
0.533333333
0.000063646
1.000000000
0.257142857
0.072758551
0.015166787
1.000000000
0.000210575
0.000000000
1.000000000
1.000000000
1.000000000
0.000000000
0.003171247
0.005042017
1.000000000
1.000000000
1.000000000
0.000000000
0.002179415
0.029341817
0.287356322
1.000000000
0.011491005
0.057945566
1.000000000
0.000000000
0.000543546
1.000000000
0.000000000
0.002025692
0.141319957
0.000000439
0.692677567
1.000000000
1.000000000
0.001928773
0.000005808
0.000000000
0.029927421
0.031110917
0.025834070
0.000060230
1.000000000
0.000035015
1.000000000
0.728986208
0.035087719
0.000000000
0.474725275
0.002497502
0.056140351
0.002396803
1.000000000
1.000000000
1.000000000
0.007674989
0.000024928
0.000000000
0.000402906
0.445612377
1.000000000
0.000000000
0.033465561
1.000000000
0.000010676
0.000871763
0.776931757
0.000589518
1.000000000
1.000000000
1.000000000
0.174135634
0.039085432
1.000000000
1.000000000
0.250871080
1.000000000
0.017094017
0.000000000
0.000000000
1.000000000
0.000566938
0.000001647
0.000000000
0.003890627
0.000000030
1.000000000
0.880952381
1.000000000
1.000000000
1.000000000
0.333333333
0.400000000
0.121212121
0.492917167
0.049219688
0.022809124
0.003546034
1.000000000
0.001440576
0.000240096
0.000296771
1.000000000
0.000000102
