0.000000000
0.000004122
1.000000000
0.500000000
0.001920342
0.000084697
0.000883303
1.000000000
0.035087719
0.007388439
0.001284924
0.003301132
0.000000000
0.000020165
1.000000000
0.003196814
1.000000000
1.000000000
0.139784946
1.000000000
0.069498069
0.000945322
1.000000000
1.000000000
0.000002850
0.160427807
0.000536088
1.000000000
1.000000000
0.000001308
0.000000000
0.506198652
1.000000000
0.047619048
0.012903226
1.000000000
1.000000000
0.000382059
0.000081555
0.033870968
0.272870180
0.074516360
0.000869239
1.000000000
0.409967607
0.000002744
1.000000000
1.000000000
0.000048017
0.015009572
0.000000000
1.000000000
0.090020641
0.802640731
0.010543765
0.044776119
0.028099085
0.000000000
1.000000000
1.000000000
0.000366281
0.000000000
0.000000223
0.000002339
0.035166240
1.000000000
0.000221446
0.000115140
1.000000000
0.001931519
1.000000000
1.000000000
0.000534064
1.000000000
0.000130712
1.000000000
1.000000000
0.002892113
1.000000000
0.857142857
1.000000000
0.000026345
0.335710111
0.000000000
0.631261087
1.000000000
1.000000000
0.000568145
1.000000000
0.000591709
0.000000000
1.000000000
0.000000000
0.000000000
1.000000000
0.018369957
1.000000000
1.000000000
0.000000000
0.000111058
0.000278918
1.000000000
0.007257448
0.001757955
0.000041157
1.000000000
0.026941960
0.000094549
0.000000958
0.192654278
1.000000000
0.000003662
0.000000000
0.442017701
1.000000000
1.000000000
0.000205163
0.000003662
1.000000000
0.015942170
1.000000000
0.000000000
0.000000000
1.000000000
0.001366004
0.005042017
0.000011776
0.000003421
0.000703422
1.000000000
0.041095890
0.118353726
1.000000000
1.000000000
0.001912566
1.000000000
0.183733453
0.000003245
1.000000000
0.006545289
0.000000000
0.000038237
1.000000000
1.000000000
0.012557008
0.034674923
1.000000000
0.005896248
0.000000000
0.000002136
0.096774194
1.000000000
1.000000000
1.000000000
1.000000000
1.000000000
1.000000000
0.000079429
0.000017148
1.000000000
1.000000000
0.354978355
0.013698630
0.000000000
0.019230769
0.196943252
1.000000000
1.000000000
0.138696701
0.000001007
0.006857876
1.000000000
0.009515447
0.000012710
0.000000000
0.324492899
0.000033162
0.087230611
0.000000000
0.280738874
0.037121212
0.381113907
0.000816857
0.000000000
1.000000000
0.003297059
1.000000000
0.021045368
0.000000003
1.000000000
0.000000000
0.027027027
0.000000000
1.000000000
0.140169122
0.266878847
0.001997228
0.000007166
0.039362139
0.001285697
1.000000000
0.208084446
0.000000000
0.220779221
1.000000000
0.000000000
0.000846225
0.000000068
0.000000000
1.000000000
0.000000000
0.000000000
1.000000000
1.000000000
0.234801146
1.000000000
0.163227017
0.026236890
0.018048513
0.091575092
0.000000070
0.420859133
0.049233223
0.000002745
0.000528490
0.586080586
0.014202172
1.000000000
0.000756800
0.000712035
0.010606920
1.000000000
1.000000000
0.067769043
1.000000000
0.985864364
1.000000000
0.000000000
1.000000000
0.028746031
0.036656215
1.000000000
1.000000000
1.000000000
1.000000000
1.000000000
0.015625000
0.000000000
0.000017367
1.000000000
0.042735043
0.000000000
0.000032650
0.005175983
0.000328069
1.000000000
0.000019721
0.000000223
1.000000000
0.000000000
1.000000000
0.000000152
0.047882687
1.000000000
1.000000000
0.118558832
0.349871134
1.000000000
0.000012554
0.069930070
0.000043226
1.000000000
0.000001329
0.105494505
1.000000000
1.000000000
1.000000000
0.001039692
1.000000000
1.000000000
1.000000000
0.009009009
0.397428404
1.000000000
0.012073436
0.000808499
0.000000000
0.930069930
0.000223571
0.005045755
1.000000000
0.015009537
0.301658453
1.000000000
0.000005279
1.000000000
0.022471910
0.000472786
1.000000000
1.000000000
0.000004260
1.000000000
1.000000000
1.000000000
0.167464115
0.000000000
0.000012995
0.000000008
0.015323757
0.023892009
1.000000000
1.000000000
0.033613445
1.000000000
1.000000000
0.047619048
1.000000000
1.000000000
0.015384615
0.069140335
1.000000000
1.000000000
0.096133325
1.000000000
0.000000000
0.000250910
0.000708914
0.112379280
1.000000000
0.033437104
1.000000000
0.000000518
0.000000000
1.000000000
0.005071705
0.000399840
0.012382966
0.000386997
0.320116483
0.969568189
0.000000000
0.000000532
0.000000000
0.000454283
0.070369882
0.206033293
1.000000000
1.000000000
1.000000000
0.000402249
0.000055733
0.836343733
1.000000000
0.000110806
0.000000000
0.000000000
0.000000000
0.100526008
0.000025188
1.000000000
0.000000000
1.000000000
1.000000000
1.000000000
0.000004269
0.033490494
0.095710534
1.000000000
1.000000000
0.002141147
0.000000209
1.000000000
0.000011886
0.260775727
0.001208937
0.153627312
0.099028408
0.000003139
1.000000000
0.035294118
0.000000000
0.163227017
0.000147464
0.000717539
0.005371424
0.000000950
0.000236955
1.000000000
1.000000000
1.000000000
0.000576435
1.000000000
0.203270042
0.019157088
0.000001404
1.000000000
0.000000000
0.000000000
0.000017396
0.046789749
0.052950910
1.000000000
0.000024517
1.000000000
1.000000000
0.018991957
0.037121212
0.002414102
1.000000000
0.013464850
0.000401118
1.000000000
1.000000000
0.000019477
1.000000000
1.000000000
1.000000000
0.000000000
0.057757782
0.000006211
0.000000000
0.027027027
0.000000000
0.058250420
1.000000000
0.079828884
1.000000000
1.000000000
0.000000219
1.000000000
0.123868240
0.002996285
1.000000000
0.000003896
1.000000000
1.000000000
1.000000000
0.000000000
0.000000255
0.000109635
0.000000000
0.008467083
0.067796610
0.000000000
0.007782460
0.724646964
0.016949153
1.000000000
1.000000000
0.237814796
0.000006318
0.000036832
0.000568584
0.015109467
0.000093893
0.000599001
0.000000000
0.000000000
1.000000000
1.000000000
0.000472310
0.002096436
1.000000000
0.208084446
0.000000443
0.000129032
1.000000000
0.000000000
0.106015600
0.000011581
0.000000000
1.000000000
0.116970022
0.372550283
0.000111341
0.003713919
0.036030025
0.000043991
0.000000000
1.000000000
1.000000000
0.000000629
1.000000000
0.000069546
1.000000000
0.000000026
0.002550271
0.000000001
1.000000000
0.001537185
1.000000000
0.001225671
1.000000000
0.000000000
0.000502723
1.000000000
0.000032797
0.609267707
1.000000000
0.109007776
0.000000044
0.199061663
0.033394012
1.000000000
0.068935412
1.000000000
1.000000000
0.106670585
0.000000000
0.995337995
1.000000000
1.000000000
0.000199624
0.196078431
0.057757782
1.000000000
0.011624558
0.181068218
0.000161041
0.044760583
0.000001666
1.000000000
1.000000000
0.001848719
1.000000000
0.017910448
0.001314727
0.000942647
1.000000000
0.000000033
0.008263509
0.009157509
0.000000002
0.582750583
0.000004933
0.076923077
0.000237379
1.000000000
0.000000000
1.000000000
0.000009871
0.000000000
0.014844249
0.000017858
0.018733160
0.000000000
0.000206398
0.000000178
1.000000000
0.019455253
1.000000000
1.000000000
0.000014704
1.000000000
1.000000000
1.000000000
0.000845870
1.000000000
1.000000000
1.000000000
0.000000787
0.000108241
0.022624434
0.159363689
0.250000000
0.023904382
0.000000100
1.000000000
0.063679279
0.000100439
1.000000000
1.000000000
0.285118280
1.000000000
0.017910448
0.001631448
0.000000000
0.003863382
0.000008964
1.000000000
0.000000000
0.000000000
0.101844427
0.021719457
0.000000000
1.000000000
0.000000000
1.000000000
0.013908533
1.000000000
0.167832168
1.000000000
0.000000000
0.011235955
0.000002123
0.000181653
1.000000000
1.000000000
0.010869211
1.000000000
0.000000000
1.000000000
0.000300030
0.000000000
0.002283052
0.010769231
0.002904158
0.000411613
0.000002489
1.000000000
0.002558660
0.000208441
0.000000000
0.001242121
1.000000000
0.428571429
0.023104264
0.125842697
0.024966860
0.000000037
0.688034188
0.001778975
1.000000000
0.002971620
0.055829228
1.000000000
0.094170703
0.000002080
0.446935408
0.000000000
1.000000000
1.000000000
0.000000000
0.000046098
0.000000000
0.150126625
1.000000000
1.000000000
1.000000000
0.003092228
0.000000000
0.004164257
0.029126214
1.000000000
1.000000000
0.000107481
0.000000000
1.000000000
1.000000000
0.149035652
1.000000000
0.000832911
0.003655282
0.000101925
0.024630542
0.035286570
1.000000000
0.000000000
0.000000976
0.526842188
0.264877881
0.000000000
0.030303030
0.000382702
0.325032652
1.000000000
0.000000000
0.054054054
0.092257737
0.007793115
0.117419355
0.895604396
1.000000000
0.000004216
1.000000000
0.000229813
0.004842196
0.000109111
0.000000000
0.002617431
1.000000000
0.040007693
0.000000000
0.000000000
0.372466571
0.000000076
1.000000000
0.394529915
0.076260846
1.000000000
1.000000000
0.402315076
0.002630647
0.857142857
1.000000000
1.000000000
0.105919003
0.000000376
0.080419580
0.000001504
1.000000000
1.000000000
0.140745164
0.076923077
0.005976204
0.000000000
1.000000000
0.785714286
1.000000000
0.000035029
0.000002023
1.000000000
1.000000000
1.000000000
0.000082158
1.000000000
1.000000000
0.000425604
0.000044187
0.025910050
0.094111406
1.000000000
0.074588086
1.000000000
0.000000000
0.000640533
0.000000000
0.000000286
1.000000000
0.060120837
0.000000000
0.161636829
0.003610898
0.000119881
0.066666667
0.000000054
0.000013757
0.047619048
1.000000000
0.000000000
1.000000000
0.019504644
0.008096215
0.045454545
1.000000000
1.000000000
0.000829279
1.000000000
0.000000000
0.000000000
1.000000000
0.034624005
0.000008986
0.000000000
0.007650921
0.000000000
0.000181383
0.003165474
1.000000000
0.046203121
1.000000000
0.000000000
0.000051829
0.000000379
1.000000000
0.000000000
0.000000000
0.003239324
0.000041961
0.000000000
1.000000000
0.000011164
0.000368426
0.084275437
0.000000000
1.000000000
0.000000000
0.022624434
0.001267087
0.042200957
0.032258065
1.000000000
0.200716846
0.018385752
1.000000000
0.275609756
0.000000000
0.023409428
0.028241176
0.050847458
0.000007219
0.000064935
0.000000000
1.000000000
1.000000000
0.005691155
0.000164644
1.000000000
0.057757782
1.000000000
0.000011713
0.000043099
0.041870520
0.003562152
0.000207826
0.016322228
1.000000000
0.000001341
0.000000000
0.000000000
0.000055233
1.000000000
0.100000000
0.066064370
1.000000000
0.006505831
1.000000000
0.001589447
0.000000000
0.000000000
0.193913043
1.000000000
0.106589045
0.000542233
0.000065883
1.000000000
0.000057035
0.000000152
0.050599049
0.000000000
0.001086495
0.000221933
0.001114827
0.006275326
1.000000000
0.000000000
0.000000087
0.000000000
0.040007818
1.000000000
1.000000000
0.003145288
0.000103577
0.000000000
0.051400213
1.000000000
0.000009791
0.335710111
0.052872395
1.000000000
0.003083672
0.133932840
0.074925075
1.000000000
0.007958823
1.000000000
1.000000000
0.293316346
0.253968254
0.000005500
0.000001259
0.000005034
0.000000000
1.000000000
0.000000000
0.065310335
0.002701050
0.000412083
0.000000385
0.000738936
0.000000000
0.020158039
0.251852625
0.004376490
1.000000000
0.005288207
1.000000000
0.000000540
0.000569630
0.001855525
1.000000000
1.000000000
0.003674078
1.000000000
1.000000000
1.000000000
0.001312361
1.000000000
1.000000000
1.000000000
0.046870623
1.000000000
0.016853933
1.000000000
0.162905859
0.086298243
1.000000000
1.000000000
0.000000000
1.000000000
1.000000000
0.000166454
1.000000000
0.000000000
0.000000000
1.000000000
0.424995042
0.000339909
0.009070884
1.000000000
1.000000000
0.062346105
1.000000000
1.000000000
0.000437367
0.000002388
1.000000000
1.000000000
0.211469439
1.000000000
0.000281589
0.040395540
1.000000000
1.000000000
0.000023035
1.000000000
0.000000823
0.000000000
0.125603611
0.002559291
0.000197251
0.000000000
0.002920304
1.000000000
0.127408921
1.000000000
0.013605442
0.004807692
0.012357919
1.000000000
0.000012810
1.000000000
0.000149925
1.000000000
0.000000020
0.043945069
0.004389816
1.000000000
1.000000000
0.000000000
1.000000000
0.012830178
0.428571429
1.000000000
0.000000000
0.154826958
0.071428571
0.013209494
0.032528215
0.008024013
1.000000000
0.042765502
0.010261101
0.000001505
1.000000000
0.082543469
0.000000000
0.279132049
1.000000000
0.001314727
1.000000000
0.130875010
0.000000000
0.000000000
0.065975733
0.002034882
0.000013973
0.027149321
0.005319149
0.001665526
1.000000000
0.000028229
0.749383287
1.000000000
1.000000000
0.000000000
0.214470284
1.000000000
0.000482773
0.000064945
1.000000000
1.000000000
0.000000000
0.272727273
1.000000000
1.000000000
0.000000017
0.067476483
1.000000000
1.000000000
1.000000000
0.880952381
1.000000000
1.000000000
1.000000000
0.333333333
0.400000000
0.121212121
0.492917167
0.049219688
0.022809124
0.003546034
1.000000000
0.001440576
0.000240096
0.000296771
1.000000000
0.000000102
