36
0
33
42
21
27
0
27
0
78
6
0
87
20
0
0
45
78
12
24
0
18
0
12
51
0
0
0
0
0
69
0
0
0
51
9
0
33
24
13
78
30
3
0
0
51
24
24
21
39
27
39
0
0
21
29
24
0
0
9
63
78
108
51
51
36
81
0
96
0
57
0
33
0
39
6
0
61
3
51
39
0
0
0
30
27
12
21
66
0
21
27
75
57
27
27
0
0
0
3
57
36
18
21
21
0
0
36
51
0
21
51
39
69
0
24
15
27
12
27
18
0
61
0
0
6
48
0
24
27
3
6
36
21
0
33
0
45
18
0
39
42
20
16
8
6
9
27
60
6
48
45
39
9
0
69
39
20
51
39
36
28
36
15
12
12
3
54
33
51
0
57
16
54
3
0
21
48
85
87
33
72
69
51
6
47
15
0
0
33
0
48
0
24
30
63
18
54
78
16
18
12
24
0
9
42
42
18
18
0
15
48
54
12
0
73
3
0
36
0
12
27
42
51
15
27
57
21
33
27
36
36
39
0
69
3
0
0
39
54
15
0
57
15
0
48
12
69
27
6
0
36
0
0
69
42
75
0
33
18
24
30
0
0
75
18
0
12
0
54
27
0
87
12
15
0
15
0
12
12
15
15
24
42
68
57
42
15
24
21
52
0
12
57
33
0
0
42
15
9
21
0
12
27
0
15
0
43
21
0
0
38
9
0
60
12
21
0
3
0
0
6
0
36
15
45
72
24
18
39
54
93
42
24
24
6
0
30
51
27
42
24
39
51
0
33
18
45
27
21
54
21
0
39
21
36
3
92
99
57
42
69
0
21
0
0
9
24
54
40
0
36
3
0
45
0
0
0
54
0
36
33
21
0
3
6
51
0
18
0
18
0
12
0
0
15
0
27
60
27
81
39
12
0
0
35
24
60
15
0
9
43
39
36
0
24
0
51
69
36
54
0
69
10
57
51
99
0
0
33
60
0
48
3
21
36
0
12
27
48
0
60
0
0
65
48
24
27
27
21
39
72
0
27
18
51
42
0
0
9
54
0
30
0
39
24
12
0
15
0
0
6
66
0
6
54
48
36
21
51
18
27
27
63
27
27
15
0
24
39
42
12
12
42
0
0
36
27
0
3
22
21
54
33
0
18
75
0
3
18
6
8
0
29
33
9
30
21
0
0
0
9
54
0
0
12
3
45
45
0
24
27
57
30
3
0
29
45
0
37
31
16
21
0
51
0
0
24
0
12
21
0
30
39
0
18
21
18
0
0
15
0
3
27
27
4
15
0
27
32
24
6
45
39
27
3
27
12
90
6
6
0
0
0
24
33
42
18
63
39
24
0
27
0
60
63
51
15
30
15
6
75
0
24
27
3
60
0
48
39
0
66
15
6
0
57
9
9
0
21
9
60
33
39
48
0
0
18
71
24
18
42
57
72
45
12
39
87
39
18
9
15
54
27
48
12
0
9
75
12
27
9
9
0
0
21
15
0
12
60
30
54
0
18
33
0
42
0
18
39
0
39
21
81
18
9
18
30
0
0
0
21
57
6
0
12
12
15
21
0
0
114
3
54
18
0
6
57
51
0
3
15
0
90
0
32
75
21
24
3
24
36
0
18
0
33
0
9
0
27
0
21
36
18
63
30
0
0
27
45
0
21
60
0
36
93
87
33
12
30
6
20
45
54
41
27
30
3
0
48
24
3
0
0
0
21
0
42
6
27
15
3
0
45
0
12
33
39
42
15
36
0
5
24
9
15
12
15
0
0
30
21
57
9
0
39
6
0
0
0
0
51
24
15
24
48
57
0
33
27
45
30
21
3
15
27
30
31
66
30
0
0
105
21
39
24
18
39
87
18
39
9
0
0
21
21
24
0
9
0
21
18
21
6
27
0
36
3
15
24
27
57
9
33
24
48
3
0
45
36
0
45
0
42
0
87
15
21
43
12
15
21
6
9
24
0
24
21
39
37
6
0
15
3
8
0
27
15
36
15
48
45
0
18
18
54
0
0
12
39
0
0
6
60
36
12
0
57
3
27
0
36
0
71
0
57
53
6
39
24
42
6
0
9
0
9
12
15
3
15
57
0
45
33
12
33
48
33
3
42
6
72
21
24
36
27
18
45
15
36
42
0
16
3
18
32
33
15
0
0
84
0
0
36
32
61
63
9
33
0
27
12
9
33
9
0
0
24
3
6
21
0
36
12
0
24
21
27
0
0
27
66
6
18
24
0
26
48
9
87
18
18
20
0
0
15
0
24
21
6
75
0
116
0
0
0
