36
84
48
39
6
21
42
27
0
36
45
0
18
0
34
87
42
63
15
12
51
0
24
9
24
27
22
21
0
0
21
0
0
33
0
47
0
72
24
27
0
54
6
15
0
90
9
16
39
0
0
51
15
30
12
75
6
42
21
30
36
48
0
0
0
12
6
33
0
57
24
57
21
0
27
18
0
69
24
12
6
0
9
45
30
0
0
72
35
42
0
24
36
6
9
69
27
0
21
51
39
21
75
72
66
75
0
28
0
99
19
24
9
0
6
24
0
0
0
12
27
72
24
9
24
0
9
45
21
0
39
16
9
18
9
30
0
39
72
123
0
36
57
21
0
48
9
33
30
15
0
33
63
57
0
36
93
12
27
66
21
24
36
33
27
6
35
30
24
39
0
21
66
18
42
24
0
24
30
93
12
0
0
0
48
0
60
18
51
57
27
36
15
15
33
24
0
51
63
24
39
77
21
93
81
30
31
0
57
20
48
46
18
0
18
18
32
15
0
21
81
42
9
3
0
0
6
12
0
75
0
0
78
51
0
33
36
18
42
48
0
21
18
60
15
27
60
45
21
18
63
102
18
0
0
33
27
18
24
78
18
24
48
42
27
30
30
6
0
15
12
45
0
0
60
3
24
18
0
87
63
0
93
0
0
0
9
24
36
21
3
48
75
0
0
39
24
0
18
15
0
42
15
0
0
80
3
24
63
9
33
6
24
0
24
9
45
0
12
36
18
44
0
67
27
0
0
21
63
0
0
33
54
57
0
0
0
9
54
21
15
21
15
51
21
45
0
0
60
54
0
12
12
24
3
33
27
0
51
0
51
9
6
15
0
21
51
0
9
3
0
78
21
15
4
30
36
60
0
25
0
0
24
0
75
0
0
18
66
0
3
84
9
0
0
27
42
24
45
30
0
3
0
21
12
0
0
15
30
36
27
20
84
0
54
75
0
27
21
0
36
4
30
0
0
29
21
27
27
0
33
21
36
0
36
15
0
0
0
24
42
0
8
0
0
0
81
34
0
15
89
60
42
0
48
6
9
87
48
0
0
27
90
0
18
15
27
0
75
21
9
96
30
0
51
0
48
15
6
3
0
0
24
39
24
51
69
0
24
81
21
33
66
44
0
0
24
93
0
50
15
0
39
3
72
21
24
3
0
18
0
3
0
42
9
9
57
111
66
3
24
9
78
63
45
0
0
27
12
0
0
42
39
24
36
21
105
0
33
0
57
27
24
18
9
0
30
42
66
48
0
6
21
21
60
78
63
36
54
18
66
45
15
24
0
36
0
21
9
3
0
0
12
4
9
0
93
42
18
30
21
21
24
48
3
51
15
27
74
12
46
54
42
0
0
0
6
24
15
0
48
15
3
21
0
15
0
15
33
0
57
42
54
0
66
51
0
30
21
18
6
38
12
0
0
12
36
24
24
45
0
51
0
10
12
12
3
6
24
0
0
15
18
24
0
30
12
45
15
0
0
6
6
0
57
3
21
18
0
42
24
24
9
69
24
0
8
48
3
0
15
36
9
72
15
3
60
0
30
75
51
12
24
27
0
33
30
0
78
15
81
69
0
3
27
63
9
9
21
45
0
15
6
0
18
43
24
21
6
12
0
27
0
0
0
0
3
0
21
0
0
42
81
6
57
0
48
48
0
0
39
3
39
27
48
0
0
0
0
48
45
48
69
0
27
15
75
39
27
12
0
12
45
27
0
0
39
36
24
101
0
0
60
0
0
24
45
9
9
24
42
9
18
0
36
8
0
24
93
0
0
24
27
0
6
60
3
12
0
24
0
0
0
39
40
27
0
23
84
0
0
0
75
0
30
10
33
60
9
0
6
12
24
0
0
0
12
48
39
9
15
0
0
0
9
0
0
0
27
48
6
33
33
24
33
96
27
78
0
98
3
57
15
21
24
12
27
6
48
0
15
21
36
21
33
0
54
0
60
75
51
12
0
0
48
18
45
57
18
33
24
0
12
74
24
27
27
15
18
75
69
9
24
0
3
42
9
0
24
27
18
43
9
36
16
0
18
33
0
3
0
44
63
0
45
39
42
0
3
27
0
6
21
0
51
39
30
0
16
0
84
57
45
24
12
78
9
24
54
12
60
30
12
12
0
0
30
6
24
0
29
27
0
0
57
0
9
72
39
3
63
36
15
42
72
51
0
0
24
30
18
0
0
11
15
0
0
3
0
0
45
0
45
0
51
9
48
39
0
0
15
0
0
0
9
55
0
18
48
36
36
9
0
37
24
32
0
54
3
48
175
0
154
0
0
0
