0.0000
3.0000
2.2679
2.2679
2.0000
2.0000
3.0000
1.0000
1.0000
2.0000
1.0000
1.0000
2.0000
2.0000
1.0000
3.0000
3.0000
3.0000
2.0000
1.0000
1.0000
3.0000
3.0000
3.0000
3.0000
2.0000
3.0000
2.0000
2.0000
3.0000
3.0000
2.0000
2.0000
3.0000
3.0000
2.0000
2.0000
1.0000
2.0000
2.0000
3.0000
1.0000
1.0000
1.0000
6.7712
19.0000
13.0000
13.6863
9.0000
7.0000
2.0000
16.0000
17.0000
0.0000
0.0250
5.7171
15.5838
17.0000
10.0913
14.0000
4.0000
1.1676
12.2679
14.0000
15.0000
10.0000
20.0000
18.0000
1.2679
0.0000
0.1003
14.0000
0.0000
0.0000
15.0000
0.0000
0.0000
0.0000
10.0358
6.0000
7.3381
20.0000
11.0000
2.2668
11.7639
7.1010
2.3542
6.1010
15.0000
11.3542
5.7085
11.7639
5.5279
15.0000
3.2679
3.2679
5.1010
4.3542
3.3542
2.2679
11.2679
6.7639
5.7085
3.3542
7.1010
7.3542
6.0000
9.2679
7.2679
5.2679
7.1010
4.5279
6.7639
7.1010
7.2679
4.0000
4.7085
5.7085
3.3542
7.3542
1.0000
9.7639
5.5279
8.3542
17.0000
19.0000
11.2822
16.0000
20.0000
16.0000
20.0000
20.0000
20.0000
20.0000
15.0000
18.0000
3.0334
6.1548
2.3114
17.0000
15.0000
20.0000
11.2822
20.0000
19.0000
0.7519
15.0000
19.0000
4.9584
20.0000
17.0000
19.0000
12.9172
20.0000
19.0000
20.0000
19.0000
17.0000
16.0000
20.0000
20.0000
17.0000
0.0334
19.0000
