18
108
35
4450000
8550000
1000000004000
1000000009000
2050599231279
6737986053229
13820104273104
26730825687276
91390504549776
61173340266575
91249989142638
55167961241993
54032899139438
33794564778568
40093042957822
42505197759452
48602674749790
200
300
780
15940
30
8
5062104
3810225
50
2157
39
8
100000000000000
100000000000000
99901000000099
10738874
1000000099000
58810016688122
53590518860711
58667197125736
88836300611386
75093678582384
73700079948890
79173470753902
73345184447535
81522599693430
92224857729207
76854981683047
85678540491390
70238277189217
68813986476660
60726216328542
59755691621055
56740504086233
81994644863842
84585883653697
83149346212836
61765392742178
83532752513046
69300832128878
7562156220219
7861306547832
6847654252586
7546557704063
7298055497443
7940676715477
7265406770487
7972183846302
8054597921000
8710136404935
84053418160034
76929222401760
82048987584070
81370692523696
82793172065603
80940189840836
75843495799963
72893904679802
84644546619813
78154891508638
9608566
9582696
2484877121172
2336346895601
2498191711523
2387255947187
2032336941590
24216402066114
22253906016123
25252741203474
25595348361846
17731357669404
85149749493852
79616819447891
76219406893795
90671647919826
84622393436267
81766769751382
8237757
8716020
