18
108
35
1650000
8150000
1000000004000
1000000009000
7363937831466
8922482293075
18831011832747
55023485272041
38745279287655
76958143041771
42821912048126
62786393098968
52152752081712
36815369392230
39037260637728
49280961739890
52632043461428
180
270
120
14748
190
8
110220
697158
43
2135
16
30
100000000000000
100000000000000
99901000000099
6491244
1000000099000
56283512113024
59686573126286
53822439598197
86031254171135
67563785254145
86546250562357
76544400769497
87801290570506
69385136053857
67486228360152
76357866282954
85671655289658
85419795446670
68214903647852
63023481781362
69737187537086
63747320098683
63707119052122
71468649345402
71591867445601
68396319849530
62235502228559
65772081312473
8017768483626
7824126735866
8118223094971
7551732012445
7826384848664
8158304009745
7734111364692
8185296601514
7895438567468
8108545712714
78241570121591
83269824485625
76650372415435
75374041326797
77960671515486
73757139386241
83914723028984
83708916561532
81092121854684
83035502911427
9523235
9747013
2951375602414
2712778519928
2395151796030
2332060031699
2738745864463
27258024788865
21578360445933
24042298950518
22745526992027
28113222008490
77505787122624
84264784530557
76435642464474
72420454373157
87871092603471
81603996914031
8064947
8726732
