10
10
7 -4
7 3
9 3
9 8
11 8
11 15
12 15
12 17
18 17
18 11
10
7 1
7 8
9 8
9 13
11 13
11 20
12 20
12 22
18 22
18 16
10
-3 2
-10 2
-10 4
-15 4
-15 6
-22 6
-22 7
-24 7
-24 13
-18 13
10
8 2
15 2
15 0
20 0
20 -2
27 -2
27 -3
29 -3
29 -9
23 -9
10
-6 -6
-6 1
-4 1
-4 6
-2 6
-2 13
-1 13
-1 15
5 15
5 9
10
8 -8
8 -15
6 -15
6 -20
4 -20
4 -27
3 -27
3 -29
-3 -29
-3 -23
10
8 1
8 -6
6 -6
6 -11
4 -11
4 -18
3 -18
3 -20
-3 -20
-3 -14
10
-1 6
-1 13
1 13
1 18
3 18
3 25
4 25
4 27
10 27
10 21
10
-4 5
-4 12
-2 12
-2 17
0 17
0 24
1 24
1 26
7 26
7 20
10
-4 2
-4 9
-2 9
-2 14
0 14
0 21
1 21
1 23
7 23
7 17
10
4 -1
-3 -1
-3 1
-8 1
-8 3
-15 3
-15 4
-17 4
-17 10
-11 10
10
9
-6 1
-8 1
-8 -7
-11 -7
-11 -12
-19 -12
-19 -20
-12 -20
-12 -22
9
-8 7
-8 5
0 5
0 2
5 2
5 -6
13 -6
13 1
15 1
9
2 6
4 6
4 14
7 14
7 19
15 19
15 27
8 27
8 29
9
4 5
4 7
-4 7
-4 10
-9 10
-9 18
-17 18
-17 11
-19 11
9
-3 -15
-3 -13
-10 -13
-10 -5
-2 -5
-2 0
1 0
1 8
3 8
9
-8 13
-6 13
-6 5
-3 5
-3 10
5 10
5 18
-2 18
-2 20
9
-9 -8
-9 -10
-1 -10
-1 -13
4 -13
4 -21
12 -21
12 -14
14 -14
9
-1 -9
-3 -9
-3 -17
-6 -17
-6 -22
-14 -22
-14 -30
-7 -30
-7 -32
9
-5 1
-5 3
-13 3
-13 6
-18 6
-18 14
-26 14
-26 7
-28 7
9
0 8
0 10
8 10
8 13
13 13
13 21
21 21
21 14
23 14
9
-5 -7
-5 -9
3 -9
3 -12
8 -12
8 -20
16 -20
16 -13
18 -13
6
8
0 0
2 0
2 -2
-2 -2
-2 4
2 4
2 2
0 2
8
2 2
2 4
0 4
0 0
6 0
6 4
4 4
4 2
8
12 4
10 4
10 0
16 0
16 4
14 4
14 2
12 2
8
-4 -2
-2 -2
-2 -4
0 -4
0 0
-6 0
-6 -4
-4 -4
8
-2 14
0 14
0 10
-6 10
-6 14
-4 14
-4 12
-2 12
8
0 4
0 0
6 0
6 4
4 4
4 2
2 2
2 4
8
0 2
2 2
2 4
-2 4
-2 -2
2 -2
2 0
0 0
50
10
-3 5
6 5
6 8
10 8
10 11
18 11
18 5
24 5
24 2
15 2
10
-9972 -3
-9981 -3
-9981 -5
-9985 -5
-9985 -8
-9993 -8
-9993 -2
-9999 -2
-9999 1
-9990 1
10
-9993 9972
-9993 9982
-9996 9982
-9996 9985
-9999 9985
-9999 9993
-9993 9993
-9993 9999
-9990 9999
-9990 9990
10
9 9996
0 9996
0 9994
-4 9994
-4 9990
-12 9990
-12 9996
-18 9996
-18 9999
-9 9999
10
-5 -9972
-5 -9981
-2 -9981
-2 -9986
1 -9986
1 -9993
-5 -9993
-5 -9999
-8 -9999
-8 -9990
10
-3 9992
6 9992
6 9995
10 9995
10 9999
18 9999
18 9992
24 9992
24 9989
15 9989
10
0 -2
0 7
-3 7
-3 11
-6 11
-6 18
0 18
0 25
3 25
3 16
10
9972 0
9981 0
9981 3
9985 3
9985 6
9993 6
9993 1
9999 1
9999 -3
9990 -3
10
-9971 -9993
-9980 -9993
-9980 -9996
-9984 -9996
-9984 -9999
-9992 -9999
-9992 -9993
-9999 -9993
-9999 -9990
-9989 -9990
10
-1 9972
-1 9981
-4 9981
-4 9985
-7 9985
-7 9993
-1 9993
-1 9999
3 9999
3 9990
10
-9996 -9972
-9996 -9981
-9993 -9981
-9993 -9985
-9990 -9985
-9990 -9993
-9996 -9993
-9996 -9999
-9999 -9999
-9999 -9991
10
-4 -6
5 -6
5 -3
9 -3
9 0
17 0
17 -6
23 -6
23 -9
14 -9
10
9993 0
9993 -9
9996 -9
9996 -13
9999 -13
9999 -21
9993 -21
9993 -27
9990 -27
9990 -19
10
9996 -4
9996 5
9993 5
9993 9
9990 9
9990 17
9996 17
9996 24
9999 24
9999 14
10
-8 0
0 0
0 3
4 3
4 6
12 6
12 0
18 0
18 -3
9 -3
10
-6 9992
3 9992
3 9995
7 9995
7 9999
15 9999
15 9993
21 9993
21 9989
12 9989
10
5 -4
5 6
2 6
2 9
-1 9
-1 17
5 17
5 23
8 23
8 14
10
0 -9
0 0
-3 0
-3 4
-6 4
-6 12
1 12
1 18
3 18
3 9
10
0 -9993
-9 -9993
-9 -9996
-13 -9996
-13 -9999
-21 -9999
-21 -9994
-27 -9994
-27 -9990
-18 -9990
10
9993 -9972
9993 -9981
9996 -9981
9996 -9985
9999 -9985
9999 -9993
9993 -9993
9993 -9999
9990 -9999
9990 -9990
10
9972 -1
9982 -1
9982 3
9985 3
9985 5
9993 5
9993 -1
9999 -1
9999 -4
9990 -4
10
-6 4
-6 -5
-3 -5
-3 -9
1 -9
1 -18
-6 -18
-6 -24
-9 -24
-9 -14
10
-9972 -1
-9981 -1
-9981 -4
-9985 -4
-9985 -7
-9993 -7
-9993 -1
-9999 -1
-9999 3
-9990 3
10
5 -3
5 7
2 7
2 11
-1 11
-1 19
5 19
5 25
8 25
8 16
10
-9993 -2
-9993 8
-9996 8
-9996 11
-9999 11
-9999 19
-9993 19
-9993 25
-9990 25
-9990 16
10
-9996 -9972
-9996 -9981
-9993 -9981
-9993 -9985
-9990 -9985
-9990 -9993
-9996 -9993
-9996 -9999
-9999 -9999
-9999 -9990
10
3 -9972
3 -9981
5 -9981
5 -9985
8 -9985
8 -9993
2 -9993
2 -9999
-1 -9999
-1 -9990
10
1 3
-8 3
-8 0
-12 0
-12 -3
-21 -3
-21 3
-26 3
-26 6
-17 6
10
9972 9993
9981 9993
9981 9996
9986 9996
9986 9999
9993 9999
9993 9993
9999 9993
9999 9990
9990 9990
10
-1 0
8 0
8 3
12 3
12 6
20 6
20 0
26 0
26 -4
17 -4
10
0 -9
0 0
-3 0
-3 5
-6 5
-6 12
0 12
0 18
3 18
3 9
10
0 -6
0 3
-3 3
-3 7
-6 7
-6 15
0 15
0 21
3 21
3 12
10
6 -7
6 3
3 3
3 6
0 6
0 14
6 14
6 20
9 20
9 11
10
0 4
0 -5
3 -5
3 -9
6 -9
6 -17
1 -17
1 -23
-3 -23
-3 -14
10
-2 9972
-2 9981
-5 9981
-5 9985
-9 9985
-9 9993
-2 9993
-2 9999
1 9999
1 9990
10
9993 7
9993 -2
9996 -2
9996 -6
9999 -6
9999 -14
9993 -14
9993 -21
9991 -21
9991 -11
9
9996 9981
9993 9981
9993 9985
9990 9985
9990 9993
9996 9993
9996 9999
9999 9999
9999 9990
10
-6 -9995
3 -9995
3 -9993
7 -9993
7 -9989
15 -9989
15 -9995
21 -9995
21 -9999
12 -9999
10
9972 -9996
9981 -9996
9981 -9993
9985 -9993
9985 -9990
9993 -9990
9993 -9996
9999 -9996
9999 -9999
9990 -9999
10
9972 -4
9981 -4
9981 -1
9984 -1
9984 2
9993 2
9993 -4
9999 -4
9999 -7
9990 -7
10
9972 2
9981 2
9981 5
9986 5
9986 8
9993 8
9993 4
9999 4
9999 -1
9991 -1
10
9993 -9972
9993 -9981
9996 -9981
9996 -9984
9999 -9984
9999 -9993
9993 -9993
9993 -9999
9990 -9999
9990 -9991
10
5 9996
-4 9996
-4 9993
-8 9993
-8 9990
-16 9990
-16 9996
-22 9996
-22 9999
-14 9999
10
9973 -6
9981 -6
9981 -4
9985 -4
9985 0
9993 0
9993 -6
9999 -6
9999 -9
9990 -9
10
-9993 -1
-9993 8
-9996 8
-9996 12
-9999 12
-9999 20
-9993 20
-9993 26
-9990 26
-9990 17
10
9993 -9972
9993 -9982
9996 -9982
9996 -9985
9999 -9985
9999 -9993
9993 -9993
9993 -9999
9990 -9999
9990 -9990
10
9996 9972
9996 9981
9993 9981
9993 9985
9990 9985
9990 9993
9996 9993
9996 9999
9999 9999
9999 9990
10
-9 9993
0 9993
0 9996
5 9996
5 9999
12 9999
12 9993
18 9993
18 9990
9 9990
10
2 -3
-8 -3
-8 -6
-11 -6
-11 -9
-19 -9
-19 -3
-25 -3
-25 0
-16 0
10
-9993 -5
-9993 4
-9996 4
-9996 9
-9999 9
-9999 16
-9993 16
-9993 22
-9990 22
-9990 13
10
-4 -9973
-4 -9981
-1 -9981
-1 -9985
2 -9985
2 -9993
-4 -9993
-4 -9999
-7 -9999
-7 -9990
0
