10
10
0 0
2 0
2 3
-1 3
-1 6
-4 6
-4 4
-2 4
-2 2
0 2
10
2 0
2 3
-1 3
-1 6
-4 6
-4 4
-2 4
-2 2
0 2
0 0
10
2 3
-1 3
-1 6
-4 6
-4 4
-2 4
-2 2
0 2
0 0
2 0
10
-1 3
-1 6
-4 6
-4 4
-2 4
-2 2
0 2
0 0
2 0
2 3
10
-1 6
-4 6
-4 4
-2 4
-2 2
0 2
0 0
2 0
2 3
-1 3
10
-4 6
-4 4
-2 4
-2 2
0 2
0 0
2 0
2 3
-1 3
-1 6
10
-4 4
-2 4
-2 2
0 2
0 0
2 0
2 3
-1 3
-1 6
-4 6
10
-2 4
-2 2
0 2
0 0
2 0
2 3
-1 3
-1 6
-4 6
-4 4
10
-2 2
0 2
0 0
2 0
2 3
-1 3
-1 6
-4 6
-4 4
-2 4
10
0 2
0 0
2 0
2 3
-1 3
-1 6
-4 6
-4 4
-2 4
-2 2
10
0 0
2 0
2 3
-1 3
-1 6
-4 6
-4 4
-2 4
-2 2
0 2
4
10
2 -5
2 3
3 3
3 -6
-3 -6
-3 -5
-4 -5
-4 -2
-2 -2
-2 -4
10
3 13
5 13
5 15
2 15
2 14
1 14
1 8
10 8
10 9
2 9
10
4 5
-4 5
-4 6
5 6
5 0
4 0
4 -1
1 -1
1 1
3 1
10
0 3
0 11
-1 11
-1 2
5 2
5 3
6 3
6 6
4 6
4 4
10
-7 -8
1 -8
1 -9
-8 -9
-8 -3
-7 -3
-7 -2
-4 -2
-4 -4
-6 -4
9
8
-3 8
-12 8
-12 5
-17 5
-17 9
-16 9
-16 14
-18 14
8
4 -4
4 -13
1 -13
1 -18
5 -18
5 -17
10 -17
10 -19
8
-6 -2
-15 -2
-15 -5
-20 -5
-20 -1
-19 -1
-19 4
-21 4
8
0 -1
0 -10
3 -10
3 -15
-1 -15
-1 -14
-6 -14
-6 -16
8
4 0
4 9
1 9
1 14
5 14
5 13
10 13
10 15
8
2 5
2 -4
5 -4
5 -9
1 -9
1 -8
-4 -8
-4 -10
8
8 -2
8 -11
11 -11
11 -16
7 -16
7 -15
2 -15
2 -17
8
-6 9
3 9
3 12
8 12
8 8
7 8
7 3
9 3
7
-6 2
-15 2
-15 -1
-20 -1
-20 3
-19 3
-19 8
8
-3 -9
-3 0
-6 0
-6 5
-2 5
-2 4
3 4
3 6
8
5
3 -3
3 -2
1 -2
1 0
-8 0
5
-1 -8
-1 -13
-3 -13
-3 -11
-12 -11
5
-2 -7
-7 -7
-7 -5
-5 -5
-5 4
5
9 -3
14 -3
14 -5
12 -5
12 -14
5
6 4
11 4
11 2
9 2
9 -7
5
-6 7
-1 7
-1 5
-3 5
-3 -4
5
1 -9
1 -14
-1 -14
-1 -12
-10 -12
5
3 -6
3 -1
5 -1
5 -3
14 -3
5
8 -5
8 -10
6 -10
6 -8
-3 -8
50
10
1 7
-9 7
-9 2
-14 2
-14 9
-21 9
-21 11
-29 11
-29 12
-36 12
10
3 9994
-7 9994
-7 9988
-12 9988
-12 9996
-19 9996
-19 9998
-27 9998
-27 9999
-34 9999
10
3 -2
3 8
-2 8
-2 13
5 13
5 20
7 20
7 28
8 28
8 35
10
9993 9962
9993 9972
9989 9972
9989 9977
9996 9977
9996 9984
9998 9984
9998 9992
9999 9992
9999 9999
10
9993 1
9993 -9
9999 -9
9999 -14
9992 -14
9992 -21
9990 -21
9990 -29
9989 -29
9989 -36
10
-9994 -9962
-9994 -9972
-9989 -9972
-9989 -9978
-9996 -9978
-9996 -9984
-9998 -9984
-9998 -9992
-9999 -9992
-9999 -9999
10
-9962 -1
-9972 -1
-9972 -6
-9977 -6
-9977 1
-9984 1
-9984 3
-9992 3
-9992 5
-9999 5
10
5 -9962
5 -9972
10 -9972
10 -9978
3 -9978
3 -9984
1 -9984
1 -9992
0 -9992
0 -9999
10
-4 3
-4 -7
1 -7
1 -12
-7 -12
-7 -19
-8 -19
-8 -27
-9 -27
-9 -34
10
2 -6
2 4
-3 4
-3 9
4 9
4 16
6 16
6 23
7 23
7 31
10
-9962 1
-9972 1
-9972 -4
-9977 -4
-9977 3
-9984 3
-9984 4
-9992 4
-9992 6
-9999 6
10
-9994 -9962
-9994 -9972
-9989 -9972
-9989 -9978
-9996 -9978
-9996 -9984
-9998 -9984
-9998 -9992
-9999 -9992
-9999 -9999
10
5 4
5 -6
10 -6
10 -11
3 -11
3 -19
1 -19
1 -26
0 -26
0 -33
10
-3 9962
-3 9972
-8 9972
-8 9977
-1 9977
-1 9984
1 9984
1 9991
2 9991
2 9999
10
2 -4
2 6
-2 6
-2 11
5 11
5 18
7 18
7 26
8 26
8 33
10
-7 -3
3 -3
3 1
8 1
8 -5
15 -5
15 -7
23 -7
23 -8
30 -8
10
-9962 -3
-9972 -3
-9972 -8
-9977 -8
-9977 -1
-9984 -1
-9984 0
-9992 0
-9992 2
-9999 2
10
2 9962
2 9972
-3 9972
-3 9977
4 9977
4 9984
6 9984
6 9992
7 9992
7 9999
10
9994 -6
9994 4
9989 4
9989 9
9996 9
9996 16
9998 16
9998 24
9995 24
9995 31
10
3 5
-7 5
-7 0
-13 0
-13 7
-19 7
-19 9
-27 9
-27 10
-34 10
10
5 -9
5 1
0 1
0 5
7 5
7 13
9 13
9 21
10 21
10 28
10
3 -9962
3 -9972
8 -9972
8 -9977
0 -9977
0 -9984
-1 -9984
-1 -9992
-2 -9992
-2 -9999
10
1 5
1 -5
6 -5
6 -10
-2 -10
-2 -17
-3 -17
-3 -25
-4 -25
-4 -32
10
2 -9995
-8 -9995
-8 -9999
-13 -9999
-13 -9992
-20 -9992
-20 -9990
-28 -9990
-28 -9989
-35 -9989
10
-6 2
4 2
4 7
9 7
9 0
16 0
16 -3
24 -3
24 -5
31 -5
10
-7 1
3 1
3 6
8 6
8 -1
14 -1
14 -3
23 -3
23 -4
30 -4
10
-5 2
5 2
5 7
10 7
10 0
17 0
17 -2
24 -2
24 -3
32 -3
10
9962 -9994
9971 -9994
9971 -9989
9977 -9989
9977 -9996
9984 -9996
9984 -9998
9992 -9998
9992 -9999
9999 -9999
10
-5 -8
-5 2
-10 2
-10 6
-3 6
-3 14
-1 14
-1 22
0 22
0 29
10
-9994 9962
-9994 9972
-9999 9972
-9999 9977
-9992 9977
-9992 9984
-9990 9984
-9990 9992
-9989 9992
-9989 9999
10
-9962 -9994
-9972 -9994
-9972 -9999
-9977 -9999
-9977 -9992
-9984 -9992
-9984 -9991
-9992 -9991
-9992 -9989
-9999 -9989
10
2 9994
-9 9994
-9 9989
-13 9989
-13 9996
-20 9996
-20 9998
-28 9998
-28 9999
-35 9999
10
-8 -9994
2 -9994
2 -9989
7 -9989
7 -9996
14 -9996
14 -9998
22 -9998
22 -9999
29 -9999
10
-9995 9962
-9995 9972
-9999 9972
-9999 9977
-9992 9977
-9992 9984
-9990 9984
-9990 9992
-9989 9992
-9989 9999
10
2 9962
2 9972
-3 9972
-3 9977
3 9977
3 9984
6 9984
6 9992
7 9992
7 9999
10
-2 4
-2 -6
3 -6
3 -11
-4 -11
-4 -18
-6 -18
-6 -26
-7 -26
-7 -33
10
-9994 6
-9994 -4
-9989 -4
-9989 -9
-9997 -9
-9997 -16
-9998 -16
-9998 -24
-9999 -24
-9999 -31
10
-1 2
-1 -8
4 -8
4 -13
-3 -13
-3 -20
-5 -20
-5 -28
-6 -28
-6 -35
10
-1 9962
-1 9972
-6 9972
-6 9977
1 9977
1 9984
3 9984
3 9992
5 9992
5 9999
10
9962 5
9972 5
9972 10
9977 10
9977 3
9984 3
9984 1
9992 1
9992 0
9999 0
10
-3 8
-3 -2
2 -2
2 -7
-6 -7
-6 -14
-7 -14
-7 -22
-8 -22
-8 -29
10
-9994 -9962
-9994 -9972
-9989 -9972
-9989 -9977
-9996 -9977
-9996 -9984
-9998 -9984
-9998 -9993
-9999 -9993
-9999 -9999
10
9962 -1
9972 -1
9972 4
9977 4
9977 -3
9984 -3
9984 -6
9992 -6
9992 -8
9999 -8
10
-9994 -3
-9994 7
-9999 7
-9999 11
-9992 11
-9992 19
-9990 19
-9990 27
-9989 27
-9989 34
10
-1 9962
-1 9972
-6 9972
-6 9977
1 9977
1 9983
3 9983
3 9992
4 9992
4 9999
10
-2 -9962
-2 -9972
3 -9972
3 -9977
-4 -9977
-4 -9984
-6 -9984
-6 -9993
-7 -9993
-7 -9999
10
4 -7
4 3
-1 3
-1 8
6 8
6 15
8 15
8 23
10 23
10 30
10
9994 9962
9994 9972
9989 9972
9989 9977
9995 9977
9995 9984
9998 9984
9998 9992
9999 9992
9999 9999
10
9962 9994
9972 9994
9972 9999
9977 9999
9977 9992
9984 9992
9984 9990
9992 9990
9992 9989
9999 9989
10
9994 -9962
9994 -9972
9999 -9972
9999 -9977
9992 -9977
9992 -9984
9990 -9984
9990 -9993
9989 -9993
9989 -9999
10
-1 4
9 4
9 9
14 9
14 2
21 2
21 0
29 0
29 -1
36 -1
0
