5
6
0 0
0 4
2 4
2 2
4 2
4 0
6
0 0
0 -4
-2 -4
-2 -2
-4 -2
-4 0
6
4 -4
2 -4
2 -2
0 -2
0 0
4 0
6
2 -4
2 -2
0 -2
0 0
4 0
4 -4
6
2 0
2 2
0 2
0 4
4 4
4 0
6
-4 -14
-4 -10
-2 -10
-2 -12
0 -12
0 -14
4
4
9 1
17 1
17 4
23 4
4
8 -1
8 -9
5 -9
5 -15
4
6 -8
14 -8
14 -11
20 -11
4
7 3
15 3
15 6
21 6
4
4 8
12 8
12 5
18 5
19
10
-6 -7
-6 -13
3 -13
3 -9
8 -9
8 -11
18 -11
18 -18
8 -18
8 -12
10
6 -6
-3 -6
-3 -12
1 -12
1 -17
-1 -17
-1 -27
-8 -27
-8 -17
-2 -17
10
3 5
3 11
-6 11
-6 7
-11 7
-11 9
-21 9
-21 16
-11 16
-11 10
10
-2 0
-8 0
-8 -9
-4 -9
-4 -14
-6 -14
-6 -24
-13 -24
-13 -14
-7 -14
10
-1 -7
-1 -13
8 -13
8 -9
13 -9
13 -11
23 -11
23 -18
13 -18
13 -12
10
4 7
10 7
10 16
6 16
6 21
8 21
8 31
15 31
15 21
9 21
10
-4 8
-4 2
5 2
5 6
10 6
10 4
20 4
20 -3
10 -3
10 3
10
-3 4
-9 4
-9 -5
-5 -5
-5 -10
-7 -10
-7 -20
-14 -20
-14 -10
-8 -10
10
-5 9
-11 9
-11 0
-7 0
-7 -5
-9 -5
-9 -15
-16 -15
-16 -5
-10 -5
10
-8 -4
-8 2
-17 2
-17 -2
-22 -2
-22 0
-32 0
-32 7
-22 7
-22 1
10
-7 -4
-1 -4
-1 5
-5 5
-5 10
-3 10
-3 20
4 20
4 10
-2 10
10
-1 6
-1 12
-10 12
-10 8
-15 8
-15 10
-25 10
-25 17
-15 17
-15 11
10
-2 -1
-2 5
-11 5
-11 1
-16 1
-16 3
-26 3
-26 10
-16 10
-16 4
10
9 3
9 -3
18 -3
18 1
23 1
23 -1
33 -1
33 -8
23 -8
23 -2
10
-4 8
-4 2
-13 2
-13 6
-18 6
-18 4
-28 4
-28 -3
-18 -3
-18 3
10
-7 -1
-1 -1
-1 8
-5 8
-5 13
-3 13
-3 23
4 23
4 13
-2 13
10
-7 -10
-13 -10
-13 -20
-6 -20
-6 -10
-4 -10
-4 -5
-8 -5
-8 4
-2 4
10
-6 -8
-6 -14
3 -14
3 -10
8 -10
8 -12
18 -12
18 -19
8 -19
8 -13
10
8 -7
14 -7
14 -16
10 -16
10 -21
12 -21
12 -31
19 -31
19 -21
13 -21
10
-8 -9
-8 -15
1 -15
1 -11
6 -11
6 -13
16 -13
16 -20
6 -20
6 -14
7
8
-2 7
-11 7
-11 15
-20 15
-20 25
-14 25
-14 29
-11 29
8
-6 2
3 2
3 10
12 10
12 20
6 20
6 24
3 24
8
-7 -8
-16 -8
-16 16
-25 16
-25 -26
-19 -26
-19 -30
-16 -30
8
-7 1
-7 10
1 10
1 19
11 19
11 13
15 13
15 10
8
-13 -3
-13 -6
-9 -6
-9 -12
1 -12
1 -3
9 -3
9 6
8
0 -4
0 -13
8 -13
8 -22
-10 -22
-10 -16
-14 -16
-14 -13
8
-4 0
-13 0
-13 8
-22 8
-22 18
-16 18
-16 22
-13 22
8
8 4
17 4
17 -4
26 -4
26 -14
20 -14
20 -18
17 -18
50
10
4 8
4 10
-1 10
-1 14
5 14
5 5
10 5
10 10
6 10
6 13
10
-4 -4
-4 -5
1 -5
1 -9
-5 -9
-5 0
-10 0
-10 -5
-6 -5
-6 -8
10
3 3
1 3
1 -3
-3 -3
-3 4
6 4
6 9
1 9
1 5
-2 5
10
-6 9994
-4 9994
-4 9999
0 9999
0 9993
-9 9993
-9 9988
-4 9988
-4 9990
-1 9990
10
-9996 -4
-9994 -4
-9994 1
-9990 1
-9990 -5
-9999 -5
-9999 -11
-9994 -11
-9994 -6
-9991 -6
10
1 -9993
1 -9995
5 -9995
5 -9999
0 -9999
0 -9990
-5 -9990
-5 -9995
-1 -9995
-1 -9998
10
-4 3
-4 1
1 1
1 -3
-5 -3
-5 6
-10 6
-10 1
-7 1
-7 -2
10
9994 0
9994 -3
9999 -3
9999 -6
9993 -6
9993 3
9988 3
9988 -2
9992 -2
9992 -5
10
-9996 4
-9994 4
-9994 9
-9990 9
-9990 3
-9999 3
-9999 -2
-9994 -2
-9994 2
-9991 2
10
-3 1
-5 1
-5 -5
-9 -5
-9 2
0 2
0 7
-5 7
-5 3
-8 3
10
-5 -9993
-5 -9995
0 -9995
0 -9998
-6 -9998
-6 -9990
-11 -9990
-11 -9995
-7 -9995
-7 -9998
10
-9993 0
-9993 -2
-9988 -2
-9988 -6
-9995 -6
-9995 3
-9999 3
-9999 -2
-9997 -2
-9997 -5
10
9996 9993
9994 9993
9994 9988
9989 9988
9989 9994
9999 9994
9999 9999
9994 9999
9994 9995
9991 9995
10
4 -9994
2 -9994
2 -9999
-2 -9999
-2 -9993
7 -9993
7 -9988
2 -9988
2 -9992
-1 -9992
10
3 -9993
3 -9995
8 -9995
8 -9999
2 -9999
2 -9990
-3 -9990
-3 -9995
1 -9995
1 -9998
10
-5 2
-5 0
0 0
0 -4
-6 -4
-6 5
-11 5
-11 0
-7 0
-7 -3
10
-1 4
-1 2
3 2
3 -2
-2 -2
-2 7
-7 7
-7 2
-3 2
-3 -1
10
-3 2
-3 1
-8 1
-8 8
-2 8
-2 -1
3 -1
3 4
-1 4
-1 7
10
2 0
4 0
4 4
8 4
8 -1
-1 -1
-1 -6
4 -6
4 -2
7 -2
10
9996 3
9994 3
9994 -2
9990 -2
9990 4
9999 4
9999 9
9994 9
9994 5
9991 5
10
9993 9993
9993 9995
9988 9995
9988 9998
9994 9998
9994 9990
9999 9990
9999 9995
9995 9995
9995 9998
10
-2 5
0 5
0 9
4 9
4 4
-5 4
-5 -1
0 -1
0 3
3 3
10
-3 1
-3 3
-8 3
-8 7
-2 7
-2 -2
3 -2
3 2
-1 2
-1 6
10
5 -9993
5 -9995
10 -9995
10 -9999
4 -9999
4 -9990
-1 -9990
-1 -9996
3 -9996
3 -9998
10
-9996 5
-9994 5
-9994 10
-9990 10
-9990 4
-9999 4
-9999 -1
-9994 -1
-9994 3
-9991 3
10
5 9993
3 9993
3 9987
-1 9987
-1 9994
8 9994
8 9999
3 9999
3 9995
0 9995
10
1 -5
1 -4
-4 -4
-4 1
2 1
2 -8
7 -8
7 -3
3 -3
3 0
10
-9993 2
-9993 0
-9989 0
-9989 -4
-9994 -4
-9994 5
-9999 5
-9999 0
-9995 0
-9995 -3
10
9993 -9996
9993 -9994
9988 -9994
9988 -9990
9987 -9990
9987 -9999
9999 -9999
9999 -9994
9995 -9994
9995 -9991
10
-9993 9993
-9995 9993
-9995 9988
-9999 9988
-9999 9994
-9990 9994
-9990 9999
-9995 9999
-9995 9995
-9998 9995
10
-6 2
-4 2
-4 7
0 7
0 1
-12 1
-12 -4
-11 -4
-11 0
-1 0
10
-5 9994
-3 9994
-3 9999
0 9999
0 9993
-8 9993
-8 9988
-3 9988
-3 9992
0 9992
10
0 -9993
2 -9993
2 -9989
6 -9989
6 -9994
-3 -9994
-3 -9999
2 -9999
2 -9995
5 -9995
10
9993 9994
9995 9994
9995 9999
9999 9999
9999 9993
9990 9993
9990 9987
9995 9987
9995 9992
9998 9992
10
-9996 9994
-9994 9994
-9994 9999
-9990 9999
-9990 9993
-9999 9993
-9999 9987
-9994 9987
-9994 9992
-9991 9992
10
-4 2
-3 2
-3 7
2 7
2 1
-7 1
-7 -4
-2 -4
-2 0
1 0
10
9993 -9993
9994 -9993
9994 -9988
9999 -9988
9999 -9994
9990 -9994
9990 -9999
9995 -9999
9995 -9995
9998 -9995
10
-9993 9993
-9995 9993
-9995 9988
-9999 9988
-9999 9986
-9990 9986
-9990 9999
-9995 9999
-9995 9994
-9998 9994
10
-9993 2
-9995 2
-9995 -3
-9998 -3
-9998 3
-9990 3
-9990 8
-9995 8
-9995 4
-9998 4
10
-9996 5
-9995 5
-9995 10
-9990 10
-9990 4
-9999 4
-9999 -1
-9994 -1
-9994 3
-9991 3
10
9996 9993
9994 9993
9994 9988
9989 9988
9989 9994
9999 9994
9999 9999
9994 9999
9994 9995
9991 9995
10
-5 9996
-5 9994
0 9994
0 9990
-6 9990
-6 9999
-11 9999
-11 9993
-7 9993
-7 9991
10
-2 -1
0 -1
0 4
4 4
4 -2
-5 -2
-5 -7
0 -7
0 -3
3 -3
10
9993 -4
9993 -2
9988 -2
9988 2
9994 2
9994 -7
9999 -7
9999 -3
9995 -3
9995 1
10
2 -6
0 -6
0 -11
-4 -11
-4 -5
5 -5
5 0
0 0
0 -4
-3 -4
10
-9994 -1
-9994 1
-9999 1
-9999 4
-9993 4
-9993 -4
-9988 -4
-9988 1
-9992 1
-9992 4
10
-6 -5
-6 -3
-11 -3
-11 1
-5 1
-5 -8
0 -8
0 -3
-4 -3
-4 0
10
-1 -2
-1 -4
4 -4
4 -8
-3 -8
-3 1
-7 1
-7 -4
-4 -4
-4 -7
10
-9993 -4
-9996 -4
-9996 -9
-9999 -9
-9999 -3
-9990 -3
-9990 2
-9995 2
-9995 -2
-9998 -2
10
9993 -4
9995 -4
9995 0
9999 0
9999 -5
9990 -5
9990 -10
9995 -10
9995 -6
9998 -6
10
-1 9996
-1 9994
4 9994
4 9990
-2 9990
-2 9998
-7 9998
-7 9994
-3 9994
-3 9991
0
