21
1052 1023
439 1577
645 165
1385 425
823 1860
1110 140
1192 1736
1911 1557
1241 754
1886 1506
687 351
483 186
1957 1766
528 1331
154 813
839 1887
1034 1190
1032 1023
735 1023
1520 1023
268 1023
4
1432 1027
630 1085
435 1027
1201 1027
13
37 88
72 90
86 102
5 28
61 52
36 29
81 5
27 30
31 91
100 86
68 79
11 39
56 42
24
1791 75
463 817
984 1817
1455 1940
1665 309
444 1060
1396 968
940 604
1941 1470
1692 1081
1452 1076
394 542
136 29
1735 1329
1387 752
1643 1339
437 1330
208 169
1879 1749
1633 594
1050 1000
898 688
1752 1429
1791 706
0
19
383 537
845 257
983 936
167 756
931 72
52 797
67 48
329 442
68 162
110 537
847 537
639 537
322 537
846 537
228 537
693 537
412 537
802 537
504 537
23
596 1435
289 979
1001 499
1938 1540
1178 564
409 445
1416 1978
464 1931
1631 636
1578 1460
302 1053
1049 1406
1431 1895
929 1041
796 859
9 1900
745 726
1776 382
1601 1730
1516 770
407 593
33 1498
1822 781
475
313 71
727 82
814 773
309 739
158 348
15 631
837 550
755 344
964 749
379 973
176 188
454 994
252 946
303 832
687 345
317 28
227 180
586 295
10 256
360 118
679 501
7 617
512 368
414 333
114 693
315 546
561 607
790 307
870 577
98 684
890 389
719 534
992 591
678 379
324 200
93 58
60 798
59 6
124 886
461 830
201 11
202 252
322 316
999 238
800 14
345 464
951 398
901 34
713 76
680 667
943 454
932 642
757 239
824 430
422 480
147 468
877 391
940 915
795 161
22 681
533 783
765 174
321 474
460 127
278 216
600 351
364 26
57 428
260 436
242 983
319 2
699 23
399 545
686 623
753 48
666 424
970 478
411 261
199 866
294 81
893 43
87 429
746 406
343 309
100 850
475 735
478 763
261 439
660 633
731 159
810 746
708 962
480 644
779 172
428 369
451 215
38 310
21 388
53 594
875 226
184 460
106 691
465 694
384 819
306 854
65 586
148 517
535 222
869 890
132 31
166 220
444 849
425 467
618 708
519 264
493 357
624 497
546 530
769 657
13 885
640 836
455 383
314 628
663 742
644 727
410 896
196 779
363 301
691 700
190 774
104 492
581 862
334 102
815 250
88 557
540 175
177 422
684 477
598 867
905 776
401 367
570 582
884 194
24 251
594 107
575 990
668 740
20 148
438 280
456 67
52 338
683 204
325 160
866 56
883 452
614 44
168 609
694 441
467 4
289 488
776 993
591 349
651 939
159 490
579 916
33 361
761 903
767 928
54 25
907 895
393 363
382 627
376 402
738 214
443 659
552 989
452 187
566 883
832 115
137 910
773 772
670 491
518 843
806 30
941 266
4 213
632 825
788 20
619 670
200 130
361 135
14 663
817 282
885 111
702 821
419 526
955 987
756 289
919 714
500 19
76 847
662 40
17 992
557 954
73 88
437 65
917 72
705 90
732 961
28 137
728 298
389 882
254 833
886 332
55 279
335 267
6 654
171 208
449 801
392 77
549 340
979 785
358 234
845 512
580 486
741 580
880 720
225 211
243 110
517 933
90 555
682 893
370 881
109 156
296 613
290 125
752 494
851 305
643 198
909 944
945 165
488 790
863 459
431 717
1 281
770 292
515 943
245 146
583 656
506 669
661 604
912 823
547 508
882 716
82 420
787 812
902 640
397 303
534 193
642 845
650 869
264 254
228 619
487 956
442 858
794 837
839 136
123 362
976 971
441 529
892 541
151 593
204 29
233 445
944 46
253 202
948 822
141 132
170 329
978 321
796 12
610 624
26 504
781 145
152 346
412 274
131 641
676 566
782 528
64 138
588 339
277 300
551 399
730 712
429 724
157 189
299 209
843 229
659 176
108 162
222 666
56 143
165 600
268 574
101 294
830 734
186 518
862 841
949 123
840 538
97 533
766 446
209 8
784 671
981 572
122 974
599 719
846 999
329 482
71 473
657 157
258 621
25 179
354 919
179 665
780 318
377 249
990 791
984 757
133 622
520 601
413 715
407 635
720 806
302 465
491 15
72 765
928 561
918 834
937 921
126 997
639 141
229 689
357 860
847 22
424 236
462 725
316 158
980 931
464 269
858 938
250 676
463 147
18 810
612 61
481 575
282 513
700 828
34 686
822 894
628 481
153 324
529 800
889 117
211 360
633 892
112 237
221 901
490 97
489 86
574 914
848 949
982 35
969 540
149 450
304 942
654 469
709 710
272 385
374 50
938 42
798 683
507 981
603 583
962 129
526 929
541 484
409 865
849 1
275 743
954 64
244 639
48 988
206 52
37 871
251 877
129 116
41 543
733 353
44 878
46 228
49 431
915 537
210 272
625 787
929 384
524 685
78 814
658 433
80 314
400 811
838 498
284 219
958 982
134 155
856 958
102 857
144 255
116 196
816 9
121 824
239 532
136 440
989 923
333 131
626 259
707 581
590 507
436 852
486 139
291 980
995 308
558 404
356 183
946 119
531 62
977 935
576 880
435 21
383 455
226 542
231 588
532 103
237 702
241 273
792 278
248 658
939 246
287 599
789 794
350 768
367 587
647 73
417 203
430 397
432 506
994 816
974 737
469 475
777 334
553 808
543 320
530 418
544 618
621 112
775 756
812 253
900 184
740 166
313 655
313 355
313 471
313 920
313 759
313 240
8
95 48
5 98
3 34
95 25
95 44
95 79
95 20
95 56
87
318 926
379 508
398 426
582 320
440 703
425 704
479 358
492 510
681 977
594 961
793 131
973 994
530 476
8 515
20 655
361 86
35 111
959 644
938 129
285 893
735 910
143 835
794 392
168 683
595 609
981 15
591 812
859 874
589 981
657 40
214 257
134 867
477 879
541 518
615 120
81 742
288 643
536 363
792 39
956 512
746 61
870 983
874 519
162 890
580 373
19 513
552 36
3 261
85 593
909 819
96 313
724 696
25 938
300 989
778 423
41 509
805 962
577 99
654 946
914 507
273 570
845 427
380 186
918 127
739 624
499 203
835 26
278 729
337 57
524 970
334 629
531 430
698 710
461 148
16 960
140 254
776 147
235 150
675 906
320 950
110 16
986 900
406 161
65 27
70 832
723 926
375 926
10
52 58
69 74
45 33
7 61
67 31
10 96
57 88
92 68
73 36
75 87
6
1902 580
893 1960
937 913
538 190
238 580
1816 580
218
1722 951
1140 1325
564 1660
990 1201
1899 1297
770 1805
1968 389
1937 1663
558 1831
1572 150
307 139
1986 635
306 1680
851 676
1699 1184
520 295
1688 1114
466 493
1824 867
674 1481
300 875
802 78
1540 672
76 56
338 304
1524 338
1683 734
354 348
560 145
1219 198
1916 274
448 498
4 1392
815 225
699 10
1684 1985
1071 1435
1177 1674
730 789
71 772
363 427
1344 1551
1980 1492
1384 1288
1596 589
279 210
1468 561
1013 1927
464 1060
1043 1168
1435 1974
1166 876
1771 1072
595 582
1756 51
665 1472
1397 1049
936 1281
1858 901
1326 1315
1286 1465
978 36
819 372
858 1983
913 218
1129 157
1168 334
160 1224
1248 1058
1067 1380
589 482
1039 1817
1613 456
1100 63
106 1389
1586 1676
1629 1190
1519 155
969 1225
222 886
475 1059
1612 1736
788 1709
1096 1794
1955 1545
1560 735
922 534
971 267
849 991
1142 1633
225 885
1758 931
1126 1858
424 258
115 1846
1801 677
297 479
1887 993
1718 921
937 380
1074 1343
552 523
324 1602
459 1286
882 1394
13 483
302 965
501 47
1561 1317
1046 1322
965 988
1169 1866
1860 471
154 718
403 184
422 733
1743 844
46 1601
723 317
807 969
1726 229
267 1469
1143 1940
196 1052
661 1870
921 1266
437 851
1297 903
121 1387
1413 42
1585 491
1541 7
580 1139
734 1138
16 193
521 1231
1730 1532
636 114
1619 1485
565 149
633 309
881 404
1873 1929
1667 1708
801 1807
487 374
1930 214
1768 1637
108 1666
753 1447
1941 1211
1229 436
915 615
783 550
1272 1787
291 1096
1677 1464
1539 827
352 357
1569 1861
1621 759
618 1307
1146 279
950 248
1933 605
961 840
1580 40
1946 1835
818 626
2 1499
1157 1150
162 966
1724 749
1736 22
484 2
1049 1028
893 1934
786 85
445 883
550 201
1504 1491
1588 792
1042 1649
1364 1500
1342 617
159 1422
1378 1744
1221 1867
1403 880
1973 1287
257 891
887 1719
1678 1595
153 1697
607 922
378 1456
1891 99
1428 420
328 1632
1268 44
1187 46
1701 45
1913 699
1835 1989
166 866
482 331
1995 953
1870 1801
934 1760
1026 802
8 1341
64 320
1526 377
1761 1443
1258 951
1471 951
632 951
139 951
3
4 8
2 4
4 5
31
290 465
662 674
308 408
202 903
87 954
354 735
843 23
604 732
493 525
519 721
549 114
59 740
277 103
187 136
747 548
340 773
107 153
966 592
922 381
392 226
135 11
951 444
485 681
814 623
766 274
268 27
290 94
290 621
290 108
290 106
290 21
82
136 354
652 186
244 1001
443 782
25 771
379 298
513 655
340 374
641 170
590 551
568 861
833 173
478 827
804 447
395 930
324 856
291 261
763 122
710 866
475 883
732 278
27 116
293 44
380 903
458 14
508 963
15 347
404 644
938 678
413 420
138 149
336 383
552 701
144 794
657 801
774 484
122 496
701 572
130 41
719 990
176 717
970 598
98 724
868 810
414 307
993 237
106 578
484 66
569 311
831 674
87 368
499 177
252 422
932 489
109 871
728 589
696 1000
375 302
928 190
910 477
685 577
879 412
349 393
462 804
911 124
344 104
399 455
57 769
419 609
425 34
35 362
694 650
361 838
823 382
881 184
816 758
838 360
386 607
271 997
902 465
486 354
388 354
68
631 109
1770 1328
1964 128
1564 1368
1054 1181
815 251
1707 626
1593 1858
1389 1663
1946 818
791 635
1475 840
253 1381
9 1531
597 993
1909 1756
68 1743
1524 526
342 810
212 625
391 757
1045 1512
1046 39
734 701
1070 421
1003 1114
341 944
1845 631
807 1969
778 1715
63 1192
1078 368
1663 523
1954 1927
361 1860
588 377
21 687
1249 982
735 1262
699 727
687 1334
1600 218
1463 257
1891 999
1991 1290
1655 710
1404 6
1167 1463
777 646
872 315
144 327
1869 1150
1724 1569
309 385
1608 1331
1194 1844
1697 824
707 563
631 1761
631 1991
631 1377
631 849
631 778
631 1291
631 206
631 640
631 363
631 1586
83
1274 93
838 974
1550 1240
1300 270
323 1289
139 212
1800 1335
1320 1306
529 1974
759 1279
1278 1194
448 1677
278 1872
1900 887
1855 1031
1072 1225
976 412
1038 1828
1176 1010
1642 327
1460 929
1637 1499
104 1712
1840 599
789 169
475 1955
1232 1132
479 1048
201 1851
495 1070
1596 1559
1921 982
79 1456
1597 1651
1500 531
388 1938
1304 956
265 994
1004 1374
820 1719
1054 296
799 1626
332 1067
1540 609
1682 1700
1675 1401
783 784
1505 786
237 1144
897 828
493 796
1367 1148
400 302
93 1238
735 1827
1638 953
154 1887
1542 163
1051 361
1747 418
858 1689
1673 1687
1768 576
1578 1099
1963 1106
692 1206
376 1960
1686 330
550 1024
188 1957
1479 1162
626 1346
1603 1126
1166 251
706 1359
37 500
1830 734
1376 1954
761 93
204 93
956 93
886 93
1291 93
12
809 980
646 103
893 379
202 57
762 732
876 292
932 472
414 359
273 420
794 300
809 348
809 316
45
7 22
89 92
86 60
84 65
13 61
17 90
94 35
41 73
1 3
56 84
61 6
4 88
68 82
97 97
92 12
32 20
11 67
31 23
54 76
9 93
64 36
44 72
10 75
45 52
5 94
52 39
16 40
46 17
53 28
15 8
91 46
74 77
58 4
87 78
21 9
65 66
3 44
26 80
75 29
60 19
51 62
29 45
28 87
55 27
39 22
204
1107 1218
522 1003
1475 1852
1309 899
1715 1618
413 511
793 235
1848 1273
305 1159
1483 1597
1502 1574
1944 1054
190 1496
1081 164
1551 1739
1349 679
1217 504
1357 1072
1465 1960
722 708
754 582
1495 59
1556 290
1186 787
649 1697
84 1317
1555 1580
1793 1270
402 914
1724 1056
562 450
1059 707
1075 921
716 1449
373 660
1817 596
1688 1692
631 1630
175 1289
141 54
249 1715
1220 455
1104 379
609 1519
587 226
810 38
611 358
909 1220
1096 150
1449 915
727 1538
710 615
1567 432
1351 1765
90 651
259 849
1595 40
1011 584
821 1914
625 744
903 1233
938 1771
329 949
1633 373
1783 462
1841 627
97 1837
620 1868
364 1142
213 1444
643 507
1155 860
1635 1319
788 514
1878 1632
1292 1150
610 1968
534 1886
1508 1246
1329 1263
650 1612
489 218
214 482
288 1084
224 500
248 1478
1577 1760
1687 1482
1307 1200
496 603
1721 797
1794 37
19 1403
771 917
1509 1957
114 659
1072 1483
1501 661
548 299
1726 1392
1016 1236
1955 1485
951 533
1195 337
2 1091
103 416
957 1512
927 364
1779 1638
421 1728
838 1743
317 639
1185 847
1371 1155
1192 865
642 713
65 1809
820 1600
423 45
933 1047
1242 394
1894 916
560 1491
1065 1573
1069 733
1847 632
1247 498
1668 746
807 1870
198 777
171 1417
1813 1948
1373 429
1115 368
1797 1910
964 363
1451 1685
1254 1656
1082 1939
634 422
549 1161
243 779
77 300
302 1041
690 30
1007 832
510 252
1412 1296
1854 1785
1743 348
581 1130
1923 1390
112 1667
1296 1620
699 167
1660 553
86 1790
1425 817
1963 31
1599 997
1872 1995
1303 565
1222 1065
1835 29
1446 1016
741 1410
1013 1756
952 1871
983 1025
825 967
660 1191
990 1774
315 774
869 385
1023 1973
914 355
1645 1206
1391 572
1336 1467
783 1880
1770 160
1780 1627
1737 1322
1680 328
478 1358
1173 91
855 1930
1153 1226
1179 520
1180 1058
1694 1301
667 435
1953 196
1736 516
1970 1928
728 1472
1252 1230
880 772
987 1106
1278 1037
1716 1859
1939 1513
1532 1218
1522 1218
26
932 459
736 1536
793 541
1912 953
1646 1746
439 1445
893 1662
420 1599
1696 784
1369 640
1881 1633
430 1973
635 1104
223 1667
1148 1399
932 91
932 255
932 676
932 745
932 388
932 1740
932 1510
932 1884
932 9
932 129
932 891
3
2 3
5 9
6 8
157
1685 669
1161 1499
1826 846
539 964
1625 1856
501 1599
1259 1409
1898 1167
1392 449
804 1292
1277 962
1260 660
1506 1315
1468 433
1847 1091
69 1464
1966 924
1964 1046
1893 1101
1817 1811
228 1785
914 856
1009 1399
1716 1927
1147 1862
942 1884
172 1249
810 1100
750 1982
520 204
771 1407
1075 491
619 1151
212 825
1217 12
1365 1004
428 876
579 1944
459 1630
1942 1685
33 1057
225 1937
874 381
1741 14
335 1939
530 785
1382 1908
1626 1113
35 520
1156 696
1489 259
882 923
1177 1028
938 1620
548 73
272 34
1107 496
1004 1076
1189 737
628 1722
1578 208
1990 1280
1452 444
1609 53
1704 1958
903 1115
476 1890
1272 447
1136 9
329 408
80 1143
1767 1869
408 1229
187 711
624 463
53 440
1455 309
214 371
1011 1624
450 592
412 391
245 918
398 1554
1646 1928
1100 389
1181 117
109 89
1273 1744
1797 1381
825 119
1426 611
135 511
331 68
79 810
107 1491
8 306
1443 257
110 812
424 837
475 965
1061 322
1043 1359
1197 1455
158 1172
533 1870
1509 974
64 1328
1128 458
1297 1404
757 1902
496 1321
633 478
1505 297
869 1123
1331 1376
636 1425
667 1959
202 276
715 1470
1230 1842
1461 677
427 1092
473 829
68 1818
293 559
906 272
606 150
951 1578
1172 1940
155 638
1664 795
634 290
206 1604
366 1582
1666 879
1781 904
1629 1778
1759 1068
20 717
1395 1633
357 65
381 1707
43 973
1803 1025
89 1942
867 613
191 376
1777 229
1757 1546
815 99
392 683
217 1839
1229 1090
871 1168
1044 1467
1685 1794
1685 1781
474
527 499
285 270
495 179
267 528
899 440
269 703
599 355
317 119
709 657
506 145
80 687
462 923
983 90
284 315
789 653
686 5
944 548
264 197
298 366
563 991
457 497
299 876
560 212
572 798
100 259
781 295
326 515
11 418
458 63
139 346
24 951
277 255
406 926
135 526
795 847
59 339
543 646
892 905
116 877
846 977
942 89
75 679
260 814
569 385
311 334
749 934
819 752
324 103
731 837
981 578
372 371
725 78
620 34
402 204
679 379
374 973
973 706
964 71
293 871
895 784
219 579
928 29
699 641
247 761
564 201
905 560
747 168
17 476
891 531
665 922
206 164
477 535
231 894
489 486
164 935
542 359
238 392
203 39
916 302
60 61
383 683
625 272
840 365
643 967
743 398
496 906
735 420
382 208
379 565
860 254
535 31
744 49
232 788
668 673
31 405
953 772
815 25
854 373
758 200
38 470
241 933
55 705
216 408
148 668
200 583
14 436
451 193
212 252
547 337
931 4
53 770
51 606
13 677
167 507
439 30
976 491
850 725
118 916
342 833
242 799
463 536
42 525
838 609
822 855
522 54
488 742
945 257
223 908
474 331
530 383
490 340
565 301
863 72
322 671
426 313
28 807
32 864
189 773
940 699
859 710
391 80
802 598
882 760
617 571
656 11
321 723
500 490
275 993
364 342
64 938
902 508
445 493
525 613
73 743
131 832
959 986
134 822
551 963
975 953
801 509
848 581
473 911
998 38
319 903
72 549
659 316
991 576
34 186
721 297
799 831
420 755
600 569
803 124
713 318
661 454
650 680
464 786
520 887
377 362
19 353
387 608
796 348
222 839
606 721
503 902
782 16
90 162
950 841
409 401
74 524
705 764
915 532
281 771
924 19
70 97
6 782
907 447
775 852
562 151
405 544
824 107
655 175
25 449
365 716
552 2
396 40
378 818
390 393
628 942
762 540
696 727
509 558
186 854
501 114
876 409
538 269
642 972
630 985
85 309
555 722
93 651
726 888
529 381
614 192
883 93
352 171
732 364
913 628
979 750
969 410
448 997
416 504
435 883
48 357
190 695
852 664
183 368
109 494
245 736
917 959
927 713
27 338
397 206
225 856
794 378
182 870
199 996
210 612
428 715
207 232
244 432
154 167
879 471
800 226
498 277
499 460
467 438
494 954
152 375
91 390
56 143
471 964
450 146
989 812
511 349
648 675
880 930
807 919
541 955
612 957
224 261
168 795
185 421
662 559
229 575
641 211
534 726
394 941
181 791
936 626
180 682
356 121
306 749
986 99
712 950
811 644
246 925
585 104
1000 453
21 238
689 367
890 258
330 228
657 44
366 1000
82 69
583 617
389 416
252 75
903 6
156 455
438 882
195 958
33 407
671 37
95 243
933 952
797 981
930 840
147 940
856 23
919 662
261 538
288 280
687 660
340 521
302 557
274 134
469 779
105 417
146 512
449 709
221 989
101 824
360 485
478 276
158 202
804 58
98 233
716 698
827 188
925 789
697 3
877 292
898 18
921 767
649 982
375 747
751 41
861 590
768 122
362 924
864 580
103 659
243 325
615 422
99 816
376 166
480 91
254 237
881 707
194 284
887 194
97 147
739 169
866 246
575 634
524 514
121 889
760 178
430 150
258 547
703 631
436 87
518 12
952 79
29 443
77 249
698 94
537 596
622 263
256 552
844 860
455 425
828 195
934 320
255 921
592 738
422 256
359 67
664 533
46 586
413 102
441 395
3 611
532 884
133 235
992 616
678 805
62 975
779 863
328 444
914 303
83 271
273 763
400 111
5 441
268 594
672 216
646 756
287 846
165 83
63 267
893 307
361 380
178 901
71 477
723 112
872 729
86 669
533 341
557 482
780 139
812 602
566 304
111 245
491 681
384 32
144 689
971 622
693 541
980 801
265 495
536 584
626 898
169 845
170 273
446 299
419 77
249 452
516 998
675 279
862 466
510 875
213 241
345 621
1002 775
629 457
479 205
257 654
259 530
465 187
956 861
297 240
300 615
764 896
588 158
323 947
929 522
315 260
766 766
343 412
607 927
868 720
736 110
813 234
590 377
456 225
459 567
470 714
714 446
553 149
505 427
582 878
841 218
704 881
966 754
757 810
667 625
727 995
706 278
798 464
993 50
527 661
