83
626 146
153 288
853 213
639 397
397 334
353 886
909 400
907 804
694 889
402 272
798 823
367 553
892 550
976 19
964 167
773 348
714 217
573 183
528 618
136 295
830 776
613 390
171 592
603 120
207 237
500 644
322 916
856 937
665 584
862 47
279 333
548 256
418 499
745 304
49 929
782 486
286 94
437 128
689 179
487 703
842 224
341 123
491 108
473 901
449 178
374 961
768 527
866 84
673 597
991 606
501 928
283 912
957 24
803 739
239 318
611 812
637 429
61 518
994 98
915 925
682 662
355 77
95 164
182 895
946 604
65 470
291 150
919 138
266 522
596 350
189 155
535 903
583 950
101 691
757 230
480 533
997 957
131 466
605 311
406 352
626 341
626 285
626 40
48
45 11
47 42
71 60
53 54
68 78
100 3
22 85
20 55
2 35
58 36
18 100
24 52
46 18
34 41
30 9
55 21
43 45
4 95
11 50
1 39
10 38
49 56
16 29
64 98
94 25
89 67
17 69
36 6
83 30
12 79
42 90
61 91
62 74
82 26
54 58
60 89
96 1
59 63
45 68
45 93
45 15
45 86
45 51
45 97
45 94
45 13
45 77
45 27
40
111 991
790 173
45 708
699 379
576 782
497 123
503 974
659 209
605 662
729 696
609 656
40 898
235 576
342 751
468 37
788 36
181 212
848 848
514 977
11 427
369 449
895 607
479 604
983 249
517 692
973 875
172 288
862 420
221 211
151 250
356 354
215 543
183 991
59 991
355 991
129 991
317 991
363 991
88 991
371 991
61
454 1765
105 705
363 1217
1694 1859
1471 676
84 372
10 1609
1852 1501
631 838
1654 1007
650 1216
555 1268
258 718
1417 1142
231 1211
1937 362
1165 175
799 1145
392 1052
553 1956
1050 818
999 1279
1002 837
632 186
1686 1983
820 825
1598 1333
380 1423
715 1436
23 217
573 371
858 1373
1325 1442
872 584
572 1509
1064 713
456 457
349 1733
279 1106
149 1909
825 1468
407 946
1956 904
934 218
882 1763
731 1198
1120 498
65 611
759 643
1140 1952
1452 597
132 602
520 1642
454 1851
454 128
454 1551
454 1684
454 190
454 1621
454 1847
454 1440
10
553 742
26 26
909 853
1644 673
24 1309
9 518
1402 1679
553 135
553 18
553 964
40
574 1159
391 1493
1894 744
1455 737
827 62
1771 754
775 1983
1692 107
56 1107
471 1000
1035 254
1418 1155
110 115
288 1869
814 706
1393 1831
1161 1993
746 1370
1428 395
882 30
42 392
1234 1467
699 1610
535 601
1732 1849
802 1298
1836 1029
1026 1782
1092 1837
578 232
1054 454
1502 1773
312 1145
1530 996
94 1608
574 1395
574 1408
574 1432
574 125
574 1994
954
985 1810
834 729
802 1851
102 1034
1869 1143
1009 857
92 1469
26 976
836 132
1241 1991
1756 1553
1543 1179
1679 1872
1421 630
1595 447
1993 1257
1262 1386
16 398
734 328
1058 299
1615 1637
1597 1249
98 1107
1606 586
630 1994
880 1569
1104 397
171 524
707 730
137 795
637 160
992 1513
1004 1396
1314 1672
919 1759
252 773
641 899
1166 1091
1614 214
524 537
282 1584
1751 1137
1638 202
169 598
1664 1424
1346 445
863 1280
562 1798
1528 850
1691 453
586 1984
1190 1022
125 373
607 1405
425 1448
1879 798
268 457
283 419
831 41
483 615
1024 1937
215 794
1098 318
1561 146
782 1765
558 514
1746 1009
1734 734
1413 802
1636 922
931 1384
663 283
1447 1458
1470 954
598 1665
1573 1316
1512 670
504 409
155 961
441 1202
1651 1621
960 257
1490 606
1549 151
917 853
431 1961
791 1364
1983 1433
1012 135
744 118
242 776
256 540
891 1021
1504 1096
503 1030
621 1923
875 542
1085 1497
746 172
897 1980
1426 738
236 1594
138 1394
1045 1915
753 1142
487 596
515 676
199 1296
1415 1546
482 249
964 1532
29 353
1954 1064
954 185
602 688
382 752
439 388
1502 1023
272 1115
1226 1724
728 1554
994 121
1548 150
872 1190
705 1152
1663 1037
1774 14
769 1846
1805 356
203 720
716 1933
276 772
232 229
1327 796
1420 1694
883 302
810 1494
1095 362
601 1176
385 1293
688 386
553 1512
1855 1685
1967 1570
1185 1882
269 530
20 115
1284 862
473 981
1335 940
1596 1065
973 1508
520 833
235 317
442 1157
1207 1948
587 1838
1444 1538
934 1589
343 936
361 82
338 1566
680 1728
818 983
864 190
1017 354
1337 1298
315 67
1385 100
191 953
941 1329
1776 247
674 464
493 575
318 743
1375 1093
459 385
331 326
1210 1432
1857 804
1473 638
1797 1607
255 286
1296 1049
162 1830
61 1353
1876 300
722 1599
153 1014
224 402
654 985
1266 1656
120 227
130 1273
175 739
1571 1598
1671 1989
292 715
990 1669
1412 246
1219 1332
1650 925
1054 1227
1288 929
301 1325
413 855
1732 1676
1278 770
1179 1470
1135 129
208 29
966 1220
1666 1870
1868 600
1848 538
1617 1306
1601 1947
278 44
955 1763
1856 1891
406 829
372 1155
522 1285
448 1108
1758 1315
509 1817
1092 255
1861 1601
124 6
1535 1684
45 478
263 1221
1757 200
703 1808
627 1691
176 1845
49 379
1044 4
1743 1178
1986 1319
250 1294
458 713
1355 1185
1468 1278
1937 47
1910 1229
801 869
149 49
379 1133
1959 1921
399 1864
1042 749
1163 1638
1976 680
968 694
348 425
1391 622
474 1428
1875 972
1000 159
1729 1017
972 1814
433 352
1457 124
417 1887
1530 383
1626 11
1542 1245
1742 184
1 1898
1903 372
86 1070
823 1195
1022 1916
36 1010
756 1380
455 930
427 442
1739 1788
1206 75
40 1791
1899 1459
585 1175
589 1482
1880 979
181 243
1824 98
579 840
1260 1318
451 1478
888 1585
1921 460
1404 303
600 1084
1157 1520
525 1276
1733 363
1474 493
839 1568
262 1166
394 157
1290 1268
1806 836
454 1705
909 126
752 1246
735 1493
1160 1741
830 156
281 918
1582 1942
959 1664
1103 708
1488 1914
795 1375
989 902
1581 1199
1697 232
774 1828
1818 1337
1541 1455
248 1118
1273 1835
1579 999
170 424
184 1972
266 693
1683 1270
1354 1528
1486 404
475 1452
1562 1210
365 1761
1216 418
10 1743
1384 1218
1154 834
575 1074
666 1007
1495 1031
1211 374
741 270
885 1391
309 238
1635 689
657 625
129 85
270 964
1338 991
152 815
569 698
1821 885
1569 811
986 555
991 1861
1735 316
1361 1822
967 657
724 945
1858 1001
803 816
1184 448
1777 592
373 522
841 506
1799 595
1235 1527
701 1109
1037 683
1918 1663
1740 1746
1120 1742
730 1449
376 176
440 860
1508 1823
625 572
692 1341
1398 1047
1001 56
1293 628
70 16
141 886
1484 1492
41 674
1123 654
172 1725
271 1820
1481 1201
34 1907
1229 868
927 360
1005 574
1575 1950
1699 908
1405 550
672 1240
211 610
189 1577
31 1868
1202 1262
1989 1323
1795 1184
1840 432
1261 1200
1551 241
1970 288
1392 632
1181 946
66 1754
1449 1063
860 1287
632 767
1583 762
1015 1687
1334 505
1692 635
1150 1368
85 1949
1378 639
1277 1282
1443 234
1639 410
565 489
1809 1997
670 20
1944 449
1560 668
234 295
1566 376
1430 1831
1767 1653
1051 1881
732 1530
1963 86
1525 971
1456 1945
951 1510
881 1624
1873 1773
313 1174
541 998
1941 1974
410 463
763 1978
700 813
123 1582
1198 704
647 659
344 536
884 113
1708 736
1370 446
1642 1629
668 123
298 216
761 72
466 1277
355 1799
499 637
300 451
1251 2000
1364 1389
231 977
1076 1876
369 1573
1977 617
660 1886
958 523
1836 702
1782 967
51 256
651 1097
1482 871
93 912
364 1955
1070 1776
260 1212
1145 298
1038 79
1521 1250
912 1333
1520 1899
1451 1819
690 325
1388 1121
443 584
106 997
1357 960
842 1586
378 842
833 210
979 1556
1505 1770
1705 1615
646 1543
161 1446
577 1862
778 1450
1416 1755
787 1699
1155 567
1489 1228
52 1850
1302 1564
228 290
978 1168
1898 1922
1962 1225
665 180
1309 1346
1554 104
4 1196
824 76
1792 1251
1236 525
894 898
1307 823
999 1514
1852 847
1717 28
415 344
77 1136
1926 1771
729 1859
467 721
1049 1592
1027 1701
115 1634
1214 1366
1073 1979
676 735
742 1675
871 320
945 1139
47 1740
932 262
48 491
611 1953
638 601
762 499
1653 681
94 1138
1124 1399
902 1652
1810 1504
855 474
1454 80
926 304
1900 513
1704 844
333 84
377 1764
1547 858
1492 1678
1072 562
143 526
809 59
597 763
22 865
1994 1076
1684 51
1974 481
222 1576
44 1956
1172 1854
615 1630
1256 1161
237 839
1175 119
1159 1750
299 1444
532 1411
1902 613
514 2
1408 128
817 1875
350 313
519 1292
1813 1619
1099 1038
1866 1706
1352 141
594 35
1254 310
1580 472
754 226
1252 1996
1888 1839
1321 1322
1925 546
956 19
1082 1793
1209 1707
936 1731
1934 1324
1479 1442
177 947
538 1903
1406 703
160 994
1463 1465
790 1993
1311 1786
1259 1330
1170 1628
845 1671
1497 1361
1965 1463
911 827
1936 307
1343 658
80 1606
678 1620
1220 1182
1556 649
452 73
99 684
259 966
1276 1404
1627 1658
238 1967
59 1973
1435 1631
1688 1567
1887 183
1101 706
619 1650
669 1119
606 1957
710 69
21 570
580 1960
107 571
1565 761
1538 1388
738 1288
186 473
596 27
375 1841
1121 1999
1088 1971
1230 189
1347 623
907 208
1075 846
1932 1266
1802 1033
1715 1645
529 1211
75 1379
566 43
1896 392
876 134
1243 348
428 509
462 1627
1603 1612
1358 498
87 1192
109 1163
27 640
1281 801
346 136
1234 1689
1313 905
604 1523
807 1616
1816 1768
258 1597
528 799
213 1495
37 338
1696 1752
1491 194
1129 1253
785 728
1576 942
1192 1906
1221 1919
404 1208
1851 321
1957 423
982 235
249 395
1086 1693
918 1215
217 1626
1853 497
1213 877
326 1834
1094 494
1812 678
623 1893
1048 393
1272 1279
1933 110
25 1811
291 1068
1907 1772
1849 1058
380 168
1929 122
1028 527
547 1235
367 420
182 467
74 1958
1874 993
510 1069
1750 718
1109 624
1747 1632
362 278
1893 589
550 919
1522 950
1287 1836
1132 17
548 163
1718 324
1690 1102
1122 212
798 1489
768 1884
390 142
949 1488
560 1680
414 486
820 1562
1905 1289
1731 587
168 1888
1784 1144
939 166
760 1350
1793 921
1133 1688
969 1239
1945 1180
1487 475
1242 1437
1382 1796
908 852
1620 413
771 1909
898 1029
685 95
1006 1048
188 1640
914 1913
599 1036
866 1879
1518 627
679 1679
1253 897
1935 315
1303 789
916 1744
1390 611
622 1708
975 145
1533 957
110 1762
89 1924
609 1434
1057 1454
381 1522
1844 36
1995 547
910 808
6 873
1493 114
1432 1083
1634 1101
1367 1832
1139 1140
14 838
18 1507
19 111
546 1145
1397 1648
1188 1477
392 1867
1949 384
46 465
58 279
1306 396
64 444
1628 1483
72 52
618 1544
561 1310
207 996
1698 1736
495 93
112 264
113 926
122 272
806 1393
733 174
1817 1897
135 785
136 296
139 213
819 207
146 599
1168 273
157 133
295 5
1947 1548
173 1308
180 389
1801 274
193 1453
1863 664
1208 1338
751 1135
205 1829
206 109
210 861
591 1734
1958 686
1340 32
921 45
359 604
1570 1156
1611 1869
229 83
1333 1255
629 1774
1323 1321
556 1929
471 769
284 870
430 1711
1531 1311
739 233
1572 1717
1318 1769
1348 1016
1007 1088
347 193
293 1733
312 661
783 1852
321 254
322 830
324 948
1539 311
329 1254
334 408
1775 1890
342 1639
352 646
360 301
363 236
928 1590
389 1345
1326 97
1590 1583
401 1344
1670 1697
793 281
412 1526
1427 1352
901 331
1046 1608
505 55
1587 913
971 1918
463 1407
464 329
1458 96
1106 1420
479 725
490 1263
693 275
776 1698
1047 165
617 805
1066 1951
1499 1431
811 1587
1988 863
1201 1302
1649 1286
1660 1062
764 791
1008 1806
1558 1610
1345 1123
1342 1992
1830 1406
1400 1383
620 864
634 314
1914 740
826 195
1982 1803
1825 367
662 106
1169 406
1771 1234
698 732
1686 1075
1353 560
1946 669
1820 726
767 400
1040 1505
788 1360
812 1976
857 987
850 841
922 1092
873 642
893 1217
1999 1878
1071 826
1612 1481
1111 1797
1881 1603
1193 1061
1195 665
1203 1060
1224 1194
1913 358
1308 407
1336 1027
1657 1857
1441 1267
1725 63
1741 204
1619 25
1738 1342
1723 1591
1761 23
985 1261
985 231
985 380
985 1965
985 1766
985 1681
985 701
985 175
985 1739
985 672
985 989
985 306
985 1842
985 89
985 1122
985 1159
110
191 1083
1514 215
65 1384
1347 394
880 1943
1759 1746
1825 707
1976 637
1143 919
872 273
22 1362
1991 1237
1030 870
397 1812
962 1624
1336 1137
85 1025
841 1590
604 1133
1817 1092
228 1159
1098 1238
1412 1898
380 1592
1167 769
296 1586
1266 1796
822 1353
828 1840
1741 1640
1285 357
471 308
1390 14
902 1715
254 593
1717 195
1404 1186
1883 1599
608 1156
636 1031
836 51
103 1585
250 1032
355 202
1184 383
763 133
1904 1367
28 1199
423 944
888 1902
673 1251
596 1740
1754 834
374 1309
825 970
704 565
1276 213
1545 1688
81 1837
243 1166
1118 635
309 1048
1287 1659
918 1065
1893 35
787 598
1310 1761
1415 92
875 1000
1316 1004
985 869
1715 1745
1101 129
1470 174
1322 1445
1235 226
1843 1490
874 1852
812 408
224 1398
1187 17
1676 396
400 1485
1566 1591
241 1091
1484 1756
1244 522
1016 1644
782 1147
554 646
907 27
1947 1214
61 71
1533 1656
261 1467
869 299
1629 417
1306 323
1530 930
1833 512
606 1395
570 1971
112 697
1841 28
1557 242
440 922
191 476
191 1111
191 1762
191 1952
3
5 2
6 9
7 10
74
113 1827
934 573
282 490
749 1561
186 1847
325 937
1110 1353
1596 127
1527 1656
1621 1711
1616 1951
1010 1688
398 261
1876 1822
803 564
48 1765
1460 1030
590 1378
418 1854
235 341
1304 192
1910 486
1454 1888
882 1836
147 1996
402 1606
576 1146
1838 1465
199 741
1310 187
1750 951
880 1523
1979 1702
134 134
1515 1271
1525 1124
1867 1346
1145 21
804 1991
1793 616
608 1013
1488 1332
1282 1985
23 830
648 1789
521 618
958 1150
1850 644
1391 346
1396 945
1308 1344
753 1912
173 1280
1885 1889
843 1476
654 214
1880 940
1483 545
948 1583
1805 1679
1027 862
270 369
479 469
240 1549
52 1207
1719 1818
335 1770
1756 328
1215 1443
1399 1426
29 878
113 172
113 522
113 307
964
849 631
442 1681
1344 211
741 355
241 1504
1245 970
1512 222
290 1269
1712 943
425 80
1881 1014
1975 271
1093 599
138 1029
266 1814
987 804
18 307
1617 1517
609 1331
1367 1604
585 130
823 1368
772 1751
1103 539
1723 1650
230 908
1337 1838
1360 508
139 971
1386 384
1077 812
948 1916
1069 1892
1305 1816
1980 895
217 15
949 843
1906 359
540 1856
1029 122
1461 390
1547 58
1640 233
204 513
448 482
248 947
1702 1966
1732 1080
238 1592
656 227
1675 292
1652 1418
1482 810
1933 994
1234 108
1010 1008
1564 734
742 898
1802 982
1080 320
1174 1775
657 963
537 774
825 382
1875 277
1021 954
970 1794
415 1890
1272 1522
706 990
636 1903
1169 1261
1648 562
1008 1113
570 1571
652 1705
626 487
1125 131
19 737
423 1389
1785 1264
1044 160
572 694
1172 401
1027 1252
1674 1570
1947 930
864 1869
903 765
169 1553
812 128
1767 554
919 924
1764 27
1510 1500
1889 917
413 1088
627 762
1956 207
119 1219
144 72
533 550
1662 244
86 30
1373 64
1251 1173
385 139
1477 716
1625 635
555 1558
1009 1662
1577 1223
604 230
1598 1646
1031 467
1665 387
1777 433
1413 51
121 1949
1049 986
175 1765
1657 295
1715 429
89 1104
1848 637
1918 1031
1467 695
698 428
292 1325
104 807
1261 702
145 1562
1047 1557
1165 173
133 745
1663 931
1227 1680
1481 1768
392 1561
945 1996
65 874
236 260
1734 1503
1816 1632
1578 1832
1279 1631
933 119
13 659
829 399
727 614
450 1588
235 78
213 437
1164 771
1888 214
1769 1640
1415 498
1480 1785
1452 104
1977 365
758 1799
1865 901
1627 1306
1089 276
1408 56
898 97
1062 1896
439 171
1571 645
590 1740
1284 94
1681 1946
935 721
583 483
287 1526
1269 1182
367 1380
1874 449
840 367
1194 1444
1385 869
821 900
726 402
1563 6
1134 1745
184 1771
487 1566
22 668
377 1515
1909 1804
634 712
325 301
279 1497
190 979
188 1629
1925 655
1871 846
1110 1677
1936 115
1926 988
653 589
1831 248
902 813
1423 87
695 254
21 707
1930 1413
786 1546
1604 1481
1137 1290
999 1213
1555 232
1064 933
1347 370
302 1861
1706 21
753 922
406 1669
299 516
817 726
1914 1741
1246 1057
159 1423
1891 795
1291 752
39 1480
1299 1150
784 1382
736 509
1399 1353
75 1932
852 1976
1243 1249
480 134
318 1968
97 1004
1574 352
1442 664
969 205
938 741
1495 158
824 1543
1689 1165
252 341
1322 1732
180 620
1128 1894
294 1322
1088 1482
873 1114
1043 1668
151 932
725 1678
17 827
1793 1250
1730 1454
618 1256
5 93
49 308
771 431
1615 284
1390 881
9 69
1265 693
1441 1169
1760 1501
859 700
1147 135
837 50
1042 114
735 1873
541 1078
1772 1065
1142 1643
1410 20
834 1015
1948 750
161 1651
30 1876
971 18
614 155
1354 1635
1230 936
1004 1943
900 563
327 313
1561 1935
543 1952
498 844
493 1667
1166 729
15 1095
84 1835
131 340
1970 524
201 1042
1436 319
496 912
58 1791
601 286
1222 1610
1799 598
593 1203
548 1807
210 654
973 1531
836 1488
1587 730
598 366
1743 49
1819 111
495 91
1537 976
639 938
1439 1754
1295 266
251 1158
92 1285
1727 70
1020 1593
257 675
1387 206
899 1979
34 1594
1193 1218
1220 1580
368 899
830 841
1718 1709
1676 1906
1253 146
312 989
788 743
1426 1376
921 1085
1188 1167
1085 1937
1317 1401
839 1867
756 1139
1156 148
696 1174
1958 1569
7 1598
524 217
308 1885
1945 991
669 1157
718 1068
490 1201
1438 636
1659 35
1525 1544
711 1950
394 225
129 1276
1254 643
45 1934
1398 1149
579 52
1932 157
1566 312
1869 496
1143 1207
623 1055
916 1090
1106 1185
779 1017
1530 1052
529 239
723 411
1685 1711
1758 1307
729 1253
1236 1175
1382 1512
1981 628
556 1929
961 1172
1654 1691
1186 371
1466 1087
1378 1301
739 1186
155 1638
1880 573
1586 1742
488 1411
1897 1194
1508 514
64 168
1546 1419
14 475
1655 1344
280 1746
808 1986
799 372
892 733
1263 512
1943 1540
187 1110
1123 817
386 1337
1759 742
82 1889
762 181
1350 1973
1509 471
511 1291
1005 977
1121 723
1821 197
309 1868
443 535
613 1988
1661 1489
1357 852
449 1568
1306 1432
680 485
100 1459
809 1398
766 1271
405 1225
1762 112
1035 1453
906 1872
91 1641
1807 1834
396 904
26 1720
1331 213
979 1902
332 1125
813 686
1754 1143
904 1619
1814 315
1878 714
731 1827
581 1347
816 179
61 766
1493 1673
1584 1821
1256 1161
1599 1842
1862 1761
850 1266
819 966
1972 1713
1083 1614
306 1361
1783 34
856 684
1250 460
953 607
1818 1779
451 392
1115 1506
109 585
446 504
497 1381
1206 123
1215 1545
662 782
646 1548
1211 1918
1323 1262
700 435
744 740
25 1862
1145 1648
908 397
1447 1714
1801 857
545 825
6 1281
1595 61
717 1875
48 377
261 219
951 302
32 713
1744 548
1565 305
183 1137
1177 478
359 1766
922 427
1839 1729
1015 1559
1333 90
1519 1312
746 1434
638 396
1692 1536
1494 671
1058 773
1780 1280
965 1911
417 663
802 1385
1840 969
1050 1845
1576 251
926 176
1136 960
419 1121
1034 905
344 216
1016 1321
335 1237
1014 1050
1556 1800
1892 926
1644 368
1022 1853
1400 324
1427 385
764 62
1603 1273
1728 1077
1511 565
1267 381
637 815
1924 1300
477 1001
428 187
277 1901
860 1235
660 1367
1335 1962
818 479
1630 1405
546 1813
140 1917
293 262
1996 103
1937 23
651 1317
575 1239
1872 868
1114 1244
1588 1810
1240 1874
295 789
677 1495
930 1552
707 464
1735 1790
1613 439
629 1877
928 1774
1118 1033
1826 722
1372 1749
1051 1828
1788 1073
485 1649
1376 851
83 736
1351 1841
1277 321
1703 793
557 288
1112 839
640 282
1954 105
371 369
1151 719
59 1098
1330 1022
1591 1701
603 1639
1037 31
1183 452
665 1326
1809 1422
1569 826
1242 532
931 444
734 272
835 389
1670 1327
1841 1156
429 234
763 1162
1262 1442
1091 909
467 701
388 600
1594 885
1851 648
1795 495
1270 593
401 201
1422 1989
1671 1936
532 1191
389 952
506 1722
994 66
534 351
1160 296
482 1818
797 505
209 1727
759 1371
1455 803
1502 379
1181 1206
66 480
1189 354
1324 1274
977 454
525 140
1204 1472
1621 404
331 1383
1796 1265
1794 226
644 241
1252 44
663 1012
1168 667
580 612
1800 1364
1619 126
153 361
337 1208
1506 1772
31 1399
1304 1844
1647 1686
1913 1355
1747 1126
1824 438
1951 1999
769 880
1296 1332
950 1390
384 824
1884 597
181 1792
1381 1457
1557 1703
875 199
510 150
576 1613
549 138
461 975
409 380
1421 1043
233 801
358 1995
1628 1960
1248 1176
689 1888
1454 1011
1602 1034
249 958
361 1645
120 228
1751 892
586 981
296 423
1622 294
1309 1898
258 948
134 85
38 847
671 1666
1738 1476
494 1130
738 120
1113 1914
163 886
861 1016
1544 494
297 1394
1592 1585
404 687
1071 552
792 1293
111 569
1775 432
466 1583
1318 1461
278 728
243 1826
11 1612
806 1193
1521 46
523 92
265 673
1036 1849
1750 703
1694 1160
427 394
1895 1037
776 24
1929 310
118 290
1791 1730
697 779
1774 1268
1203 436
1274 1032
234 1525
33 1397
1223 1039
1658 1958
1938 540
1302 876
1287 646
411 1778
1327 914
1019 1855
884 1248
1152 1756
1219 1611
967 1647
1798 1330
322 780
1053 821
1894 270
544 360
300 1831
1700 59
231 1048
870 1519
1693 1784
205 794
866 406
1153 887
1812 1450
1040 1226
934 1471
1984 102
1836 280
437 1843
518 451
1669 533
1651 1478
1249 1537
1710 1074
351 1671
218 1439
913 1287
1846 715
732 1076
1468 838
1038 1436
1527 1959
743 935
222 1582
1711 1378
1311 1200
1697 937
1552 649
1173 850
867 448
1338 1796
1308 809
96 177
911 183
1388 1362
584 314
1171 704
996 1658
37 309
710 756
16 830
968 208
117 1933
1787 1509
1520 236
193 1138
29 96
1853 1007
1161 832
863 759
1492 172
761 555
1334 453
152 1122
72 1688
1653 1025
78 797
980 326
705 919
1979 1131
95 1189
574 547
105 300
106 641
113 169
115 1992
1646 567
123 349
1470 1523
126 690
339 180
348 528
143 1221
146 808
150 1387
1028 956
156 16
1589 136
158 107
256 1094
1070 278
724 1697
172 1634
174 434
260 656
597 1725
186 1228
1626 1915
194 1928
1361 1005
197 983
198 1803
1176 1295
356 1560
1100 154
264 618
1797 1551
947 1171
224 67
225 1644
1803 786
1139 1970
242 1964
1991 557
1117 1854
254 55
426 1674
937 918
1668 224
1988 133
708 415
283 468
286 1554
289 610
535 507
1273 1469
311 1146
848 1270
1276 345
960 581
1264 348
355 156
1749 1737
365 1940
373 1739
387 410
1725 1982
407 8
414 1018
560 907
430 235
431 1628
436 819
1907 1000
508 579
672 1696
1965 1777
1590 665
1541 996
479 441
481 86
1124 1781
512 409
1048 1473
1437 1823
526 1575
1989 1298
833 1338
538 1038
1813 1178
1982 1289
728 1695
1690 1374
1292 1998
566 469
573 132
577 558
751 987
1782 159
1024 864
1283 1961
1531 775
956 1127
1315 858
1472 1466
1303 1350
843 1513
632 911
1001 1602
815 1690
1144 1977
1606 1704
694 1863
1023 1375
1733 1163
1660 1913
747 38
1605 1945
1726 1652
789 1400
1545 515
795 1308
1129 1865
1558 28
1656 1448
1912 1891
1374 1895
1609 1079
851 1808
1704 203
1107 1437
1572 1379
962 758
1281 1339
1059 902
964 1241
1063 1542
1739 1421
1003 1151
1196 1205
1017 1196
1829 1880
1585 1346
1184 946
1687 1051
1596 1224
1237 1277
1528 413
1507 1534
1808 1809
1275 1049
1286 1514
1293 1384
1639 596
1489 1819
1469 965
1407 1294
1583 578
1631 1396
1827 191
1612 492
1854 974
849 604
849 865
849 1857
849 281
849 929
849 412
849 1288
849 1527
849 634
56
900 93
503 568
685 881
686 649
780 128
952 707
67 174
14 839
196 854
490 357
179 986
308 899
866 65
349 551
463 285
272 657
89 60
37 865
126 760
981 43
231 405
785 623
915 941
113 481
639 688
51 175
397 826
398 178
416 612
977 221
427 780
619 884
833 888
133 294
705 430
802 948
557 710
665 949
918 869
149 74
372 735
267 347
754 456
434 225
188 105
522 250
908 93
65 93
330 93
711 93
525 93
570 93
415 93
695 93
594 93
211 93
16
22 32
27 54
41 24
37 76
5 70
51 41
74 73
84 6
20 27
18 83
96 11
30 89
22 68
22 74
22 30
22 95
58
938 32
515 145
68 83
274 624
887 535
929 376
694 478
704 400
459 377
663 871
668 184
24 7
517 222
852 956
815 977
46 9
225 142
272 492
182 23
289 644
738 653
567 39
42 727
244 916
957 183
921 428
381 454
697 523
817 951
246 849
214 791
458 173
897 712
37 973
207 821
123 738
394 794
863 402
345 37
674 992
478 587
499 559
95 636
480 634
102 548
265 194
489 506
10 426
230 625
638 280
770 640
571 382
336 265
909 340
808 946
607 448
211 75
603 69
17
246 797
395 40
790 744
81 20
558 686
75 739
43 982
61 196
384 710
505 660
847 449
106 289
586 517
246 740
246 986
246 923
246 111
4
4 10
8 1
1 6
4 3
0
2
10 6
3 4
3
7 1
7 7
7 10
6
33 70
42 23
54 21
57 15
33 20
33 66
12
9 37
16 85
24 1
40 35
60 42
13 61
64 15
84 13
73 86
20 4
33 94
8 96
28
289 131
314 2
331 516
675 925
351 73
769 255
889 206
473 421
575 7
123 612
85 667
737 673
772 367
841 590
295 14
181 268
302 400
945 378
107 348
663 21
333 85
936 688
604 412
203 120
938 794
667 824
887 246
289 101
0
10
206 1738
423 34
1669 108
844 1664
899 506
678 374
206 65
206 527
206 466
206 1815
10
1809 670
1983 664
1221 1625
1119 1998
1593 140
1817 1468
793 793
1401 1559
1809 1405
1809 355
