327
391 1346
1141 839
821 1184
620 182
676 1814
1670 1396
640 1008
941 1947
743 1723
611 404
178 1444
1714 1413
1561 15
666 1399
966 1355
1265 766
914 767
1327 80
755 892
895 315
1721 808
1547 1903
392 742
1648 37
558 491
122 540
358 704
1456 1401
1820 137
1621 280
1517 1110
1108 282
433 1468
209 58
1777 1397
1449 550
536 1556
126 598
1540 140
917 828
544 1024
1966 938
1385 387
278 211
1935 1888
451 607
1785 410
1440 787
1399 1596
687 1599
1060 322
1804 1541
1405 982
449 772
1603 112
1557 837
508 500
283 1837
212 1641
1814 807
183 1360
255 1845
180 1175
978 581
1170 534
86 1429
472 1918
1833 1719
74 517
1109 1776
962 65
834 1149
154 1498
555 1604
601 1367
1652 1831
1485 887
1079 868
1430 94
867 1394
1645 577
537 1849
1620 216
1038 207
874 572
1986 499
947 139
670 818
1176 1025
1273 493
1668 579
836 1652
663 1981
211 75
723 440
1644 1855
979 1722
1298 1207
955 1877
7 1678
1750 1901
341 398
1738 1771
765 1377
1446 1447
1229 81
816 1217
1554 361
684 864
650 44
307 1644
1707 1973
1477 1500
318 810
1705 1203
62 730
1938 306
1077 1909
1773 1626
1818 1375
1261 1112
797 231
1486 1282
1239 764
1427 977
1542 1978
1411 118
1589 746
1601 1670
1114 918
370 1147
67 1461
696 1106
1075 847
1366 1196
1718 622
1904 1289
272 1474
396 1096
1031 879
1884 194
1848 758
899 1370
1135 1796
3 347
204 442
1256 924
1898 1867
1835 104
827 245
223 986
1906 1127
10 1022
1584 657
1633 1985
16 1968
668 1921
965 956
546 981
1325 1702
1665 851
1710 356
147 567
1012 1583
1393 963
833 667
191 1438
1253 644
705 1789
1088 1021
648 952
1606 1056
234 1372
1846 1482
779 563
338 1225
1888 980
1921 1276
1255 1134
79 1329
1567 955
409 1214
1597 722
855 431
1860 1003
186 1226
1315 1954
133 334
1840 1358
918 1559
903 1658
84 812
1158 1762
1959 1350
714 128
689 154
477 467
153 1625
1022 331
1940 1740
385 276
1763 562
711 114
366 1582
1503 966
654 1351
1767 596
586 344
746 1071
580 1080
541 1900
1934 744
1191 1803
221 218
1615 532
703 546
964 1152
1570 326
316 262
402 1887
986 434
424 710
908 486
1197 1519
310 1686
949 1083
783 38
412 1645
56 1841
1241 623
160 1484
1326 525
331 1885
393 243
1493 1259
1352 946
1349 1031
1351 193
1933 352
1286 1032
1970 70
1577 1433
1007 860
1780 585
853 1937
1642 1313
1338 685
897 1747
1974 260
176 779
647 1263
1358 13
40 1385
1213 890
1480 629
738 186
1797 485
864 848
354 1215
1178 229
1612 11
1778 264
716 1681
616 894
1295 1004
875 1777
155 708
975 1619
1299 272
496 1545
1044 1304
589 1440
655 1374
1089 1033
71 638
936 1321
1500 1103
566 1797
19 17
110 1774
1362 1784
623 1967
923 597
1215 908
1058 1344
1157 1676
1311 1064
1877 1941
181 299
1506 50
1492 1391
1956 654
336 416
69 678
268 628
1040 1727
1776 1234
945 1126
657 1506
403 1224
1672 1715
840 402
125 933
770 323
699 671
560 1813
1510 1563
862 862
1893 1114
681 827
1026 736
200 1070
230 256
498 1325
78 1883
387 1430
488 1826
240 1048
99 1345
1264 1961
113 1018
418 1228
1863 409
1944 1346
371 1346
75 1346
33 1346
45
487 1373
1735 1034
1364 190
1445 91
377 241
1746 1399
1082 1395
912 338
1739 1742
1616 92
754 1819
1812 1276
960 777
1214 864
978 221
693 1849
82 334
426 1837
1056 782
1889 485
52 952
1882 130
887 1212
1620 1171
1517 785
485 317
1009 723
1681 934
1761 932
1732 1064
519 1568
788 1321
1660 1673
454 146
1144 1674
1385 1848
586 1242
87 869
1834 274
669 1960
725 693
434 1010
668 332
311 1766
487 315
4
9 1
10 9
4 10
1 4
5
28 1
56 86
41 13
28 47
28 68
236
476 372
472 644
522 88
162 196
134 709
986 551
13 218
953 956
593 652
191 55
946 846
559 231
491 960
641 658
546 515
751 411
159 698
933 629
396 668
125 878
83 189
673 365
563 262
733 842
967 891
510 763
768 232
885 239
919 284
912 643
895 106
757 829
858 397
928 758
305 523
976 993
557 868
218 430
69 569
653 181
402 478
225 161
230 41
420 369
996 99
417 573
550 302
252 520
224 707
795 608
783 749
677 756
448 166
592 918
89 98
766 391
489 772
701 293
621 80
366 389
662 16
469 113
10 306
277 806
484 559
450 379
115 528
337 804
73 484
830 42
754 869
239 152
542 732
943 428
322 414
680 260
709 884
153 275
182 118
57 537
813 560
896 92
76 812
617 256
842 156
244 140
304 210
926 723
352 177
609 774
355 626
175 68
329 487
959 27
564 636
822 720
548 107
158 631
440 74
167 132
37 28
656 645
485 330
44 914
92 276
79 8
459 950
689 835
949 49
611 961
471 1
281 959
209 465
176 139
956 462
358 403
530 355
760 131
127 762
784 220
841 219
794 248
113 936
549 659
122 45
977 759
246 86
917 907
831 321
389 255
87 337
913 222
446 413
670 740
792 451
261 421
676 550
303 994
56 728
904 388
514 618
468 651
33 236
257 667
627 422
597 703
372 97
714 261
264 81
880 535
560 609
455 480
785 939
948 17
53 694
957 650
873 973
311 916
386 531
702 443
736 566
854 290
380 974
582 229
240 57
980 975
399 571
770 900
605 927
781 818
404 35
791 784
960 700
90 548
589 826
66 821
692 353
737 460
525 103
397 448
263 923
334 734
228 578
788 416
699 93
545 987
761 96
16 395
892 457
180 84
178 912
568 251
774 375
114 343
558 184
232 509
638 538
373 437
275 779
547 725
798 673
505 866
233 733
616 716
81 203
635 116
101 459
475 790
936 258
987 660
194 654
512 574
238 479
508 439
752 350
377 307
428 104
860 173
857 38
631 562
931 168
855 164
930 336
476 764
476 91
476 770
476 233
476 809
476 151
476 755
476 292
476 253
476 282
476 167
476 491
476 142
25
57 14
22 28
42 1
65 9
30 41
60 2
25 37
49 61
45 71
93 22
51 94
61 48
62 99
44 90
31 21
23 64
18 32
21 13
57 98
57 49
57 23
57 84
57 79
57 27
57 57
13
76 65
47 85
23 59
88 55
59 40
40 102
56 23
91 46
58 1
7 93
16 90
93 36
48 65
213
29 1485
1206 123
1017 1298
651 1933
1382 732
615 1012
869 707
169 661
946 34
676 1157
202 958
171 1420
1706 1704
875 242
360 1148
1394 718
1824 964
646 553
1112 598
1003 994
1703 1846
884 1341
526 1424
1367 25
331 1184
112 211
1475 678
28 650
62 1589
1228 63
506 1495
1507 621
500 1702
325 1504
660 1074
1633 1668
81 1958
380 79
48 839
1815 59
1477 1474
820 174
1878 1770
963 1873
1621 1535
1720 116
1847 1360
359 899
471 875
1314 1319
684 1637
1266 961
301 1277
1109 83
1459 107
1932 1543
501 133
654 1317
373 698
447 1670
1608 131
1981 1111
37 1576
1079 716
1546 1973
1316 846
348 1362
1253 1466
1132 930
1471 1930
1892 1903
1360 90
1596 943
1064 1775
696 1340
703 615
46 1830
894 1314
635 722
1835 453
201 1398
300 1385
1408 1718
1737 1648
785 1577
1776 463
248 204
1788 714
969 338
1532 840
55 1230
1131 504
44 1453
516 561
1659 1473
897 970
174 106
11 1753
1970 483
1328 583
1300 1458
487 1414
1295 1671
1828 187
1442 825
735 179
976 1293
935 1423
957 1002
1738 500
1044 219
224 1208
1629 587
1148 316
1145 142
1036 387
667 1831
165 565
692 674
1655 1333
1013 1643
1396 1635
456 747
1809 648
50 677
1917 653
752 1741
209 39
1947 1778
1569 779
992 797
39 1052
473 849
1749 1019
559 423
1944 426
131 1717
491 1674
1865 58
183 1882
1411 84
96 1219
754 719
671 1611
1658 1627
1548 473
205 1790
901 389
834 1581
426 1132
1438 1736
767 1885
1299 708
561 1065
74 344
276 1750
1525 320
52 574
1714 757
800 290
337 235
1218 1379
1940 244
1829 1929
1462 644
100 690
204 1560
1407 1130
274 1353
270 1328
349 1308
1729 835
1273 1781
1046 1618
376 1860
1502 1594
1614 1867
1550 783
958 440
472 1041
1520 1680
1742 662
1942 1310
1444 220
1199 1463
1613 761
872 36
1020 612
68 164
1105 315
195 976
1469 1850
1925 1980
61 1773
1018 1234
384 1489
706 135
24 709
895 1439
1642 1390
1214 578
1793 912
1162 175
1318 953
1795 35
948 647
896 29
1402 1388
768 1792
19 982
468 1485
568 1485
1934 1485
930
696 599
248 1623
1058 1969
1282 286
1183 1626
354 1410
994 1484
959 1097
1321 1760
1828 633
287 606
1344 574
725 1380
1340 1374
1548 1603
646 463
1247 371
418 182
1149 1418
1448 1454
488 982
883 848
478 1457
1134 773
607 809
1630 1234
671 349
1250 497
1660 1536
827 1016
731 986
886 877
594 1336
1974 1496
776 93
272 521
674 1329
311 491
231 1435
2 1014
281 747
275 1710
1186 210
185 1647
383 1806
1703 1206
276 1274
1477 260
1081 1157
1024 695
1983 1639
1069 1135
1930 1379
1910 329
283 1270
592 1739
1078 963
1945 818
1471 4
914 430
1915 1746
961 1744
1505 240
441 1563
1195 1123
1313 959
863 493
127 1074
662 1617
238 154
378 976
1124 238
443 213
152 1550
1557 1633
700 1930
360 1230
1470 1046
1189 931
1972 1795
1748 709
1459 1594
1883 1200
177 1072
411 1721
792 1112
487 536
1664 605
1160 264
1920 827
1328 1910
1173 627
1943 835
420 1562
976 1766
83 1872
1613 484
1715 660
532 353
844 629
1193 1322
1717 1593
644 1100
1291 152
405 630
138 731
652 74
1527 1328
1170 1120
1666 1168
1658 448
785 1084
1622 46
1464 1160
1500 151
1016 1630
623 1262
1009 515
1222 612
860 1658
1411 893
1577 1169
434 753
1620 560
1724 86
838 1703
633 908
1510 1175
1230 301
425 105
1225 232
660 129
1735 1384
805 1854
489 229
207 557
1388 665
370 427
944 864
1444 387
1944 1616
452 462
46 1488
814 1375
1608 1148
1071 849
703 896
15 456
1473 27
128 1310
659 806
491 604
1511 1189
1951 1942
1743 1837
1100 1602
853 375
1507 966
1276 1037
723 636
756 1679
135 1700
1387 1655
1933 785
483 1773
1285 1518
516 1159
1068 993
848 1695
1051 1541
1764 1473
953 578
564 1749
819 33
1239 1480
6 748
1319 124
1496 318
1486 1992
1258 437
346 803
1088 1041
178 694
1732 537
978 1896
1709 1318
1235 164
1539 268
1814 869
1113 1542
146 891
729 253
1402 555
1360 1391
1820 1335
511 39
874 1218
986 1253
330 1688
1209 1567
211 1534
19 209
1205 1366
893 192
1292 1668
100 1250
1437 1762
550 1836
1769 674
956 952
539 471
1566 76
821 34
199 638
306 1357
1617 441
1928 520
409 985
1626 784
252 346
1048 198
902 1821
188 1863
165 948
793 1483
1817 406
1304 382
1227 579
967 1089
748 1432
141 924
1981 330
1307 1056
144 1805
1958 252
1706 179
241 1372
23 1220
1449 285
446 1546
1398 899
708 1463
541 894
1644 519
1646 1263
91 1128
1531 1738
1785 580
397 644
342 1517
1330 107
778 1453
417 715
8 1065
1096 87
1207 1561
43 840
1587 1671
1323 166
1520 459
600 1099
210 619
634 352
1172 1395
7 626
1357 1649
852 563
919 603
1041 508
747 1403
1901 968
363 1134
993 904
804 1785
1404 1723
1759 377
1907 1005
695 1223
1888 1164
406 116
1583 1931
143 949
858 1957
1567 49
1740 106
1667 455
1392 1988
1997 1645
349 29
714 1445
1146 1817
706 458
431 1866
186 1255
922 312
1955 1191
221 1792
1908 1781
331 1201
1380 1461
896 1524
1878 1431
1624 1421
1962 1544
1545 1719
1011 994
1337 1535
1275 1171
1152 393
459 1413
774 1187
1054 1032
438 1205
593 1799
17 1499
1541 1624
1107 1370
1280 1119
1619 855
680 56
1245 332
705 320
882 1734
1524 396
693 852
440 526
1880 190
1967 1025
931 189
647 1682
449 1555
1226 760
640 859
1936 815
1012 863
243 1950
1106 1820
1679 680
887 1643
612 343
676 1394
1300 759
907 969
921 1638
39 712
1992 1197
1297 1579
1669 1790
1672 945
61 1763
1712 883
149 1321
106 1595
1450 798
1896 1574
1093 538
73 1862
38 1702
301 1283
1702 1192
995 1039
605 587
82 7
388 10
523 513
1839 351
1723 1686
1461 1646
1414 303
1537 1213
1884 1678
50 844
456 295
758 1154
1868 1800
581 1987
180 315
712 125
834 1525
818 1919
1993 576
1453 1990
872 677
631 1865
1625 1737
57 321
936 568
1458 551
811 1890
1415 1769
1696 1042
259 381
980 637
78 411
925 608
1790 227
1739 1750
12 1716
1881 1105
1788 1981
790 1537
800 1926
49 88
1072 1392
1636 1485
236 1995
627 128
1272 965
413 212
155 197
367 601
556 1364
707 490
750 569
1916 1307
1957 325
280 642
348 342
1302 611
1544 1481
419 1006
1354 873
1977 426
1615 1747
1359 1288
430 460
1043 265
836 734
308 1356
1216 254
1691 796
1187 1897
1535 1066
672 1305
1154 1458
616 1634
1605 1742
911 1224
94 1177
170 577
427 1051
493 1915
322 1259
575 492
481 922
44 1444
1598 1438
282 989
369 51
1271 1921
1129 1599
1783 248
31 6
290 1352
125 172
1903 1952
65 1069
96 1959
389 1038
737 453
1211 1834
120 1758
557 1093
1249 714
332 769
704 1697
1213 468
538 134
1877 745
562 280
1807 1704
1042 1909
1851 1680
1781 1390
1550 1628
1237 1044
1652 1371
1284 234
60 1034
156 422
1436 688
574 690
754 1411
1559 1416
690 1883
305 142
718 489
475 50
1476 783
501 1081
1586 1452
263 1780
1956 356
1862 314
713 1258
1842 570
1192 1265
1243 1755
1251 1864
359 1979
820 1062
1589 1426
16 645
1452 79
1562 1714
69 1470
666 133
1867 1767
1654 1029
518 804
1761 833
1384 1589
1483 1918
942 1281
1869 428
297 1254
773 1841
780 1964
1599 900
835 191
323 722
439 1502
497 1681
492 1803
1020 903
1203 447
1405 14
597 621
1641 1271
673 1249
1747 766
529 1474
1778 1882
1329 123
626 367
1017 1945
338 1810
692 703
1899 652
1934 169
1603 780
1324 1672
546 1701
1145 631
468 750
484 676
1002 728
955 719
531 1725
477 662
1301 992
1000 1924
113 1985
665 1174
1563 1367
519 961
260 1183
109 1582
1101 1208
1040 60
1351 139
940 917
1918 170
1887 732
679 1819
25 1698
1013 91
1665 1770
217 1683
1856 1514
1312 1355
250 507
123 207
270 1345
1181 1450
1627 1236
1751 805
271 1214
208 137
1151 1465
14 1443
121 1608
1075 177
1432 1130
442 1266
166 464
1178 826
1774 1311
533 510
1327 738
923 1559
295 1106
1494 752
1092 1225
1293 496
447 710
102 1060
1893 403
220 1756
40 420
1821 22
1964 20
158 1408
654 749
817 795
1986 358
126 1251
1757 654
232 1667
1025 369
1638 1247
1363 48
1157 1181
424 495
1762 1122
910 607
1988 1935
1130 870
798 1161
1342 1794
104 971
1770 1812
1270 1020
1813 533
1635 1968
1684 1359
230 764
1 279
1191 851
464 395
1074 1827
941 916
1590 1430
1978 594
92 1717
1325 35
510 1784
1616 1807
179 215
1112 1467
1347 293
991 906
1826 120
13 1326
1509 1449
920 512
899 19
624 102
571 1938
1108 1170
129 622
1462 1091
879 1000
1734 584
1801 376
381 889
1400 937
727 319
1158 1133
1290 673
525 530
110 408
1156 341
1377 1560
1681 300
1756 1290
469 326
377 1613
1007 1531
1719 879
162 942
687 55
1200 1654
1105 475
89 167
368 1276
24 499
1990 958
407 1967
1543 585
1688 307
474 1167
971 532
639 735
1153 1468
1579 575
451 1222
1753 1858
1721 12
536 479
957 11
1148 980
1947 1049
828 829
1095 178
1655 1317
1150 1956
738 1140
1991 401
1946 720
1196 1358
905 566
1940 1804
560 1232
97 494
1283 1796
1127 610
1465 657
134 1730
1779 1008
839 698
219 1515
1201 1092
735 271
1725 1490
1030 1138
1248 628
1776 951
1786 716
1771 615
1010 524
875 1726
1767 1209
619 1775
1810 1456
1077 743
77 831
808 261
88 66
494 127
64 1869
80 1199
1833 380
1673 311
1864 823
1399 1476
1179 930
599 1314
566 1662
183 1235
1267 1509
1822 1033
201 912
859 84
651 1017
743 691
929 667
1493 559
1147 880
1802 1320
255 1845
779 1331
549 1989
416 838
1716 586
1358 1923
1797 1027
1653 113
350 157
257 109
448 700
1714 410
1087 96
1212 1035
1133 1913
997 1080
1055 1707
1070 881
463 525
1253 505
498 528
226 656
682 117
742 1285
1555 875
116 1940
1882 693
788 1007
643 417
1538 1776
933 42
1525 890
1045 668
480 183
445 61
1309 925
1381 385
1244 267
229 756
1917 901
722 83
1512 194
1596 1244
1726 5
79 921
54 71
224 1947
189 1585
35 1240
1844 1522
1905 1902
1661 1198
1713 807
1518 8
1600 239
1279 1466
1874 861
336 1614
1257 1487
1780 788
1701 846
791 1079
1895 465
642 13
1367 69
472 1261
658 1085
513 1986
831 92
435 251
1202 442
984 717
59 542
1390 1242
1260 284
1921 1898
813 218
1401 1521
1438 153
242 1685
1425 696
617 653
951 24
1389 1327
1057 449
1892 1615
131 1001
689 58
72 373
715 1824
1424 1736
1796 936
313 781
1050 1676
744 746
699 1631
1353 1427
1167 1809
544 1731
534 472
1103 623
629 1207
807 983
1610 1847
171 1057
1873 202
81 440
465 1067
1662 1215
227 122
192 1889
1332 832
504 1126
822 1547
1015 64
1632 1365
1565 757
1676 828
75 436
1777 506
479 1153
1836 478
1629 1580
1259 1508
1633 742
1968 219
500 1604
1482 1963
98 1543
1825 755
101 1393
1987 421
767 1745
344 1825
1132 231
1995 281
985 1516
1628 564
352 974
461 1523
1144 247
587 509
1498 1751
1382 1297
1697 1673
1674 550
1126 1378
1194 1852
1410 1401
187 3
1159 317
32 1611
826 334
1228 854
384 1190
1039 40
190 138
1588 979
1663 1497
264 1316
393 1573
247 1440
1370 1642
579 1115
365 787
998 1588
62 1385
1059 1960
526 1195
906 1830
610 1228
681 789
1631 539
1176 1641
946 362
1803 407
603 1540
1311 147
1699 599
289 599
4
1 2
10 9
9 6
8 10
63
202 472
530 740
490 371
433 333
641 673
284 798
301 516
111 5
213 717
733 4
859 454
320 488
12 280
274 104
914 764
314 889
812 81
51 679
593 863
678 296
22 607
242 127
76 211
286 870
764 160
346 431
272 16
993 814
382 167
671 936
745 35
240 951
741 932
844 515
956 255
481 501
305 36
285 439
770 221
884 714
328 859
646 974
95 633
539 73
826 854
196 639
387 21
129 392
28 39
211 580
476 129
87 60
14 268
787 481
658 783
349 98
202 391
202 30
202 856
202 915
202 636
202 838
202 425
49
1726 501
487 1646
186 967
1343 1616
794 1672
81 1371
917 1444
938 1061
522 679
955 840
1007 330
479 1412
615 1445
37 1875
945 899
608 658
1128 1734
1698 1328
1425 775
98 1474
89 198
305 1683
494 523
1446 1544
1608 1043
827 271
1401 654
1013 720
1688 509
956 1569
1860 1136
1289 151
1806 507
1062 1582
716 362
672 1487
925 160
842 1617
129 73
974 1154
1955 9
1941 239
1198 501
841 501
1894 501
1181 501
1908 501
1799 501
1580 501
29
23 76
55 78
61 88
8 55
38 24
70 35
86 59
63 4
33 87
17 43
95 16
67 68
73 8
81 65
21 2
51 18
98 63
99 9
53 77
56 17
37 71
66 69
16 80
93 100
54 7
47 37
23 75
23 3
23 96
7
840 567
716 656
538 560
286 723
160 567
801 567
878 567
943
2000 1402
1033 1105
690 360
1790 1495
286 147
1546 1802
487 1890
1962 866
1545 1868
1158 1393
1753 78
790 425
1987 588
951 1340
80 1911
311 1523
1779 173
1347 542
467 623
1823 737
1904 331
177 1858
1726 427
742 912
386 1820
812 875
321 1557
163 405
1455 296
1512 1022
1281 714
504 1258
1228 143
1094 995
980 1307
1841 1845
990 1590
1495 757
1205 1164
138 445
977 1734
1899 73
1457 1121
1106 351
1981 704
1532 1526
639 1678
938 1899
895 1876
1948 266
438 632
608 362
209 1184
1236 248
1256 701
1988 1922
1034 1632
247 59
7 218
558 838
288 814
1258 1378
289 446
94 1859
1022 1781
777 1427
783 1150
802 190
267 670
691 483
389 1693
353 196
1241 389
1860 1101
761 1659
1338 1763
25 257
1329 343
407 698
158 15
8 258
609 1695
2 956
1462 788
789 1044
1066 1945
68 637
1934 712
962 1162
1233 884
425 443
317 1414
131 356
136 293
1557 1514
433 1048
1781 153
995 1927
430 462
106 672
570 1956
1608 743
344 1544
1070 1654
1499 370
943 1038
42 1254
542 1691
1565 1779
185 667
1333 1328
1590 969
1486 1189
201 1388
171 1628
1529 753
480 1670
953 1248
263 493
1733 1436
1383 1367
514 108
1540 1675
1592 1081
1989 842
937 1576
282 1102
1223 44
1653 1420
360 1991
100 1050
1940 366
1337 1206
164 1536
643 1970
1296 241
228 957
90 1873
861 1939
1742 1944
769 1696
1938 860
546 735
1939 306
1763 374
1655 401
601 1708
295 41
1923 1009
1216 1167
579 465
155 1982
997 359
69 1796
499 837
698 1351
1609 1984
712 1488
1649 868
418 660
794 1293
1479 946
1250 477
1084 1008
521 1505
274 1244
1188 295
1315 1274
596 229
1914 212
272 1569
771 440
1108 163
1670 1988
40 1559
61 263
973 1377
1639 283
270 1656
449 577
1131 1088
313 1099
1004 928
1967 171
1574 1027
1306 386
1267 371
613 824
63 1374
306 1758
678 907
957 486
1619 1346
1099 1751
1945 854
592 635
1298 1893
406 1527
835 815
1946 14
152 694
1441 1023
975 610
682 471
261 598
583 1158
1036 787
89 142
308 297
162 1778
260 1549
1276 785
456 657
1665 1784
52 933
436 1801
1435 97
591 725
226 1143
967 1141
1569 1192
928 1535
1926 1971
869 361
858 583
1498 1409
1369 1208
1007 1303
1506 1382
432 337
1834 805
1689 1290
1325 1275
1055 1197
1400 1705
1544 1169
781 1075
182 595
1235 1826
1356 17
394 636
1485 1954
1796 322
1389 409
827 1593
471 1300
1052 104
1364 9
873 166
362 600
1402 1084
753 1977
916 208
1788 1039
482 115
1377 1930
961 746
934 242
293 74
1671 1906
128 1564
840 1968
1873 1119
41 1814
525 1063
492 1838
992 749
622 1994
713 1568
809 1975
725 188
169 1445
1621 1107
1568 565
87 230
1652 807
105 523
442 1134
1261 299
1896 364
1658 806
200 1580
1372 228
660 1646
821 1242
1313 609
1301 198
719 1753
1312 124
1614 885
1636 451
1365 75
1226 1344
1977 161
1718 1123
620 1031
77 1657
1375 436
1280 1849
1487 713
1344 146
1833 89
1504 925
1316 1605
316 1161
1358 899
888 1674
1769 1262
1686 1844
743 1658
1482 1284
1009 1304
804 1640
1930 1918
498 1730
1846 472
1231 1531
734 52
1039 1717
1969 387
846 1261
1135 1712
416 971
1341 339
1767 388
663 1764
1843 114
970 238
342 1798
1870 1135
1187 1689
483 816
202 367
1350 1034
19 1233
1215 133
343 135
1937 1250
1773 407
1616 311
1090 656
910 1199
976 1567
582 1651
797 521
1380 1792
1678 1219
1690 997
1736 1451
1514 1136
636 1190
1563 1997
1062 1565
795 220
1412 1901
1827 1092
243 1459
269 1823
828 1924
1776 1952
232 1127
1473 20
1729 1362
1598 939
39 759
17 1310
431 1384
889 11
754 313
1292 1724
1778 215
1490 494
193 431
1875 778
805 1095
1751 1645
38 1228
28 1479
1888 1093
27 1043
1963 1697
214 1177
906 1759
959 1638
1229 1325
1086 1819
738 1221
1583 1788
1031 49
1252 1086
332 489
1693 522
1674 1749
1190 740
524 363
420 1626
614 375
560 250
800 1698
1214 357
942 433
526 72
599 673
368 1178
1295 904
1105 1986
114 1953
1355 736
728 350
825 1097
859 1316
1434 118
1197 593
932 984
1880 731
1679 1447
1013 1920
874 324
1595 572
191 1770
57 1035
1750 849
1248 1280
1530 422
460 891
1728 1089
1035 122
1142 414
1589 1529
778 1987
137 993
1279 1449
1663 82
1933 1532
205 1521
159 843
349 1073
1979 893
554 316
363 1718
1593 530
538 88
1305 123
241 358
23 1993
329 919
1433 774
1079 1055
1559 1735
702 1711
1892 655
70 886
1524 1166
1620 1210
1630 4
1503 1783
1407 1836
676 1652
1125 1312
256 1386
345 1264
576 1848
911 1629
396 719
651 1602
1395 711
1848 934
956 1551
1179 1756
1175 307
1800 1929
1340 1938
716 1875
572 37
838 692
1470 1607
111 1552
486 1
1553 1296
1566 479
1010 926
1889 1329
1701 1318
518 582
586 1337
1533 383
1832 1330
1526 1642
59 645
72 281
641 1684
1049 959
1836 505
446 1661
1673 1603
1786 1187
251 1383
764 1534
1405 1630
1682 53
555 1720
1232 1014
1381 1947
1028 268
1317 1171
402 398
314 403
870 1236
66 379
479 1611
1884 1878
383 983
879 730
124 858
1091 150
1819 585
167 810
900 1298
448 1437
1452 64
915 1587
1141 1241
996 516
1803 556
1818 771
1905 553
172 578
945 54
955 201
113 724
1890 1500
1882 221
92 101
1239 1582
584 435
686 274
1429 1200
574 647
1293 869
1203 6
1098 1108
1936 1457
633 1762
1618 58
749 1555
1964 1112
5 1635
655 450
1351 1278
1167 245
1401 282
727 1809
1633 1842
722 1673
336 156
302 619
1163 603
142 1847
1448 347
1507 551
635 938
1016 1268
1580 1933
1680 1757
1777 1497
78 879
257 498
268 1139
1650 1804
697 1224
1831 1431
1127 1725
706 1159
1418 852
1185 1824
539 601
134 94
297 1360
350 924
229 1381
1756 178
1161 1029
409 199
212 537
786 1138
839 162
1003 1612
593 1385
630 1361
233 819
1443 410
1107 1348
465 1904
1839 1415
1128 952
211 790
139 1979
868 35
1752 1540
1654 942
887 1025
989 642
792 187
1397 1817
1075 1885
1943 1205
410 1125
67 1533
1059 1556
1348 1411
91 244
1152 544
549 195
1878 270
135 1969
853 30
88 905
1745 25
1973 693
236 945
1477 795
1272 1570
1960 1739
1531 1198
881 978
922 1825
1138 1510
532 1425
1189 65
972 1650
516 1106
1493 961
594 107
1194 1380
146 756
1026 803
180 23
1513 1738
1505 265
43 57
1903 548
421 873
736 128
305 1069
249 531
175 1688
1942 310
1456 1575
1547 1404
1724 262
847 170
1986 811
612 1353
403 95
339 276
244 1713
755 552
48 1729
1613 1129
721 1835
1912 894
1561 47
253 1476
217 1366
1145 1943
1074 882
1382 1220
1603 1439
791 1958
1740 1989
1169 271
1900 476
1814 1990
1972 1766
1787 1808
1741 223
1005 982
20 1998
1442 1406
1211 1731
1257 1489
1881 1163
1263 1800
684 1880
213 1981
144 510
1578 1132
1944 278
843 1743
830 303
54 1010
1791 515
1198 792
1427 563
108 1047
774 666
637 1492
739 867
216 823
1030 1078
309 1891
1072 1477
695 574
476 415
714 880
662 1467
822 1074
252 684
1924 529
626 1180
1813 834
1240 653
29 1795
642 1448
901 1156
365 1863
960 1204
11 826
1586 512
1278 1903
474 1212
1911 612
528 918
1097 742
160 898
801 1561
281 1919
333 1517
1910 1122
355 1821
909 1356
1200 1355
1178 768
145 109
1497 760
324 48
710 1357
1999 22
985 16
740 448
45 294
939 567
1651 1539
435 679
112 527
623 1702
1468 430
15 1925
1958 1995
520 1578
1447 1407
1610 1455
46 1214
1817 1463
1770 1857
746 1774
1288 1443
85 335
1863 420
1913 1230
1283 400
443 889
1391 902
404 762
400 930
1120 571
908 576
96 1728
1550 1896
224 1056
703 1706
1604 865
1511 535
149 1434
864 353
109 862
1772 1462
1631 566
1685 488
1850 1485
1410 210
1019 1079
1611 661
1534 517
1815 644
1020 1501
10 328
468 1350
1021 186
1732 1062
33 292
917 1193
1879 839
1641 219
767 1354
1426 13
1210 18
699 34
1537 1692
1696 381
1731 120
1606 1879
1080 2
83 251
1702 289
1523 1364
720 1959
723 315
1247 267
1734 1390
1453 732
168 1040
184 1554
1627 561
1050 1104
672 193
876 697
1320 876
964 454
1916 1130
1771 444
303 323
1749 36
341 1154
688 148
424 469
540 999
1802 1897
1656 555
517 906
1730 547
1451 333
918 1841
919 1249
1388 1432
1444 1033
1201 922
550 1834
1431 1507
1121 514
668 575
1416 475
832 974
133 69
1927 1598
1706 1722
689 1850
1324 1721
283 1291
979 467
366 458
1217 1950
472 1715
826 1037
1353 46
1821 100
387 1978
194 775
1704 55
1527 1806
927 1515
401 203
1327 1137
1067 549
189 1719
1541 720
1837 1041
107 96
1597 699
1542 1877
318 1992
991 1519
1284 31
1517 1917
717 1430
1213 1001
310 602
161 1091
787 1103
1688 1365
1459 738
1829 1921
671 1260
1287 615
752 718
186 962
373 305
875 668
836 1326
674 1631
278 327
1483 177
287 1452
1023 513
485 1787
166 722
1755 559
1582 1422
766 372
1997 80
605 801
1716 40
455 845
1002 1791
598 998
1374 27
1063 1745
1068 236
153 1345
842 1165
1481 1620
496 1589
841 21
192 1183
666 1685
1952 1111
894 911
1761 12
665 1790
381 50
290 1865
1184 1923
181 658
1928 382
762 256
154 1908
1993 1126
1996 1402
1122 1402
1133 1402
763 1402
1638 1402
1207 1402
1168 1402
1798 1402
1437 1402
1705 1402
745 1402
950 1402
132 1402
1707 1402
246 1402
1720 1402
22
35 48
47 73
60 20
79 34
44 6
75 33
72 99
82 39
91 30
46 9
59 18
33 72
95 43
41 14
53 11
2 89
22 58
7 82
6 36
78 19
50 95
83 41
5
10 2
6 4
9 6
5 1
3 2
950
1019 1893
1026 646
1197 1149
1810 1731
1431 699
1386 375
648 701
420 1291
1925 13
1964 11
1135 1025
1380 1507
711 645
125 1945
1388 358
397 20
1313 65
421 1654
223 797
304 1176
1540 957
1271 826
607 1924
1004 825
86 1243
1141 217
877 921
524 436
1298 1987
1177 533
1092 965
1091 747
365 1667
835 1443
1448 1424
963 1256
1831 1905
1926 1426
1293 1057
1316 543
862 848
1414 623
837 692
1350 698
1526 1134
1115 1366
128 639
390 1379
242 1593
127 1414
1171 184
1797 643
753 520
424 610
1551 724
649 582
1724 2
1866 754
1788 1697
1834 1317
1792 746
1076 908
1357 1708
1518 237
325 1515
702 338
840 1274
1940 124
561 1752
343 55
1608 993
526 1127
81 131
154 313
652 1465
1800 1246
1967 468
1296 482
93 1
295 1588
716 1840
815 1112
238 766
1015 1360
480 1032
1569 1047
1863 1797
1180 102
606 40
1323 195
1129 657
1974 1985
201 98
844 1020
481 15
940 1428
1024 1310
847 350
1033 1754
938 188
463 1829
1567 1124
1292 1984
57 59
1636 1305
13 578
1440 1156
310 374
1886 1456
1583 1944
1168 1174
1392 953
1375 571
34 1848
998 1382
1700 247
634 246
820 1008
1384 934
890 395
1377 273
1005 1680
656 52
1102 1438
1373 690
1616 471
1994 753
1127 322
1097 580
1933 183
1860 941
1586 424
854 310
513 1128
1871 930
1278 1668
557 1966
1760 209
92 727
1666 1359
812 1336
1656 460
1658 577
767 522
1737 1229
284 572
102 1896
1252 548
500 455
1572 277
1836 726
1962 1400
842 1675
808 1369
730 648
924 1950
1082 631
1917 1517
320 604
1243 1313
1690 563
431 470
975 1869
184 1780
1629 914
1330 1372
1426 1486
306 1255
1175 516
1051 1249
562 744
668 1993
1902 500
1510 1860
1039 1727
1224 987
1752 1083
1358 224
1456 1431
1206 556
597 21
198 997
1074 1409
27 85
1335 317
1408 591
58 739
1303 673
91 574
1210 1979
70 185
1842 202
439 843
26 438
1870 122
182 1181
1747 349
1023 1977
891 328
1815 503
174 688
670 1004
124 371
349 1433
1849 1278
682 1251
618 713
1435 34
1595 1867
367 229
1647 199
118 1114
1506 558
1056 1801
1016 1404
1767 1664
1159 1930
876 966
700 463
856 981
1407 14
1324 1358
292 86
159 935
807 1807
1095 658
625 816
580 1146
863 594
218 559
1145 1556
1782 579
1105 1493
1412 674
1393 63
1543 1783
1160 269
496 409
1740 1908
290 977
1625 1921
866 1435
446 1323
941 916
392 1859
766 1126
273 1340
210 1954
339 205
1368 62
563 513
1824 1468
470 117
1218 601
1617 1406
1484 1986
627 612
1714 1135
1481 1617
775 596
525 996
1879 24
411 1548
960 1204
1444 1381
961 190
612 532
628 547
213 939
692 412
303 1277
999 1276
1597 860
1441 1729
177 1813
499 69
191 1252
145 505
1817 1138
1269 1319
225 340
1739 1040
880 43
779 1387
300 853
1634 821
1825 299
1953 1021
1425 377
448 687
1950 324
1654 164
143 465
462 1584
17 1552
1947 1245
234 406
1037 1648
1993 808
1209 1477
685 197
1991 1959
1077 1370
771 342
1521 48
1748 1297
1235 1044
633 862
1900 749
314 1650
728 1843
508 1411
1821 1991
957 1407
1391 833
1008 1285
1398 491
1534 1211
14 1861
1173 127
703 681
1428 1152
643 1195
1523 1842
1931 881
1775 1992
313 1437
1339 1749
1261 1172
1239 1876
417 851
887 586
778 1060
258 902
1086 267
1736 560
329 1947
423 1895
1516 1868
376 1738
1808 193
950 743
247 1875
1233 1482
232 982
1882 279
1126 1518
928 866
1496 587
726 956
614 17
729 1296
358 1187
1785 721
326 867
923 1594
1588 1550
1954 201
1490 846
1794 1589
487 545
1673 405
1123 1076
48 605
1579 1537
1094 1164
1125 16
469 1723
794 1676
857 603
1319 1461
641 1753
691 1221
1042 964
929 419
973 1967
932 707
1457 949
1898 830
1930 1242
394 810
1764 1064
1176 1799
409 633
1085 159
271 597
126 924
265 1698
286 213
1250 1638
1174 1018
925 806
40 140
1349 1785
1219 1447
278 1106
1826 300
578 968
340 472
701 1571
517 1964
398 1918
1594 682
1225 613
586 1787
6 1011
454 1014
430 428
131 620
1803 441
204 1090
443 125
896 1833
852 1150
207 399
410 863
519 31
330 950
1844 1029
1562 354
440 84
1674 149
259 1259
507 60
76 1270
1688 959
1410 489
1274 986
615 1672
1795 208
1532 1351
1652 628
408 467
693 1994
937 1302
1262 1812
1154 145
522 549
1114 378
311 92
285 1232
16 592
1890 991
1052 879
315 1492
1862 1197
268 983
1478 1919
1719 938
1611 761
1877 926
780 1344
475 1767
77 95
1276 876
659 1810
1982 1337
148 1375
805 1039
1514 499
826 1578
289 1739
1904 1111
1861 10
302 1724
822 192
1798 1449
348 87
1151 240
416 156
1727 1643
4 178
1696 1244
334 91
1524 1764
364 1526
872 947
749 473
337 1551
490 1827
1858 1084
1251 321
875 1208
1813 1324
1876 1989
72 1002
1566 1778
84 1222
1538 1606
1970 568
1705 1529
838 705
1236 426
449 855
846 1990
1402 1557
1619 1796
969 1534
85 1891
281 345
1066 194
156 1641
1751 282
1167 1037
356 1961
1421 669
1211 1972
566 1353
458 1658
583 585
1960 1141
1369 640
1309 1555
1036 1541
1969 974
1965 697
1528 827
246 182
967 958
1383 1608
176 837
489 1316
1580 1951
1971 1715
1854 1341
1231 1001
681 1298
673 179
1081 271
112 1390
1987 1635
7 1952
192 123
1172 1659
665 624
776 1613
638 873
1499 1999
1381 1350
1722 369
353 25
741 1514
1281 973
1698 1962
1589 1917
559 29
1618 656
1153 976
675 539
942 414
1762 372
1648 1339
738 348
1742 119
1728 780
1010 281
560 544
1012 39
312 458
1191 1540
1070 1892
1951 1776
104 1870
1894 225
1603 1909
79 1824
130 919
1915 391
836 1978
347 228
1207 1290
1297 942
564 1595
1805 450
59 1744
11 1691
1006 88
1875 878
169 1770
1761 1657
1607 1193
905 892
1107 1464
95 1035
931 1425
1217 906
1189 1078
921 1786
450 289
357 97
930 1423
888 903
1961 484
228 663
1352 1391
1379 1958
966 1960
1279 1321
600 492
73 1806
49 1998
1471 154
253 174
69 1072
1366 104
68 1300
832 944
714 1327
1179 204
1735 1587
515 917
746 1742
1029 1442
541 636
861 448
1627 719
323 1501
1047 90
520 252
642 659
1903 427
1689 142
1491 913
1322 552
521 1710
1149 1048
810 1873
279 621
786 1268
1843 796
1626 1554
1030 963
734 925
119 50
1561 1756
1477 787
920 1542
1786 356
64 1852
539 1105
1034 1441
434 115
494 1707
1791 1795
674 206
1436 1133
806 1189
1610 1427
1289 212
393 1679
1403 1521
1708 1704
926 1825
178 1260
107 1775
1683 1938
387 1247
680 239
1757 1815
1001 1430
318 1894
1570 1346
1581 1006
639 129
1434 567
222 1223
759 1115
1331 1546
88 1652
904 1467
1181 364
1265 111
1571 96
488 1367
101 653
828 23
1266 1385
883 1931
1301 1845
658 1544
464 241
1864 757
588 44
149 486
1417 1686
276 1884
747 850
1944 665
1639 759
727 948
591 1703
1458 1711
901 828
1781 1911
1846 1502
372 490
8 736
1146 1330
1777 904
1680 222
948 856
1194 1333
976 1034
1584 78
1513 857
1253 1971
1049 1903
983 829
1256 1389
1949 1732
235 259
1113 835
1185 1041
1509 1957
968 1248
977 795
56 454
1439 1575
947 869
317 649
1018 456
1598 235
41 155
472 108
1932 1230
1475 170
1048 671
1763 1179
98 1804
1494 1143
993 693
704 439
1387 1292
621 476
1638 573
985 1022
451 1117
735 861
751 420
798 1673
849 1074
1103 1238
689 616
630 221
951 167
518 33
1442 756
1067 1030
157 820
1144 1886
1482 1539
1164 401
732 898
115 823
1661 1616
1720 1234
1155 126
257 1871
572 1747
1830 1052
1362 1154
1508 667
1312 647
1399 776
1200 1605
567 1601
254 181
1655 576
1111 865
1554 1481
1280 497
245 1974
1738 1525
1463 536
1406 253
1889 845
1943 1504
1069 407
1564 737
886 1740
262 1982
1892 1685
170 1976
731 1855
1880 1095
479 540
536 387
328 525
1364 1789
1520 537
845 1808
818 264
1913 1167
791 1602
111 251
1687 57
80 884
909 1965
1535 446
903 1013
699 1028
1500 990
447 411
708 1846
260 1194
601 1932
1011 1699
943 1900
609 1874
760 72
696 1535
1715 518
1995 37
1053 422
35 680
801 1598
646 1640
269 1405
415 1695
1158 1864
531 575
1061 581
1707 1527
848 27
1563 416
1671 831
164 1929
1692 1294
399 493
12 1856
129 510
1811 362
553 1218
657 1705
188 1038
1438 1380
1963 278
1351 1677
248 1568
955 1969
1142 700
750 403
381 1209
1083 683
516 1946
538 849
543 1943
645 1226
382 1485
1454 1970
1080 211
1257 1402
503 767
1536 842
426 352
884 1136
187 523
1527 1623
1474 760
939 1577
795 1533
611 442
945 1304
227 318
1079 1830
992 1201
1246 770
873 386
1241 945
855 811
1400 800
205 42
1502 635
1938 894
599 301
294 1841
1945 1445
790 771
1187 1834
1213 602
29 725
116 1720
1835 1434
1025 1190
1869 232
570 417
706 77
1302 413
1606 524
486 45
1347 1365
1096 1393
1195 1031
1909 1674
964 1003
1288 1809
787 1814
589 1850
105 1735
1772 1897
991 1582
103 408
1116 1949
1790 265
1464 1839
1306 494
679 951
141 617
1799 1718
661 351
910 1655
1249 1161
144 1419
71 1202
899 488
1801 1611
523 257
455 1417
243 1817
380 1092
624 1100
671 1612
1545 433
694 1183
602 496
1137 838
1548 1881
368 51
1445 1890
965 1162
636 813
1793 923
1423 745
1895 177
582 774
1019 3
1019 175
1019 1618
1019 622
1019 815
1019 1766
1019 216
1019 243
1019 918
1019 1214
1019 1308
1019 161
1019 404
1019 443
1019 357
75
1905 1835
97 1922
974 1549
1931 394
198 13
381 1204
281 1553
1692 786
732 707
1711 1447
719 1167
1390 1234
763 1683
1680 1007
611 1607
1245 1573
1899 1814
545 1938
10 418
1273 1263
684 217
503 1063
1653 1327
1075 728
369 811
1540 515
1660 1671
1475 1470
1710 228
73 425
1404 933
781 1213
698 1953
1248 1047
14 1127
336 1518
203 1775
1903 1228
791 1540
1835 1231
1146 731
1900 1857
952 565
240 544
1213 1605
1356 517
81 529
99 1786
1950 337
399 969
1314 494
726 1971
1168 1551
1405 1023
1066 1026
1759 477
908 443
1852 932
856 62
1712 29
1017 566
1182 1427
1907 1515
323 666
1941 1136
1905 1651
1905 934
1905 963
1905 362
1905 372
1905 796
1905 61
1905 1574
1905 1295
1905 1919
17
263 784
920 280
506 79
908 297
980 95
112 824
955 124
853 250
316 313
630 270
650 454
859 396
954 868
137 747
241 430
79 784
344 784
13
657 1246
897 228
1216 1558
1477 1153
909 1559
152 150
1436 436
1454 1106
1772 535
112 643
198 1578
1498 396
1122 1246
182
1530 1819
1784 1659
1408 829
914 712
156 543
1243 725
844 1925
142 769
1130 383
575 58
93 1418
1972 1486
1162 734
1619 1305
957 810
1310 1025
1991 358
145 1931
1993 1250
334 1688
727 1514
1949 7
1484 141
1266 1413
403 720
1977 1147
1033 565
1035 940
976 869
1895 1772
1296 1137
1323 1057
119 785
442 228
913 1055
138 1876
686 554
1927 1848
1250 1758
1689 1262
1642 1862
1601 1972
1358 1034
220 21
1147 1316
1966 1603
721 1757
1135 109
1649 135
28 1256
1929 1974
1945 1626
708 983
196 212
1017 767
90 1211
1387 1144
1020 255
1798 1526
1482 175
1918 1575
678 903
1526 134
1393 100
639 1611
1835 626
112 384
931 1277
919 1378
1490 601
182 90
120 1527
1085 1127
1865 509
1193 1278
427 1263
704 1905
1564 808
158 1985
219 862
627 1216
1889 1121
1060 1692
238 1371
1531 801
1539 765
1507 1969
306 349
307 1668
599 1080
479 1633
1501 148
977 352
254 1136
1486 1123
1953 981
454 806
1751 14
1777 375
887 1789
681 133
553 428
617 1456
1535 622
1379 1294
371 1809
1431 572
1084 866
361 609
825 1799
1584 1767
1418 1669
166 667
1767 1674
900 1762
1557 1074
526 1202
1100 1908
564 275
195 1637
764 447
955 294
748 1920
1010 219
674 695
629 1156
801 441
536 1800
1076 901
1367 448
1180 1564
1873 1898
841 1270
1768 298
311 676
1948 1735
322 1595
1224 651
1794 1747
975 514
1861 1557
1329 728
1992 1180
1201 419
641 345
1717 610
126 1470
1888 1020
1691 1334
1650 2
1381 246
1372 400
257 1227
1512 1834
1105 1006
335 657
1559 1587
1858 600
692 86
607 1061
1922 1824
921 288
253 237
1119 296
1997 372
1920 568
1827 1177
1617 1942
54 1093
79 845
530 1866
897 274
1353 1168
83 1766
472 1062
221 1249
1841 1873
1586 1868
691 1032
1530 1350
1530 1784
1530 432
107
923 1909
563 971
63 1689
888 1776
644 851
1736 1485
1182 1722
14 1343
1482 80
785 802
386 322
567 1346
1271 1310
1033 187
1148 492
90 1323
163 464
29 1569
1541 341
768 7
432 1591
438 1127
1311 1185
1855 176
813 181
1345 1716
441 1525
1809 483
212 1187
624 1823
1137 553
170 1701
1147 886
817 1879
615 912
271 600
1043 1970
1212 617
1606 1363
57 1000
712 904
180 1444
1903 1410
1912 666
1636 424
129 717
1250 1939
1478 1663
1062 941
444 6
1552 31
264 1876
96 171
231 1409
1610 99
1306 1609
1817 1572
1419 1501
789 1523
1261 1910
336 952
460 1238
1663 1614
99 1407
732 637
1260 1763
1410 224
1503 1210
1016 164
1485 1387
1392 230
464 1680
852 701
1946 1943
930 1515
1924 222
1217 1775
648 723
1674 564
1768 777
593 920
327 286
1005 315
1318 860
1920 1552
1051 662
350 830
252 848
505 39
205 1758
1896 953
1089 1378
1933 347
1490 312
1405 534
459 738
108 1399
939 249
1561 1115
549 1845
844 54
895 645
1764 50
611 1087
867 1356
1512 394
653 1909
127
874 361
364 826
7 790
281 403
625 17
400 941
613 5
909 298
417 525
946 939
469 162
646 232
529 846
717 480
667 499
556 961
917 883
781 106
894 653
372 305
330 582
412 593
418 440
32 782
194 793
634 56
198 269
339 137
603 161
386 230
513 301
735 537
681 587
384 620
64 716
359 28
936 993
695 223
954 58
689 759
953 594
265 214
157 651
201 752
115 676
237 547
77 918
415 769
557 748
240 639
698 252
82 418
266 543
572 998
344 675
941 310
817 728
623 962
254 570
589 994
888 850
732 198
24 51
643 431
512 963
16 154
258 169
63 328
280 99
79 507
408 7
830 471
429 311
666 47
85 981
440 12
525 375
208 282
271 515
977 518
470 110
272 285
363 443
89 142
165 364
225 760
294 26
829 173
73 807
523 613
358 473
986 176
524 902
562 222
798 643
981 261
224 855
392 303
181 64
496 221
155 424
502 519
971 152
960 474
163 113
992 959
972 219
751 91
316 218
433 462
722 913
456 93
552 22
910 990
968 686
112 956
43 402
775 829
376 823
343 569
612 951
874 622
874 249
874 682
874 320
874 27
874 924
4
10 4
1 8
10 5
10 2
