163
1751 977
1637 82
1859 1152
567 1012
971 1593
1092 1335
1536 1597
136 434
681 1533
1567 719
1396 36
1983 1434
499 1804
1261 529
949 780
688 1720
676 760
1848 911
300 353
1402 1029
168 1607
98 451
619 452
1498 573
984 1411
1720 485
732 1245
1126 29
876 1166
1576 579
719 674
1939 1716
519 893
1216 73
1556 1070
515 1453
266 1772
1316 494
1995 1393
454 1653
944 220
1225 685
65 446
202 1566
1209 1815
541 205
525 19
308 1759
1143 1670
227 1928
326 344
671 134
1151 1694
1510 1069
854 50
1696 890
1577 951
683 1786
336 885
694 1038
1208 1936
1916 21
1937 1684
1295 440
1410 351
807 1261
702 1328
317 1119
975 302
477 721
258 553
1678 1789
892 1402
333 809
658 1221
1750 339
1729 1585
1923 1934
1582 629
1925 1458
1482 455
1508 1096
1929 1371
1969 43
1454 1097
9 892
1664 1331
628 1680
1778 1844
644 1403
840 1461
1051 561
1484 961
1009 1236
29 1793
1658 1216
252 45
1798 471
144 1143
154 1220
1591 1563
545 273
1900 980
1924 1469
1560 1488
1673 46
895 499
446 228
1715 320
1799 584
419 1924
1950 1191
533 1548
1142 1655
1010 172
219 1971
1329 753
238 540
1223 1081
1633 1372
773 1946
610 778
1289 1353
473 468
14 297
896 83
724 995
1327 773
1676 1707
291 272
17 1184
163 39
860 1943
1804 1421
1283 782
1846 1155
824 148
608 1567
868 1991
1464 787
240 927
1449 1089
626 1344
1227 1438
629 1213
1303 874
1205 962
1064 673
1948 1825
1809 311
742 1412
891 989
1550 1527
690 1348
1725 1522
274 13
1241 372
1640 965
695 1638
924 1835
1290 323
843 977
1586 977
47
259 24
921 486
60 758
990 476
133 48
479 139
872 942
715 953
608 932
48 522
954 87
13 211
673 260
893 477
844 331
595 457
956 509
434 212
995 487
212 341
707 566
843 446
987 312
226 403
231 746
810 23
291 35
344 715
646 442
654 105
74 492
901 998
351 722
301 707
1000 81
891 542
162 24
91 24
508 24
850 24
325 24
569 24
192 24
821 24
626 24
649 24
232 24
49
286 367
873 2
215 290
35 519
375 337
334 503
227 120
140 946
420 959
560 601
31 500
851 715
681 983
562 676
475 400
907 87
880 475
113 515
472 31
987 95
807 731
69 936
827 244
123 557
383 150
460 773
668 104
436 343
73 508
624 32
611 496
860 188
976 619
312 69
477 884
825 873
354 82
297 737
829 65
403 821
55 952
282 840
587 762
771 874
81 207
286 714
286 824
286 30
286 753
484
1216 958
621 1304
237 181
584 1885
1461 374
1116 1689
1327 769
405 1500
674 1375
92 1042
1503 1822
1270 684
1130 1796
1237 1211
1235 1927
417 632
604 1859
1587 1621
1285 481
1277 1236
354 76
846 1525
1981 1342
1322 1439
131 175
1793 261
205 1454
1267 1468
1598 1731
1974 890
1635 29
747 937
234 1877
1124 1490
1886 1494
1719 995
735 1967
812 413
571 712
769 1863
690 362
1332 83
1383 728
84 1843
1999 1884
1164 60
1402 395
164 1609
728 1150
427 1503
1619 513
1760 1119
752 1650
1248 1942
892 1683
1845 697
746 1032
1670 1471
1217 93
1533 343
763 1721
1170 1582
27 516
1113 1279
1104 903
1365 27
1829 851
5 753
1596 634
637 1000
1691 371
1179 761
26 65
1483 1601
899 129
89 718
1465 1848
1272 1535
470 1794
614 270
80 777
1873 235
1243 1198
1148 1947
504 1124
1208 1904
1180 216
753 96
348 1209
1505 667
983 483
473 1699
422 523
1205 1367
842 1660
1728 252
656 1442
1271 1782
1775 952
1702 1521
171 1325
1024 649
60 695
516 1226
342 1611
1097 1522
1138 1792
543 821
843 1631
1137 1469
1877 1702
1496 73
700 904
531 1966
1595 1275
1982 1324
1395 1084
307 1964
1435 1873
968 111
1214 988
523 1953
139 776
63 688
415 1301
1589 874
54 245
1740 1593
78 1556
193 1313
431 784
487 510
429 998
324 344
297 1482
760 1336
182 1401
510 201
1780 1298
1411 1326
178 484
691 793
1678 127
420 1016
1552 740
1146 1202
260 1983
325 922
738 698
755 1708
1615 446
1120 651
308 1140
301 1027
539 1819
970 106
1809 377
183 852
818 348
1136 490
805 515
1646 1950
113 39
1848 1320
365 1777
65 613
265 1296
1247 433
1632 997
40 1086
773 263
316 1761
1225 1769
240 12
667 1693
33 1362
1283 1056
807 1266
396 642
1574 522
991 884
1920 870
758 1627
1991 532
1478 143
680 335
1186 1380
1334 787
1454 1628
79 1430
583 1429
1026 1299
1359 329
1620 1506
1814 1323
994 186
733 732
995 774
226 1242
440 1880
1630 1965
1923 1129
554 159
1429 1125
71 1920
524 1762
1926 577
798 376
1086 1295
1579 1670
857 1458
352 1091
1721 930
928 960
392 1744
960 1230
1870 1600
1654 470
1182 411
313 713
271 1115
269 1216
1701 626
1492 1080
394 1391
1275 212
559 1876
387 1534
184 1811
666 177
1899 1985
1722 1251
588 1030
1538 1205
495 189
585 541
1903 196
1090 1338
721 1418
596 384
1233 265
1300 1907
1727 1872
247 1504
374 1546
1534 1684
1956 1444
369 1222
1647 1846
121 1431
694 1791
253 1899
1695 3
388 680
1466 1037
1518 105
1612 1307
1603 1576
1801 284
1909 1438
204 1575
1761 1183
1034 1658
1174 1824
678 576
898 1562
448 223
1072 120
1743 1074
1882 268
547 980
1018 1992
1893 471
776 674
1732 961
646 164
44 1737
1709 1228
708 1578
1522 1975
1605 631
821 1103
1554 1902
128 1946
1485 444
1281 878
1009 502
1328 619
1901 1048
820 537
220 520
1141 1099
1434 375
541 44
631 640
323 116
1147 436
717 1816
1370 1624
1504 880
1004 1573
485 602
692 1280
1414 427
1792 1309
1152 2
748 290
1946 1334
1473 390
1600 545
1436 671
831 1727
506 1536
914 1669
1788 316
1042 1871
1655 1087
197 364
20 1999
1284 1524
399 435
1080 399
740 1137
1491 233
793 232
1828 1007
877 500
1618 1085
1426 51
930 429
1730 1180
1941 485
1183 1698
824 1528
1976 1066
1231 52
975 1422
296 635
710 387
1325 1233
1053 704
490 886
1109 341
68 1
1202 40
477 231
12 37
586 1179
926 785
1093 672
1173 166
146 1238
1846 767
294 929
1412 1241
168 1905
46 18
594 1101
384 16
238 517
661 1749
1261 892
286 66
806 720
1025 1577
1661 1959
1621 63
31 1013
687 798
835 1412
1218 630
648 328
290 370
767 508
1922 963
828 897
1015 1763
1111 1239
1451 393
150 950
426 1962
629 1679
62 1644
1242 1766
833 1856
1091 403
1611 474
890 4
228 1980
1978 47
1096 251
1502 1888
1307 868
988 1745
705 927
1245 766
449 639
1331 356
58 1046
1912 1501
567 84
847 505
200 473
233 1463
660 1998
1565 757
202 701
82 431
1246 637
874 80
579 711
1942 208
458 900
120 1935
140 1895
1889 136
998 1001
1073 117
1908 939
1139 1541
501 1410
762 1186
658 959
1575 1089
1865 521
1652 467
101 625
1223 763
1323 1248
443 1571
1161 533
305 1175
1736 942
1965 456
1749 124
1105 759
275 1970
859 70
1662 1574
482 812
1301 1961
21 285
1005 1603
1255 1327
1249 1174
154 340
946 1374
1738 779
165 497
1385 807
1260 876
1119 1317
1344 191
1007 685
339 1587
1510 1053
1373 1845
312 1407
141 287
49 1025
971 972
1353 1636
1336 1540
1342 337
377 135
1213 1448
1546 203
1590 1344
1410 1505
568 817
1413 1901
257 723
149 1141
1544 574
1288 958
1556 958
1669 958
455 958
1099 958
966 958
24 958
1317 958
1407 958
25 958
85
7 73
487 147
641 922
843 827
915 467
484 701
411 579
247 540
294 66
491 290
505 720
717 342
958 158
830 925
867 746
165 357
910 878
497 753
601 487
826 882
597 641
223 569
693 78
793 25
551 372
257 892
117 794
506 116
84 186
687 808
992 986
688 7
696 233
65 647
171 839
579 406
309 691
288 187
180 929
43 261
144 826
16 361
850 742
670 804
327 709
863 179
806 19
563 385
193 873
53 162
420 332
526 368
638 739
684 901
701 862
277 272
290 686
729 871
707 325
29 893
318 1000
423 682
594 100
981 492
802 451
710 867
550 796
292 502
721 695
956 749
455 857
725 991
493 146
7 587
7 363
7 577
7 169
7 748
7 392
7 159
7 942
7 698
7 132
7 444
7 269
5
64 68
28 63
4 27
64 8
64 26
2
7 8
1 8
3
7 4
1 3
3 4
248
116 358
765 160
573 131
319 937
891 161
840 216
219 878
874 797
360 177
351 840
140 661
851 149
1000 349
433 647
675 336
57 302
339 225
929 780
364 163
427 749
714 711
284 159
654 897
815 809
384 342
779 874
9 246
36 217
222 590
253 575
23 650
80 507
267 480
835 433
600 793
245 779
826 934
951 588
872 323
138 737
493 652
656 621
797 707
544 525
418 818
459 832
783 837
72 618
569 119
556 116
810 451
194 263
827 778
897 457
342 542
454 355
215 617
647 201
206 814
608 370
246 907
542 380
914 642
409 776
328 514
830 908
190 330
478 109
660 562
881 838
875 488
733 412
614 210
249 129
813 182
508 516
877 125
825 298
782 266
927 446
757 353
880 766
759 48
513 379
214 539
257 865
634 259
241 822
69 768
84 956
353 658
952 423
322 712
642 967
209 66
615 660
767 612
456 964
491 960
935 848
964 842
159 528
730 971
399 870
274 607
401 18
255 371
530 559
432 193
579 511
649 906
276 296
250 35
548 415
846 782
311 130
304 725
819 830
92 372
330 544
291 439
529 324
526 233
199 508
674 417
861 79
177 165
256 745
923 345
122 121
78 753
269 535
296 335
996 15
196 7
941 262
628 602
53 483
114 894
756 771
816 47
870 343
672 365
755 11
969 808
792 734
937 823
318 178
60 213
292 127
997 910
896 36
764 665
8 108
447 114
70 543
873 388
713 589
555 27
624 537
956 103
73 927
812 227
968 139
687 334
101 173
341 592
2 988
582 311
991 389
856 574
519 153
422 915
283 885
915 939
857 930
178 568
133 309
975 798
627 99
920 183
834 560
404 164
316 256
974 100
108 147
29 366
588 56
788 919
661 180
312 603
285 283
580 258
638 509
878 477
821 498
858 644
457 145
125 226
83 990
99 13
727 80
560 739
700 271
612 991
535 866
243 989
134 982
136 849
141 168
607 211
955 557
251 893
161 585
163 738
641 356
630 405
636 410
263 723
237 813
912 925
221 701
559 194
564 731
970 229
443 224
735 505
464 357
653 292
479 970
679 952
965 792
494 728
467 935
793 577
116 666
116 414
116 714
116 88
116 136
116 605
116 789
116 492
116 899
116 955
116 520
116 14
116 85
123
932 579
300 938
990 982
935 172
423 198
178 979
410 866
227 705
650 316
64 912
868 353
305 958
412 207
265 422
839 586
698 678
474 280
266 658
663 389
952 256
758 970
831 690
569 293
12 941
825 121
238 79
975 741
351 384
977 425
150 170
991 120
76 276
408 68
708 775
545 189
498 42
19 837
281 391
381 562
768 642
169 103
549 127
777 971
143 122
80 211
350 525
313 325
809 595
869 249
409 848
948 244
534 110
56 12
87 151
529 414
955 479
107 520
842 758
937 220
686 617
369 115
61 910
913 388
344 832
646 141
963 744
516 202
946 673
251 733
993 282
336 97
422 146
262 730
625 283
261 43
972 174
610 769
654 350
220 326
460 498
47 729
204 99
538 206
729 646
515 372
221 737
794 783
845 454
677 942
380 439
252 485
484 6
837 147
427 67
205 922
356 346
767 418
68 88
210 802
630 464
54 239
968 248
550 218
374 265
37 814
832 133
999 33
180 694
695 798
544 596
714 312
997 289
334 748
393 675
153 818
434 460
148 87
5 981
55 150
400 653
932 822
932 592
932 767
78
1497 527
167 964
1717 219
837 1118
548 719
1909 983
932 1845
701 195
368 1429
1153 872
1302 1449
1183 317
1834 38
1755 292
239 1176
155 607
575 214
1011 5
899 1588
712 1653
1955 1121
1849 379
318 1185
1473 1325
1000 304
1084 388
861 1160
1113 495
1624 747
385 68
1486 1091
693 357
1462 312
415 1316
968 1425
1698 1855
1360 358
1358 568
1939 1132
280 362
562 353
460 1959
1083 536
954 1053
1533 1843
1828 681
278 59
1561 1565
1380 73
1451 252
1162 480
1709 7
1117 1172
820 247
1082 849
1261 1891
558 539
1891 1409
1852 1904
1782 225
1972 1712
512 1430
320 816
7 1954
1896 1268
475 1919
1860 1136
1006 591
1607 270
995 494
1621 529
949 610
482 1107
901 1361
828 1960
1863 1468
477 527
383 527
26
10 13
37 7
48 65
33 26
40 12
76 52
43 15
32 85
45 20
4 16
30 53
62 50
59 2
77 80
73 89
17 47
93 14
5 46
3 99
66 10
70 54
55 97
53 36
10 56
10 35
10 1
19
22 94
94 42
4 64
3 84
79 67
58 19
12 74
35 98
23 78
20 91
75 10
61 85
7 76
77 38
45 22
2 9
30 94
96 94
6 94
10
3 9
80 25
18 91
40 71
2 15
69 24
96 67
22 84
89 10
92 9
3
2 1
1 3
7 7
337
101 545
1943 623
90 39
1155 1877
1143 417
1707 1429
312 1708
1878 1364
930 1255
1859 1052
1252 1965
747 1796
1605 1278
1830 250
1537 15
1469 370
787 1841
1166 1424
22 722
105 557
1658 1913
665 606
1467 1754
1205 1422
1946 1659
1579 176
1394 1743
634 1839
1231 438
1568 872
319 1247
1094 388
1226 1131
1041 1263
1023 70
799 901
1963 118
254 1721
1208 1074
777 988
378 1484
1429 1477
307 1088
1786 1190
1866 498
582 620
1921 1621
179 1363
496 1403
1855 88
840 1619
1662 1168
1912 675
1237 1847
1576 239
644 1207
761 315
536 596
1200 958
696 1940
764 654
899 1310
1589 285
1360 1676
1087 32
1129 1455
1333 798
1538 29
1700 472
1534 1244
1715 467
1737 681
887 308
188 1979
907 121
1313 1666
868 582
1758 1505
542 1106
1585 1434
1056 1713
623 1662
1816 521
1386 1090
447 1983
84 1172
98 1764
1694 939
1330 744
1522 41
1319 27
129 886
1391 335
1674 275
1702 850
1151 1037
1844 766
80 876
1057 808
1653 63
1924 614
693 1432
516 536
1533 1458
1174 280
1396 1113
1296 2
1733 61
668 1651
121 87
161 752
1262 441
355 1317
1670 575
1941 1867
1787 669
867 1744
1834 1821
1955 709
585 1453
997 479
292 1543
1015 1142
1769 558
812 1966
218 1533
944 327
1727 1488
426 637
1972 1551
1471 799
570 1678
1643 1334
78 33
1919 1844
1117 758
1799 192
1180 927
685 1287
1592 1053
578 1227
920 125
263 149
910 1136
1595 363
286 965
1302 497
1944 1763
837 1941
626 92
1444 397
1637 1042
398 712
958 1685
1178 1733
800 1309
1710 478
952 248
1345 604
711 1362
244 416
173 779
1945 646
1983 404
904 120
1850 1591
60 474
1897 556
1019 1851
1545 960
1953 1957
139 1737
1367 195
1973 1658
401 1071
1994 1123
1999 228
960 324
512 1368
913 43
1264 1937
975 1055
1940 386
485 1939
621 98
477 1376
1365 995
1621 85
77 255
1613 233
765 925
1073 216
1006 978
162 365
1424 1338
1332 1166
1874 1641
673 1275
195 1238
96 477
107 1926
183 427
817 686
1531 667
1311 1534
423 1150
715 42
996 908
233 1471
819 842
1050 1908
1553 299
1242 1105
431 421
989 1905
756 1482
1158 1217
589 1485
1913 919
1692 1855
842 1645
1817 480
5 394
1815 1029
210 1738
1819 735
369 1103
1765 1063
547 193
356 1852
1683 108
1724 811
102 1910
974 1517
1950 1842
1288 181
554 162
766 1884
403 1897
315 1155
671 1464
443 1218
474 1938
1766 721
108 1611
783 579
880 1311
1456 839
1241 1783
441 1152
859 235
865 953
1754 1451
478 1179
544 1661
43 117
432 1118
1103 301
874 1794
51 1980
670 1271
537 1704
1757 1876
1584 1615
1161 473
1204 1447
442 1974
1489 1702
1163 792
695 1066
145 1280
1638 387
94 111
532 1246
147 1459
933 1002
1405 1774
540 336
941 1907
1848 383
267 973
1612 1030
1818 809
1991 574
1829 1971
1032 128
1951 1452
951 83
1678 1840
1065 565
1587 450
55 158
1698 862
1460 318
138 1630
813 1205
615 1371
44 1978
75 1819
995 605
34 1576
1301 1633
677 150
1462 771
57 677
506 1931
641 306
924 559
1385 1486
1635 113
418 1324
1497 1618
1392 1214
394 350
781 222
1668 1672
592 967
565 1359
1340 840
461 1598
1160 1560
143 1781
1381 1936
38 170
1968 1772
1640 443
945 523
552 1316
594 1091
628 406
326 541
1448 1475
1048 849
653 655
806 1986
853 545
1198 545
23
1287 33
129 1348
1650 379
170 798
322 1155
1023 52
115 234
1674 460
1855 140
304 749
1164 1104
653 620
1835 1969
1746 436
1781 841
773 602
627 183
388 1807
865 1909
1726 960
197 33
70 33
1368 33
471
574 962
75 1549
1471 1492
455 620
441 64
1374 130
670 1264
1078 221
1 477
813 1749
684 951
1941 1586
205 612
1212 1468
386 1690
811 292
740 1490
774 723
1399 16
1341 1026
521 761
1612 252
1688 644
1967 1702
1414 318
1174 153
20 1088
178 1578
1600 1682
930 124
1380 1085
1740 34
658 1474
308 1255
797 240
638 1429
384 778
1719 934
1956 424
950 1808
851 552
1522 138
352 198
924 1299
1759 1018
677 99
1909 584
211 742
57 84
1233 179
728 1431
164 1488
659 284
1827 997
545 591
409 1854
1596 1842
591 1770
1621 1406
1223 851
492 710
1430 1721
198 1418
1332 1381
153 1025
685 13
1867 1379
1952 976
297 217
1768 1650
1503 1844
792 411
1491 745
1485 1433
1226 1143
1256 1126
1718 758
1451 1119
1622 1279
604 495
1026 1603
983 767
761 842
745 1449
849 419
1859 373
1899 1860
1492 211
1609 1286
1563 2
1613 668
1325 1342
1617 246
1273 1110
344 1981
1042 498
854 1357
332 1480
217 607
345 629
326 1681
1315 204
1724 1776
113 1659
1824 1723
1359 1472
803 1786
1394 521
8 943
388 826
712 1677
990 275
888 564
234 1804
1769 59
1699 1198
731 26
1749 1775
613 141
973 1798
254 1282
151 558
1123 396
830 473
328 1332
146 142
1236 83
1670 697
951 1670
1861 1013
152 50
636 106
416 605
856 1866
1794 80
1475 1564
1039 547
22 1192
1266 1826
1461 136
1152 766
704 1450
1194 796
1425 453
716 655
85 968
1036 197
1537 1904
443 1419
191 891
1169 611
369 1171
1782 596
1347 695
842 803
1178 1598
1720 238
1603 1138
1102 1033
1156 714
86 1232
1695 1222
562 54
1674 1073
1126 46
1752 20
1985 279
222 1728
287 1975
67 293
644 1061
1411 1882
1748 1541
971 1745
433 86
90 1254
680 897
663 447
1838 1355
1277 1594
900 1154
403 245
1684 823
444 215
419 1920
886 868
1547 1561
107 711
1030 116
601 1516
1527 254
742 1039
130 27
1290 287
303 1982
279 1542
1508 43
160 1831
1336 753
183 1267
112 1308
1138 1733
978 449
1061 994
1785 1228
662 720
1343 807
88 1751
1206 657
1863 1097
385 1235
420 1705
678 29
814 1507
428 1772
1835 985
564 1385
606 1021
522 1744
1479 350
786 352
1692 314
108 913
1088 1887
477 1047
612 227
283 1816
550 387
1393 901
120 1687
657 863
934 1965
1675 533
1920 1810
1536 688
1085 87
954 906
465 416
1802 295
469 1098
362 977
1014 1280
382 75
525 759
135 1426
1672 1430
949 617
50 1746
812 485
1506 1505
1121 1841
5 1146
874 671
1424 1814
1844 1153
195 814
1513 1425
280 1547
1354 1059
147 722
268 1649
818 1867
560 899
1868 1036
1760 1709
708 1272
273 1221
407 1529
1271 110
1383 1181
305 1602
898 654
61 1752
1323 1988
202 266
1707 703
1211 798
1244 1415
892 1800
1746 500
439 1718
64 1788
1680 969
319 137
1604 1947
832 1285
155 1612
181 1260
1032 1325
348 1067
1015 1948
1001 776
734 889
1060 683
452 408
1145 133
1708 371
506 1120
379 1735
540 837
179 320
1551 802
618 376
915 1179
1790 342
1483 1475
596 1672
197 664
758 1335
1473 1392
204 1927
1243 37
500 412
400 249
301 392
1452 777
1429 718
1979 1072
1155 1621
859 1266
1535 1380
1433 621
967 1029
453 1626
1623 434
1101 788
263 282
1500 1420
1224 201
159 1400
1855 126
185 1911
1936 867
1842 1828
1143 1605
558 921
782 1832
566 1053
1177 1747
1480 801
671 1238
1947 1001
142 6
1716 365
168 289
1037 696
1703 748
317 1410
184 1464
1529 456
1787 285
1820 1486
6 1129
1104 810
10 1909
1966 1835
1505 676
26 296
1412 625
1606 311
1628 1331
1281 995
1922 1363
722 1534
1235 1942
1751 850
154 1028
1888 1771
725 1109
1283 1784
1576 202
435 1955
52 72
294 686
238 694
1541 1618
1607 170
864 666
1076 438
228 1397
593 3
1665 1691
1633 119
1185 484
855 733
136 1676
1038 1511
365 299
274 846
423 1470
1711 763
850 1532
410 898
1255 870
749 762
1241 1638
1557 1722
515 1194
660 1233
1292 186
1054 1557
1764 830
998 93
592 1035
193 1244
634 520
226 361
229 1953
1440 954
541 1281
1103 270
1023 966
649 1703
1762 1290
1299 1813
300 1220
1619 700
925 1548
1953 1546
754 1787
853 978
1747 1135
1832 628
380 1048
706 1434
414 407
1120 144
1062 638
406 461
1917 1407
977 1811
430 857
432 1219
474 440
464 790
466 459
1027 1438
1338 73
504 214
1761 964
1743 658
511 1044
937 1218
1075 1756
1308 1945
1591 535
600 1543
614 527
902 1043
683 316
630 1591
1353 1518
1192 1576
744 1803
756 1870
775 1897
1007 1226
1825 1113
1398 1657
1297 681
844 1217
1784 568
872 52
1261 226
1003 1706
1220 400
1293 176
1168 1540
1202 1856
1891 274
574 608
30
900 1981
1229 1478
119 1461
458 337
1331 1260
516 1457
1219 471
1420 1734
486 85
1192 1961
1834 1352
314 1664
1414 829
1587 328
1441 1896
997 1333
668 1788
236 1770
1583 1402
441 966
941 257
1295 1551
1601 476
562 821
1614 766
225 845
263 1981
731 1981
1966 1981
979 1981
481
1506 890
1120 842
1171 1899
73 1322
287 1078
1602 1230
413 811
1682 1993
74 580
268 1634
1772 1332
311 851
414 43
1201 884
517 1884
1000 966
935 1578
695 1179
895 185
716 770
1864 748
827 1798
362 1501
1584 1729
762 1913
1570 526
498 669
1477 1794
1742 1773
234 212
1210 355
634 904
953 736
1144 292
437 734
1221 845
1635 664
831 1943
1972 337
944 1991
1530 1932
581 193
1142 324
588 919
1620 89
35 1250
1741 1120
1196 1267
1242 1299
620 725
32 445
742 657
202 532
316 1540
1924 893
1332 248
1412 1357
305 332
1802 364
1446 705
4 850
1152 1627
553 1087
1087 899
1044 1808
1514 316
360 1786
1112 488
490 555
866 1003
1289 499
242 958
190 291
324 173
947 1547
892 1855
639 1090
228 528
1768 643
1067 1677
1518 1453
1919 1667
692 398
1537 798
237 427
1352 469
1470 644
1694 1142
255 1569
1638 1027
1042 1218
12 1397
1063 1361
1810 139
712 1408
976 750
801 1387
1553 1071
96 1912
782 652
893 363
452 749
163 1778
545 639
1319 310
1850 1919
804 1122
1666 165
1450 1479
346 836
164 709
1915 1793
1280 1797
590 1450
1360 576
92 84
1599 490
1606 1807
1392 624
1718 249
1098 1674
1022 864
1305 30
876 1617
1093 1789
28 500
1355 123
1839 1927
489 1441
1953 1192
1468 1125
540 1328
1050 833
1426 516
172 1513
75 1911
1523 722
631 1205
815 260
1571 1641
689 1018
428 272
145 174
936 1571
1673 1240
1648 1113
1406 1244
265 596
1216 901
798 573
491 1964
507 1623
1086 1727
1374 909
1542 942
271 600
1825 654
1725 1074
1923 549
992 1368
141 732
393 1835
1595 1803
439 300
1368 1675
44 82
615 886
971 891
11 1686
726 308
1942 1352
1629 1610
1379 1127
1789 1276
946 1582
139 627
448 1614
1706 1980
1413 1817
1681 1044
697 910
938 179
1745 793
142 1710
1182 44
563 319
1432 1303
996 1015
1208 118
1013 158
116 369
1191 946
319 1400
1779 163
900 1086
1342 1881
1897 809
1259 418
595 967
344 98
601 1293
1520 1261
813 233
1034 258
430 716
849 767
1336 501
809 76
1874 59
1674 1405
1237 195
99 1496
512 1806
1738 284
1764 827
325 11
940 1391
1875 1648
373 1214
1262 929
1354 50
1430 13
175 977
1245 1401
1743 1114
567 1473
1744 852
1302 1909
230 279
312 1319
1391 1362
105 1560
1567 887
23 1248
274 1639
1250 1301
379 1253
1176 671
282 512
386 1525
1438 1456
691 372
1693 1262
420 1653
672 1750
9 1880
1433 1545
1140 303
339 1354
1415 1754
1257 1661
1019 133
1822 132
593 347
1540 329
89 196
956 642
144 982
747 221
594 176
721 1611
1329 1390
1281 1687
1423 348
1235 1443
1961 685
925 861
1241 253
641 1533
1007 1929
584 1372
1668 1580
238 1054
1959 217
1218 48
506 1449
1733 1143
14 1954
1160 1260
779 712
352 1338
1030 395
291 969
390 581
115 1118
1372 1135
1129 1180
1809 1814
174 1772
1269 1464
1111 287
218 468
1625 519
1048 1542
134 1635
903 1307
1783 593
1869 1022
1937 1041
180 1310
548 560
1449 298
674 236
1195 413
1373 1564
18 771
765 1221
1818 134
1077 548
254 556
698 1958
1131 187
1421 913
1350 1950
1685 397
170 1359
295 1489
1038 787
644 1243
1089 1037
920 56
907 168
1698 1694
1624 1567
773 486
1652 1894
954 1168
760 1418
21 1504
1384 244
683 543
960 1080
382 92
1398 1941
1381 738
479 1177
882 808
748 697
627 515
1573 761
1232 380
1893 724
1978 630
879 155
1435 1069
209 1448
205 1472
1158 1304
650 718
1795 1407
338 996
1860 1445
515 213
941 625
1275 1283
1204 1521
711 1034
958 1062
1609 2
192 296
83 1439
618 1315
1539 620
1325 1378
1683 1374
475 77
975 572
222 1469
1549 1474
1403 752
138 1896
1248 815
197 1604
1483 447
686 63
1588 666
25 753
1679 1769
1316 1141
1073 1598
922 151
210 1119
1249 703
1534 1925
147 1222
1466 362
1078 616
1535 1640
1217 1867
1699 983
1587 739
392 359
227 1559
443 1851
236 402
1813 39
149 1216
1333 1575
802 1651
1451 766
1863 1246
653 1718
1376 911
1691 1516
1056 1719
950 715
818 1024
1387 289
687 376
701 365
877 220
527 1876
1696 965
1894 322
706 1777
117 826
1579 618
807 1920
500 1158
518 385
1322 564
1702 201
350 1235
1563 1166
371 1099
1253 19
939 368
8 161
1564 198
1290 661
111 142
137 1238
995 604
668 79
275 391
783 730
1479 947
193 1030
348 1760
1945 91
1396 498
933 1785
1041 464
642 1324
1485 1736
1037 1975
1603 632
688 1846
260 974
1505 641
1876 544
671 42
1349 243
402 1482
1276 1196
219 971
213 1622
1161 898
739 1755
1496 1554
1266 601
112 1701
1427 962
463 755
1165 109
1531 1007
1198 1006
732 768
561 1471
1148 1266
1135 186
1676 392
1927 409
1363 877
790 694
1632 590
1082 1541
1856 1555
1626 373
1618 951
334 396
23
554 113
1079 1349
1233 490
810 1329
36 1272
696 1636
437 1977
694 1359
1121 1116
1689 1094
1917 1793
1690 418
1864 1768
31 71
1688 1388
1775 359
1328 1277
232 1927
398 1622
401 1013
971 113
1423 113
371 113
10
364 351
226 219
909 100
104 22
586 246
618 214
572 752
364 700
364 681
364 162
110
502 1134
1352 96
318 560
1566 484
663 316
1118 1255
1312 135
1771 1755
947 558
460 547
270 582
1220 306
628 1170
1176 1854
983 1016
357 1908
1608 1456
1654 76
641 1431
1801 379
650 355
1243 640
1442 1527
1612 1185
998 131
610 747
1031 924
989 733
42 492
1494 328
1149 1701
194 1323
1827 1846
883 675
1230 418
419 172
65 393
370 106
181 1548
303 609
195 685
750 1660
514 1193
396 831
333 205
584 1763
1642 1859
1265 1900
258 741
1598 557
838 397
1532 1117
1772 700
246 903
418 1726
1513 1594
578 252
1192 894
226 1440
1564 1546
1800 1695
257 1111
1645 1519
600 1661
912 1035
1241 5
174 1551
197 925
1046 1317
550 1693
615 1499
1581 20
1152 1714
1927 651
581 691
1361 1158
840 1335
931 909
93 958
1407 1613
798 91
918 762
1602 1723
446 874
79 507
1098 449
1555 1982
1462 683
442 990
1547 1210
313 715
1809 876
214 1612
1492 1957
1086 901
39 1808
17 585
1202 124
1939 1560
812 1011
963 1866
815 1603
265 1742
502 710
502 1978
502 1881
502 345
502 1136
502 1791
502 16
498
115 1305
752 1840
1513 1884
557 1977
1604 905
1600 196
1473 1245
917 437
392 1595
1772 13
526 1039
1093 378
1766 1442
1276 751
1558 1181
1913 27
1834 874
255 473
1102 176
1934 435
1507 692
1564 1237
246 1751
899 1411
1953 1815
142 503
1936 726
502 1079
533 892
89 86
1948 1764
1419 57
336 1316
877 92
554 630
28 919
180 445
1885 371
459 734
812 1544
1608 1968
1959 655
303 1341
1798 914
53 1368
1157 1624
99 1892
1205 397
484 666
123 988
766 1000
1586 1861
1352 1234
1255 1465
945 821
244 1536
77 205
536 1689
965 280
1441 1092
1481 1503
694 680
1267 1186
1382 84
150 1078
1256 890
1145 958
186 1247
970 762
1008 94
905 460
1376 446
398 991
570 1062
1542 1064
803 148
1388 1034
1908 1805
437 1201
1807 328
1380 451
873 792
987 1454
819 1551
1514 247
1716 1401
1712 376
1878 87
1167 1467
1161 695
256 1813
353 735
863 38
1097 650
27 91
523 285
1032 127
26 909
1804 1708
1945 1513
1169 161
1620 28
1696 1566
81 188
1757 1918
457 872
1178 490
1869 1445
1860 1734
1667 1633
1095 457
1468 1297
1479 885
257 1360
36 1625
532 1930
562 716
1829 1432
939 1085
1033 1440
300 1693
700 461
514 1275
1650 916
349 1200
1266 669
1316 1873
1845 1166
1698 1565
1238 281
757 1171
1691 966
670 89
1486 1587
1020 1630
1374 1941
552 1982
176 1338
1916 534
1409 1539
1969 658
957 1429
545 1637
5 1211
603 454
434 428
1962 1638
1055 710
1460 1564
679 1661
1651 1162
1459 1553
1085 1634
1930 1329
817 327
566 1843
405 553
756 1504
1592 334
319 1558
1038 136
1887 846
1576 232
1697 75
97 1809
1492 781
433 243
1466 1842
1876 178
1417 1011
14 1611
396 1586
1354 1044
1239 1515
681 1009
75 1446
298 657
1410 1897
981 1797
500 394
1695 56
1694 1098
687 1156
1375 1339
531 54
1288 1981
889 48
837 1183
1186 1209
1072 212
1636 107
1880 1114
1550 1979
152 1549
1923 496
632 1083
1809 1750
1868 135
990 1606
719 1347
1325 1483
147 262
1069 466
621 1748
641 167
1042 1135
1724 1304
1896 384
1768 785
1723 626
844 1556
1249 1163
1808 60
813 439
1431 1640
497 907
213 985
1849 975
1264 767
1759 589
35 1441
317 77
413 547
1053 411
149 1860
1429 1621
76 260
1180 1795
338 1457
1253 1376
156 1593
975 551
280 1908
37 1555
1831 370
1345 930
1805 1224
426 19
843 1691
1123 1960
540 1870
835 409
1664 1232
1173 1848
729 1053
1334 1859
118 1563
909 216
386 418
998 1676
706 1882
352 684
153 14
782 904
1171 1858
316 756
866 464
1631 199
1903 974
1993 788
834 367
550 273
686 552
136 1324
1535 986
838 911
1114 1123
1420 1068
1207 40
288 1271
278 576
1754 572
1009 643
892 1430
19 331
577 1714
1484 481
768 1966
498 1951
1742 1459
1528 687
421 1395
574 1952
1515 1618
539 1542
1088 1236
786 1495
48 994
895 499
1858 1231
1425 719
713 1936
1084 601
1166 1434
1731 1537
667 4
96 1478
775 960
212 506
173 1969
1236 129
1729 116
1683 221
1326 536
1226 374
315 151
47 970
1110 915
1961 1798
339 701
32 455
385 1007
1346 128
1282 1349
169 121
1168 1090
1469 236
55 1354
443 447
263 1398
389 1002
1404 303
1177 229
1152 1480
410 1173
963 1761
1359 41
503 1819
594 214
1012 130
705 1410
1101 924
1965 1670
62 1872
265 1129
1994 1198
516 646
127 79
291 758
1774 780
860 939
1522 542
960 410
1250 1113
1610 1330
1970 713
639 1417
1614 332
404 1320
1816 512
46 1257
16 436
614 1361
1357 1444
1362 1277
911 708
1511 83
617 300
1847 504
473 1829
674 1919
771 761
807 1394
365 1532
210 1972
1984 612
1068 405
628 476
1372 582
1172 900
454 366
1400 1700
381 69
224 1073
764 725
1320 744
1611 1427
1995 1590
513 207
1086 902
1769 1961
1837 1413
384 855
326 1461
139 1943
251 237
1318 1935
214 772
1545 1617
1290 1711
1209 1850
1277 1248
33 32
1660 1817
1566 61
44 1810
331 175
618 971
230 539
1402 150
70 1407
1340 1871
74 514
1680 545
95 1659
101 1191
1358 1318
119 184
952 1898
135 166
143 63
148 1253
1775 1686
1866 1535
185 134
902 743
1900 1254
207 465
1838 1331
196 1519
462 1290
1456 583
1299 1448
1313 1517
508 1205
1960 1283
225 66
226 1422
228 320
234 783
845 1575
1029 194
959 502
1776 753
1183 305
271 1058
935 500
304 1655
563 160
891 1332
1235 575
521 1571
312 1520
1151 1584
1565 611
1292 1576
1771 845
1842 1076
677 1557
408 1421
978 1379
1502 1049
1725 1814
419 1877
1571 155
1778 934
456 1681
949 385
1815 424
476 913
1280 105
648 1685
878 449
699 789
1957 1922
1338 1912
564 865
1057 1305
662 1305
631 1305
606 1305
1568 1305
680 1305
955 1305
635 1305
1536 1305
689 1305
1727 1305
1273 1305
798 1305
1784 1305
856 1305
1996 1305
1199 1305
900 1305
1424 1305
934 1305
1176 1305
1058 1305
1979 1305
1206 1305
1294 1305
1191 1305
1434 1305
1246 1305
1291 1305
1311 1305
1983 1305
42
580 256
1696 1492
1812 653
622 1560
911 1217
385 1582
896 1359
1062 1804
1420 1204
871 1835
1355 1900
1905 680
1757 982
1428 806
158 1994
370 725
1543 950
1514 1234
448 532
961 1476
1215 792
1891 497
1782 768
1211 668
327 65
1289 1126
1565 197
852 470
1447 1517
528 708
1513 1221
861 1306
1568 174
1554 608
229 937
708 244
572 872
264 2000
1427 523
1126 780
580 117
580 919
