0.056924948365
0.024806946918
0.060137708723
0.039815727511
0.054616382922
0.070423053859
0.063218824369
0.091771006495
0.338081602957
0.297714980979
0.316557291903
0.026877336273
0.039107579422
0.111263376893
0.051676322679
0.056926491966
0.020789482867
0.086718493510
0.092142468552
0.067824676978
0.117537216982
0.148408681065
0.054204186926
0.025588030846
0.034737575961
0.099259989201
0.102133389248
0.090047219702
0.072622512200
0.070008216509
0.187246663744
0.114096214693
0.082650637677
0.092481835435
0.105168248972
0.114956697680
0.075043596312
0.061329655362
0.100892266711
0.066192321903
0.103673190746
0.118794236282
0.110776046093
0.111046068133
0.137054206214
0.116970893420
0.126960564660
0.141486278002
0.126917472444
0.098546223610
0.155029653389
0.166276438932
0.162618776304
0.132582044079
0.188549699831
0.467955128730
0.137077396159
0.142020068618
0.124467057838
0.234161887044
0.190089210151
0.213057535569
0.180582611401
0.168654667300
0.206712254480
0.237889279674
0.202800698237
0.275078687620
0.169538798831
0.169653643839
0.173037292863
0.210708207730
0.296976979273
0.291851413846
0.229078423031
0.236182211686
0.299229284907
0.270600658834
0.305008236750
0.229830438328
0.193559451185
0.289943309236
0.265591643653
0.261241529088
0.276897765380
0.273384929006
0.217196653430
0.271526033109
0.234376629076
0.238024712637
0.238700381953
0.291669294775
0.335737188224
0.237153284056
0.283489975956
0.307083555572
0.284758723040
0.258003900482
0.277975675701
0.398271323508
0.276822140230
0.326841598924
0.343227395647
0.326847732411
0.335875453753
0.334685141701
0.352672358666
0.369179842508
0.297985027776
0.319100321554
0.313214690249
314159.294818774560
314159.292024659936
314159.255761916425
314159.242968893167
314159.262077082508
314159.265736183210
314159.261575393188
314159.257800482438
314159.263866864830
314159.279785077591
314159.230603974990
314159.232936134053
314159.272597827964
314159.262799409328
314159.241024204932
314159.221753690191
314159.265184884546
314159.298181834113
314159.261318982564
314159.279009617814
314159.244888415108
314159.296784817058
314159.288526287915
314159.222166804617
314159.294618789245
38233.466495642052
138084.408771277062
190320.275237890255
161018.285222392211
52693.587836141710
18296.452608151637
144720.422106443892
210673.725488887302
122131.729421415182
111690.254894303713
112713.085796226202
201946.364926547089
16052.924010922614
297660.678800755336
7611.717821882955
144201.697690545981
263357.772932529686
235872.287318459164
129357.066167272501
225836.476306183352
186176.292052599395
36939.500788605205
93596.601107012297
27835.356498759623
52328.802031344229
58779.620545879514
0.005576113337
0.096393093461
0.146708080840
0.070809432787
0.084305648145
0.092711786258
0.170385114657
0.058628768418
0.129401542890
0.075711417567
0.359437270838
0.052284730705
0.049937321350
0.106492912785
0.097139201716
0.079747644695
178045.055767722916
0.054390773581
33605.418493215106
0.019082841246
0.075343569628
272951.969804668024
0.102221842052
0.020792476264
74199.954311364603
1107.308232486499
120211.552610268975
0.089596073394
0.089144904108
0.059799949919
0.059764018216
0.068930075498
40313.980012437683
0.010760827700
0.064114408232
0.040545099422
0.064191558402
0.093825818969
27107.265075227614
9878.213905149697
19546.151056097784
0.101868941718
0.117061042520
0.051302333292
0.089226430873
126604.568311165569
0.009247848106
0.140751222855
0.048779646169
6094.316195357837
0.045037467118
0.076768348450
49025.305616904286
0.081906556232
0.009286597658
282385.203151130238
0.031479363663
0.095153178533
0.050043427587
34842.447076738262
0.108443442663
31060.415494592982
0.048106097349
9858.988319047037
0.053305739625
0.051844642098
0.086313899011
0.092867522289
0.092234210996
94542.144435011566
0.014047035613
179723.395303895338
83225.033295011241
0.091602811246
171674.903089093526
0.064203401723
28718.268916101278
0.052092323271
213693.831720005353
0.035405797961
0.031836464561
0.018068125532
102710.205157368887
0.053917308942
0.105038967088
0.088016909823
0.065730962312
0.068732334934
0.097331430079
3549.449316554848
0.083337015869
206252.842398891485
0.289867356763
0.050474815059
0.057351573122
0.118510634015
0.078548194841
67174.530918749885
0.052020261157
64074.054896610105
0.065354732144
0.019057083377
0.360231369880
0.057287545009
0.064034980527
0.042141875238
0.131719409098
0.007382521901
0.110569581500
33714.242792256062
0.066871414488
0.098005828175
0.064437977270
0.225596409856
0.036253509673
0.040385502188
0.124273295915
0.064852791705
0.088377123203
21950.829657844979
0.092936654743
0.082283912169
11989.112753900589
0.003710374384
0.020400766071
51732.693926571266
0.015741216668
0.049064599861
38050.048055984602
0.038890400723
0.083897417365
0.106957239117
237221.488357717758
284466.045803678571
235049.661647701054
0.192126424422
0.084082383318
0.120025325452
0.053630896709
89807.868955682514
0.366207430052
30518.476568485625
55381.734912497881
131217.444233444375
0.091585318596
0.085757273610
0.034027729938
0.032127594117
0.069544525610
0.023608054237
0.013332148306
0.108666780763
18630.487501449793
0.042530159269
0.044844913371
0.028819500282
0.066175605240
0.052132770482
131051.013132728937
0.078483627034
16108.493848328218
0.058110049416
120262.782557763435
0.084247977293
84976.516519846358
0.065189736026
0.047376852988
0.083001381113
0.064035558410
0.110353409900
0.080729481956
0.075287699519
0.058731519515
0.050298255734
48195.757702791663
0.084719600476
47816.253050011423
0.048186396066
0.079612365439
147358.430190331316
0.099265269519
18840.454009028730
0.110858819738
0.042917748783
161539.833587359448
0.080326497253
0.225016754070
39543.490267456741
0.073157762099
0.104426907765
87176.732693652139
62588.329800707577
0.097506743393
0.091843284619
21558.345702856611
0.083184049651
61676.807914480093
0.032507153034
25036.949765628169
95866.298967903809
72371.720487719490
0.128563333695
0.074881523794
0.167696169817
9164.627854408733
161696.867970838571
0.039387446143
0.015027816589
0.130586694331
0.183199530882
11840.612315968879
0.131434080801
170393.019113783732
0.059365555481
0.170535735339
0.088444417170
2883.823232850234
0.107075054049
0.087952895545
57583.520133164580
0.023345726256
0.069147563737
0.008481861891
9029.905081903714
0.113066374049
7861.358456605899
0.059345636446
21864.091240513984
0.206412571545
0.094579044181
0.104191022794
0.025754622807
34995.800018523334
0.069168853280
0.056041023697
0.028854694838
1105.944163995230
54041.110411957743
0.058068199782
0.012237060776
1876.155147214460
0.059951469971
57685.354754397583
0.117441582245
109048.234801691658
0.027450594101
0.053077042365
192286.676785123478
0.035709981388
0.081656082065
0.026042928625
34902.867762409878
0.071562374389
0.060357547667
0.070526052344
10062.675357464513
0.183066004957
0.038504497711
0.084551589041
45112.069573032066
0.069499605055
141070.904330073815
52945.406886197699
0.028501465255
12557.804727623173
113333.435343243066
139347.102132791533
0.046900556630
0.096581054869
0.068754417630
0.074202526386
2760.240453096943
0.090908644233
0.087760656256
0.062823881795
0.067852432195
0.053868536999
0.083960909768
0.016536478223
88679.156370848941
5151.939154259538
0.044373101876
0.099724513707
0.086220609897
0.056635754862
12001.510515713130
0.048432924714
0.097616222834
106476.071365306405
74156.512603206330
0.030930735180
132449.230515984622
286884.079858600528
0.075771060630
0.039696194800
0.031451617388
0.068333049787
0.088257741695
0.235873251352
0.029621904667
9656.039168451490
46269.558697645696
0.090742866123
98810.628622876171
0.064706610895
0.061849848322
175143.167643260826
0.000912963143
177829.653346993783
0.085267215765
0.033500502553
0.068419891414
0.350014818892
88811.407720058992
21132.231662700712
126843.093620942354
0.049436092496
0.055731703468
0.111437133379
0.012444454210
13168.266652772221
29129.355264937050
0.078822551021
0.075271208331
0.120332366361
0.040707472738
0.065544979992
0.099474731919
0.218000992958
0.172141434357
23213.416090083323
53004.741452619595
55546.057391709794
0.021401660872
0.090496407062
0.052407817060
26760.961878071338
0.042623844801
38700.270341356888
38597.805655620215
0.024283976453
0.062684525992
0.076349979314
0.049958559391
0.006924063975
38619.222972909986
22610.942725029283
0.057091523037
5740.008012926908
0.152396325167
0.064256971006
0.052624968947
0.041729407372
45194.177560360652
0.120008123058
45725.960753520764
23831.816058236536
0.050380940788
0.118744520277
0.079193804906
0.038741014389
24314.313595208225
1396.265143013819
0.071381865994
116070.952709103820
0.056130286495
105012.551942529036
130121.708716076739
0.106017736610
0.150230144327
0.094175171012
0.068983758189
189965.001291887668
0.059075641858
0.062648751211
0.015607742003
0.124054814716
0.070938719597
0.077284315002
0.007859239445
38067.724024639644
0.102975479177
80503.733327273434
0.079090339235
699.880680751732
0.041239172693
89876.546188114564
21515.803685982807
0.077406589145
0.058102096096
0.111251228384
0.016031529755
0.047956210897
11011.566313801848
0.070674563132
0.088744795865
0.025116137122
0.084067520398
111644.058041227570
76223.898590327682
201346.089388353369
0.081767949006
0.080032284978
148436.196595786096
0.047368227708
0.054952074971
35370.729658583437
71295.845010748847
0.036343602960
0.039306940924
0.067574406465
0.212318254763
175284.524485225337
42566.361040249501
26482.909077710552
0.055172533287
0.047332765411
0.011026396051
2681.463721922633
0.100867335932
6410.481906758175
0.058257274454
0.121844821222
31883.636000650386
0.073468888505
151382.717064037699
0.019951228365
0.026157104237
0.109316206731
0.098155440026
0.118390651190
0.080935382715
0.037197808463
0.062933158087
0.101379191611
0.103335147566
0.017837174974
0.067390903804
0.099672538252
0.112108433800
188186.100481117910
92189.475504100162
0.011913984111
0.046009773128
0.093958043431
0.036205646290
37661.160098199834
80464.690365727179
0.380517983461
45807.556764047923
0.140884628000
0.080551099235
0.064092951566
0.091188905472
0.115993900118
0.109991729560
0.061527145800
87079.462954513072
0.049557169841
0.178584584952
0.045782787470
80855.055954568122
4849.700776401421
0.075499890726
0.071668585968
53985.137740967629
58329.896274645910
0.097421700325
51133.755281462529
98444.558655571068
0.033684751381
35513.785086409602
0.098918504360
143057.633362844833
0.092418066688
0.076221724698
6557.007859959724
0.112858174234
0.035592413885
0.031364890556
228251.643538283986
0.112770213454
0.095068028418
0.186665239290
0.047877693198
215119.078556323839
0.020626910295
142914.321849632094
26509.350086619601
5069.860478039451
0.123788567051
0.115953676810
214503.053935933277
0.035524195105
0.035834201276
207844.180183463416
0.106222935011
0.106021379078
165413.319542592328
87175.284874717885
0.029082524711
0.183285301426
0.036054789666
0.024388727580
0.067043572478
0.054223041702
0.050465856752
0.089064560714
0.022790200015
121591.799346964508
0.024372339377
0.088081649017
52654.259271159912
0.063796988931
72225.958265628739
26162.503639993357
0.086197121192
116420.367934105878
0.045615802609
0.075272008931
25687.361465067143
0.077448838997
0.092820400457
205391.515818396263
0.060238720330
0.134270532553
0.203180210705
0.111186781288
0.049853705798
0.056074324757
55562.974648582709
0.045057511033
0.091156098456
225106.669725850072
28314.444289643643
0.079839462722
0.051627061846
0.090592957912
0.038641054767
0.053716606975
0.113431380497
0.046103690844
0.585586350625
0.089402349476
0.096207528408
181657.987791713838
0.022275380284
82431.641303363124
0.108320658127
8337.454104464028
0.048991269385
0.021619296408
76249.462642923694
0.213352381801
0.057887298595
0.031070897190
0.078647948391
0.119791416435
0.107092331796
26128.729609027611
111455.911808183819
87199.284770718981
0.077386471307
0.055387301041
0.053492586382
0.046675655326
19665.956743243163
164066.757105198366
0.107577822977
0.028863323428
0.181714764755
3746.769505380492
0.056617627304
0.050601361284
73695.556426136589
0.030672587266
0.065571981687
0.028945637951
0.127089476149
0.022679508241
0.062918736973
0.039854088415
0.080130726740
148580.220603977878
0.038130107047
52460.529684295341
0.050311311871
39172.345184732105
0.031492603098
0.053799697484
0.057432531586
20382.177780565830
0.105683162449
0.070440548399
0.088004388477
0.016196018527
0.092374291700
0.153681433022
0.015645398980
0.069822566684
0.072526612449
17995.632105733756
0.110133786782
0.093475257488
0.123258692909
8755.484568809138
0.115690567612
134238.545980402404
0.041932056051
0.059297154719
0.136394522805
0.043244196610
203347.794885596751
12196.908500108189
0.037694800818
0.063101410290
0.030026066711
0.060557006041
6930.714810264652
60055.314278455556
0.070233034425
0.085718717445
0.110683937746
0.050717382337
0.104078775895
0.059151728005
79652.316929717735
0.139635179085
0.309820335675
0.036274366698
0.093135028966
0.047165625294
4249.221555428692
0.078834106652
0.066267152564
690.558140102377
0.176323411814
0.033903383753
6917.456810245250
29438.283193996557
164103.753214703024
0.015644876746
0.202979928347
0.044311845792
0.035602762058
0.040871170231
0.087261442533
97961.263591502394
0.022450563488
86819.914561188050
11366.391863187355
0.071305050631
0.058811152151
0.114567702912
0.028528244837
0.114353506909
0.105530931579
0.061061062519
0.057006007934
198272.680583475469
0.099104187245
0.090432771331
0.277899083224
0.080922226451
224352.229158352181
51962.437002805629
0.078980805140
0.099993470027
0.069570048136
0.002655950221
143233.697714971190
71957.854767929403
0.091666486645
25348.871427224033
0.054846940629
0.086966683449
0.036701257365
11631.516737128250
0.111294696316
0.082610441144
105481.827741861777
4299.525433782708
0.091180082559
0.119497948988
0.061140866763
0.061428285505
7371.514406618697
0.017342332446
87541.605798370754
0.104309290816
0.111748664410
0.066094471331
0.047033108593
47172.743092750068
0.095056934161
10711.240122280557
9405.627078890296
67769.395713527916
0.014761082435
0.084184671625
126955.367557387248
0.080536720703
41368.146496962210
0.046291729564
0.019630336948
0.270295994239
0.034843261819
74012.212438573770
0.134080080534
19964.888725258010
0.082202084232
0.091198680037
0.078557043510
0.064808463432
49079.120960821957
0.085738102847
0.077069565340
116220.758648391023
0.093169806389
53390.222612360672
0.030440494983
0.097555953274
0.033319725113
0.064965769553
0.040641344248
0.052799688405
0.065584022787
21178.624458056747
102066.003544313151
157243.830546917574
0.091445453852
152013.824644287774
0.071689459856
68534.743722331204
0.033762990700
0.047670487622
0.062152743270
0.163863418757
6546.183202110207
7283.138346055444
172138.441326696845
0.174575592718
0.044688120273
128445.645694932633
0.070403687504
0.044743223884
0.057059673108
0.066913442695
0.022030755748
0.080281743406
5591.566316934130
0.081083783121
12940.212966044985
0.060190565809
37404.610474202976
0.065751296870
0.076396579460
0.057501191350
0.097812137018
0.059111326601
9514.662861194957
0.101146768398
147062.783850920170
0.063638846628
0.063014417678
0.099247531876
0.043368586877
0.103409379432
262683.673622866495
0.134109875589
0.074102365472
0.104009513048
0.084497135615
0.035303427668
0.124568255801
0.039450745315
0.056343681280
0.126994201587
0.126376406884
0.103061738129
0.093588576908
0.053575627389
0.037099136994
0.054256096533
0.059859034057
41867.841840214037
0.076098581398
141990.753665052345
0.067464074167
1207.894861008760
0.094363874631
0.073008301158
247347.924910799677
65569.248867521780
0.114310685382
58893.865412462341
0.033210035316
0.119853754705
0.087287847705
12919.700688181258
0.059892057098
0.052209415148
0.137757155863
0.087828620137
0.092671074616
0.768903394626
0.109443518266
61842.018538128588
0.128220818535
0.058520585281
0.034435331218
0.047632970890
0.063169407807
0.034908729458
205592.375744086658
0.077484131758
0.206130036149
0.057044241463
0.012679929717
2.000399986667
314161.234343039447
0.000202013332
0.000202013332
0.061266025428
0.029312604071
0.031415926536
