0.056924948365
0.024806946918
0.060137708723
0.039815727511
0.054616382922
0.070423053859
0.063218824369
0.091771006495
0.338081602957
0.297714980979
0.316557291903
0.019675495160
0.003942800804
0.021762860878
0.054239223018
0.170280107294
0.026559214898
0.076781303278
0.015128175254
0.093437094403
0.051174439871
0.096413079212
0.038929629664
0.066787523118
0.114198714287
0.043711638743
0.048691422041
0.081205947402
0.776018108603
0.032464753948
0.046453331183
0.094142502325
0.115011204831
0.124138924953
0.080349379921
0.054681181194
0.108341623882
0.094485339131
0.091456316247
0.079676818060
0.099129980170
0.155268747111
0.115246571752
0.126878718098
0.157751386692
0.107426241664
0.141450519808
0.110734611470
0.162212108587
0.110767009025
0.108628541704
0.161806154889
0.159941034204
0.120619361593
0.182443566507
0.287026351943
0.276385457907
0.338649155620
0.121844315506
0.184869156637
0.275427518827
0.267203886580
0.262178107749
0.191036444977
0.218190841340
0.176238901193
0.230270696561
0.210217462757
0.170727242930
0.224190934076
0.219916523063
0.251817724398
0.263059454542
0.219706852572
0.194941115129
0.209827358929
0.203954750555
0.195990962857
0.202603485682
0.217703404595
0.216298388182
0.279231996733
0.281752908545
0.223478590003
0.271532257085
0.248949640961
0.268377683817
0.257521102286
0.393235914627
0.252620897682
0.216887048029
0.308402456488
0.284847147816
0.308181384825
0.329770111578
0.321074335935
0.300183091075
0.296195367617
0.374631007458
0.260455079715
0.251930344875
0.447593409712
0.316450861591
0.300539888488
0.293988451715
0.332999160743
0.510258627158
0.340313246979
0.306995948519
0.663510472697
0.330835734846
314159.312426783502
314159.271414479843
314159.263248475595
314159.279482078694
314159.315797340213
314159.293474002939
314159.276853123504
314159.283317328823
314159.277163890699
314159.297620824127
314159.236354869047
314159.259209348066
314159.233399431220
314159.242059298670
314159.287935342075
314159.289248475808
314159.313015243255
314159.316825750380
314159.265473299664
314159.265983814505
314159.215747540487
314159.238577762161
314159.258683292071
314159.291399695927
314159.270645479850
244498.812614054720
273228.394039808350
156760.509637865279
113001.163077595797
312834.503540199894
235954.595112241806
306131.757219695727
163108.499822844138
304065.218812159323
51709.790373056547
30867.462326920344
37947.354542852240
111864.328392708996
310019.099468313057
125218.818708524068
311669.631302344268
112297.283877282778
206210.815955628549
200249.419297895163
286480.689858140310
211633.849174013928
274037.981346354956
147401.372551276746
108836.498686163285
155650.646226298357
18469.249812692743
0.073750074759
0.114573935722
0.140757307512
28238.877547877110
0.087200835593
0.040372915718
0.078187284799
0.086432101221
0.065565329026
0.097748429705
0.059387398461
75078.227669453723
71000.659110861790
4978.433842646383
93835.600772791883
0.073785343196
0.055665466540
23758.874769975320
0.099428655720
186662.527769394327
0.080019346643
13353.958890217089
0.043909405582
0.027865088263
36894.360220109236
0.052091235517
0.088781042860
0.079951800391
0.076799586803
31379.991686024166
789.810341790060
81064.052373624517
0.042518769108
5733.276268902162
32072.862852995939
0.113743909033
0.057594243074
0.097562204043
0.068737650696
0.054782496317
0.071662820222
0.057096016520
0.085539292081
0.063983527580
0.074687925492
0.039897711942
0.108591317112
131092.029197097027
0.018451616363
0.035464312187
0.109281604736
0.035978640707
0.064515722241
0.034022648511
0.044021008404
0.013480068549
238.429569165393
0.108892644687
227716.572507554081
138914.593819914248
0.094893847285
0.064654337924
0.094265716950
0.102987154833
0.082378889273
0.061036467880
0.071635416238
8434.133562205532
0.109655434756
6280.368640912910
0.079476548888
90886.716884633401
0.047698491544
0.065022603663
0.070746031116
0.028204522804
0.056105660874
0.041698198659
0.053271762961
0.039572758151
0.109595122729
0.033196843499
37383.955016360356
0.077180227362
0.081678378691
0.066851044093
5345.952700153772
49408.847867271842
0.151310261257
0.090127747613
0.069249865438
0.021574653651
0.055626624317
0.039375851987
0.071995592168
0.036795450463
0.115829612725
0.082312140971
0.135818216300
29758.791438072466
0.095328314021
29360.778010560989
0.107878287339
0.075253782331
153438.241086191435
0.046217259938
45915.116538378094
18949.635573590805
0.036689323506
0.103496398125
30384.694411749154
0.044801132411
0.078828780674
0.031766948671
0.028050083929
0.063445157235
0.054676820778
179075.903328126019
0.029938883374
161453.571941953030
0.056309097911
0.108614390422
0.089565086874
0.111937751653
0.013155570006
201873.068578854469
0.115674882082
0.009571225507
0.082025488945
106544.973538312392
0.086568726470
0.074552173461
0.039905153878
0.104387196538
0.094272968921
186139.820104761615
0.179158566555
0.133027676244
0.040309474856
0.019638732464
0.053244748681
0.190499314545
96442.854720688012
0.056719019067
0.075121848143
0.040621682951
0.027510239601
0.037288745737
0.064097469162
0.015966043026
0.018682902770
0.045575881472
0.062187335057
0.013359959972
0.104230497020
0.073558484282
0.075649607766
0.041264707900
0.141605945031
0.098604238834
30655.023205761940
0.192322543147
309283.481355440550
0.038010453896
0.086162840057
34079.320498223761
0.096662114182
0.054400702069
0.051217391343
0.059290396650
137175.017364683495
12870.644681666831
0.087919739967
0.134453711399
202346.583874927098
0.049208346762
0.066726949804
0.015667277150
0.072202585801
0.076581724938
95095.362030923897
181073.468486298111
144596.208758731763
135721.953888660408
0.116721770890
50807.904395320132
0.111125568122
0.026428626921
0.039894717646
0.007434771219
0.040245160560
0.104479024283
0.065710400008
0.258280818461
0.075243503360
0.049835886540
175459.614513498578
0.116142392000
0.030824810120
0.064237089727
192687.854240075030
0.099004040595
0.011141901335
0.028385586059
0.155973931503
1992.797727365819
0.064241750283
42649.393092512184
0.112717231357
0.054027544509
0.080521891549
93748.671062674958
0.024698511503
44768.480779354192
0.023046721964
143966.158337131314
0.069911247439
94961.108293704998
26947.661941290387
0.053044958808
0.019769790189
0.069607700433
0.078537386185
0.066862100313
0.076300062172
0.100466699089
0.093824959870
0.002959324484
0.017933692757
0.114321487614
0.091135027095
106175.511642658271
0.072834561596
32009.038857378835
0.072050370320
0.086139352183
178400.201876576177
0.204239117006
0.105890841074
94521.599271212038
0.036094962055
36086.407828962395
0.078330833175
0.110245809913
13182.265409520130
0.092478656555
0.101887911433
0.048837683335
0.114859470187
0.095803505477
129361.091361113638
0.016666217137
0.076881209553
0.020322516865
0.078680186719
0.024795203296
0.114400390234
91042.191545596068
116242.961923974594
0.059521346332
0.053381368719
0.168244565575
0.048838402195
0.043644474330
2390.252407908701
0.007036006272
0.144445976824
0.077091258274
0.069335379956
0.222769347616
0.132960894862
0.059229812746
143916.611359463049
0.040861715461
24013.431288985514
26477.581927751420
251564.264939584080
0.024695280713
0.140634277370
0.024076561802
19956.754419414142
0.179712289377
0.081149072612
0.090420383149
0.055101639483
16869.049327592708
0.027020880783
0.078378837900
0.469850071776
25447.909467022959
0.049924908521
46746.943717685138
103689.208397938701
0.116536792635
0.109613415008
0.074751745681
0.112893739613
0.027411213195
0.076684644650
0.025844514926
0.133198530329
45993.029850256203
0.016131451790
7718.678709712343
71778.123898703130
0.040461206039
0.085006365122
0.079887962365
0.061987805927
0.063393322467
0.059119932434
0.040000203949
0.075044187238
0.015699123688
0.195473534148
0.041583656635
24267.514982134798
0.051590881976
0.082093555606
0.081304051016
0.134549231128
109635.660214595729
0.041713101361
0.060083474397
4809.149925306879
0.056750813014
0.128857562785
0.044518950112
0.107526763723
12636.627546335392
0.027342140020
0.088865389797
0.024670653386
6697.330601770122
117366.430438463133
115568.637623242551
0.070557855338
0.061533043166
0.150947124040
0.083640081508
0.034618135978
0.056844573535
0.060840744355
0.002889562955
0.061399386035
0.097560750335
0.080413303073
0.033010307482
0.120278642315
0.073742817147
0.140952323925
62609.101738576986
0.007654942972
0.062402651152
0.152631802776
50613.459868461173
0.055305409396
0.092909237875
0.067289807170
0.124977261106
0.026978160293
0.077923442672
0.067860281195
0.143343875040
384.235807052629
0.029357070511
0.065426725938
0.121023410953
0.095733612187
0.069291741798
0.101544673690
0.095853396590
0.044621136767
0.087291118294
0.063147446390
0.048897405242
269673.943491565188
0.030202836800
0.092641509990
0.062854471244
0.147021429905
19136.086597167548
1848.223524816216
0.033358508694
2876.486545776017
0.069356568645
0.097368452654
0.076715910304
13056.222804247732
0.054858549268
0.086390248670
0.019734441988
23152.012720550379
0.053462844957
0.084218017874
0.100128541384
0.082083433408
0.056168837535
0.003263496513
23358.475847423223
0.065588413604
0.088225926653
0.070798044890
61539.842195273415
0.055152221233
0.067800367384
0.090097961100
0.035159892040
0.072672818933
16115.127918363798
0.083104426210
0.083667612484
26576.957706919781
0.046458391775
0.068999302393
0.028038814805
0.022005156934
0.015590529570
32369.865012315270
36408.505318475158
0.073940560882
0.027772592087
7056.764704241497
0.092318294270
0.051615170267
169865.007506313365
0.058602719738
0.039472560120
0.081252466961
32485.164204941254
0.027932639980
7521.108285003444
1576.057848165718
0.058348835322
77232.482980738518
0.108140429850
0.126869882135
0.092223775226
0.059594295430
0.127181047445
0.061890170389
134239.087112542587
84549.276753315913
15867.860946100481
59939.571232684517
0.055282455473
253610.531956126215
0.004722083628
0.044839050028
34404.382881073737
0.098321835364
0.110397056626
0.179711802926
0.035843291940
0.105612536679
0.007511384165
0.072773465934
0.064434776336
0.089675734970
0.064706536663
167361.436784885121
0.037095855351
0.134929500956
0.091840490345
105771.890040692417
14207.991497667650
0.063502486276
21132.479344339106
0.024817131808
105913.974319732850
0.303984371994
0.085712404874
0.185304179364
118281.782527197936
0.052214274563
0.125491270061
0.133790128655
138997.588194651449
0.016145757348
0.349863378717
0.076591666286
0.054589133850
50522.898136153650
0.543578872877
0.092463733850
0.296374489182
0.090784360820
0.061392480059
0.010495255081
45619.417876539989
35780.202035970003
0.051918589455
1026.255947315196
17040.115538172176
0.075466794857
0.058179468487
0.089149707657
0.093996477781
0.005263771342
0.102079267038
0.095305184020
0.031482986574
0.031083185904
0.106350105793
18989.905535820755
0.070855332011
0.067747829776
0.083734517175
0.030542967333
0.074709611277
36618.696489251099
0.136944379074
148584.323653882540
122864.636555783677
0.014636260164
0.062436986991
0.047146256839
0.103362278824
0.045223984142
0.076492303034
12398.129397004566
0.101100584311
0.103930568580
63024.051654267106
0.054208434050
0.042337837362
0.057161329615
0.061261641688
0.144202507472
14895.413828917710
65550.598535371751
131397.247095554307
0.041530873798
0.049109237434
0.128100571946
0.022349712508
0.007715888584
0.025488476450
67896.700308000374
0.114087951481
0.095645491577
0.028823939829
123990.847162744094
0.064960213812
0.062764637350
0.085243889562
0.108922712118
0.061870995887
0.021570098324
0.107736445019
0.110028350731
128661.903734136304
0.021782058833
0.046011940185
0.030896346879
118982.502710286444
192980.743713092191
0.034246895859
0.063061246765
0.059936197459
0.062426533938
165887.454729478928
0.064795625377
0.099834559381
0.054066929665
0.057379526317
0.086102966101
0.057401464824
120213.123529968695
0.105964203361
0.122781324389
0.044126823964
4049.419086086502
62014.938036661333
3268.536130655183
0.147400916847
0.102550494492
0.055050942369
0.026007291573
0.074977520840
0.130217366593
0.032027010234
0.089497071141
0.125114923258
0.056042273440
0.164464749059
0.038629673431
0.104475548490
0.055432807786
6401.760585107631
0.048053275350
0.028835761581
24339.522409671800
94321.392579739608
39663.318547152518
0.039802922446
0.111795520886
0.013464066808
0.051278739318
0.062439104609
0.131968347616
0.074997986075
0.037275832407
160986.960324081008
0.024715811348
0.069230251181
0.073765706744
0.140377550689
0.022717964461
25626.770763613563
0.051801443474
118944.029660318961
0.060854479365
0.151356256351
0.023089712705
1808.151538086169
0.082321445598
0.064781231749
0.044447766873
0.026375226193
113700.280602169163
0.096290281915
242903.970074378988
0.036487767058
0.079200994328
0.064326358375
75984.876381869732
0.032478958489
0.010541759703
69883.275234822119
85989.087566214861
0.190399322188
0.082290962368
1719.327923407885
15737.184049567804
0.022754321314
18259.657672014197
137054.936634410577
78538.613998604785
0.089602582161
0.057935529316
0.152007764026
0.014683323127
0.041646598680
0.136514985477
25625.936636435663
0.064505276965
0.021940417171
207332.291860226524
0.071138132102
0.098277602696
6038.215708271456
0.114488844716
0.090613047134
231736.031776255412
0.038987066817
253827.313541584283
388.383726322783
0.017936989901
0.070665508210
0.085421451489
0.052929438967
0.053779197547
0.090693993157
0.123206671647
0.074573397272
0.018900882778
129812.827263506886
0.078178986765
102839.799825629674
102432.278290328120
0.154227393336
0.064686062695
0.063323250579
0.106020594177
0.029311052269
0.032220838780
0.080914315734
0.061421456498
6417.855942774593
0.070790547235
43183.395177285298
0.066433513185
0.107350249157
0.086005584961
4596.565256760496
0.112434790609
36925.173336187307
0.019718432718
0.045082023265
0.066333651533
0.083666292565
0.073043639541
0.064114746276
89338.852442773714
6583.359024228384
0.094527698024
0.102248946674
139209.534644540687
0.085320517438
0.045708946288
0.033543628944
0.071398093138
0.044145217109
0.022015695203
0.079384211871
0.077660633528
0.032445241011
8534.521702778981
23306.260660265827
17402.128903526878
0.058259668726
0.008032693327
0.039658880190
0.031952596557
0.085734568854
0.016574635526
0.063792703246
0.011468385731
0.066466190186
204701.933954043399
0.094267608179
0.094419440292
0.091130390111
0.130695466338
0.042613394225
0.077901483005
0.066676574769
0.020954454996
47383.038379298576
0.010054782797
0.180480275370
200731.832893899017
0.033092159434
20426.137020951337
0.161852364062
0.028390436527
0.063768700467
0.060890698375
0.102884409497
72920.237368925617
75375.564738979327
0.083131886088
194312.094128778493
0.064667017051
105846.551412039828
0.095293516634
0.204574953407
0.055134674073
0.087611030917
0.036440928509
157221.274910279992
13058.026611496769
0.063137033563
0.057201440605
0.009666099871
0.129599406273
0.039929439661
0.169868874038
0.029271038310
278186.960867830856
0.076764319289
7400.153992150761
192353.181206400029
0.135862231961
0.051461549286
0.047056580209
0.027716270053
0.087184269675
0.084535136670
29911.695207070224
0.021751506510
0.003000701393
30845.974501965528
0.053934763896
0.104480837342
0.034545084090
0.068791545695
0.055105379411
0.053498313099
0.019361180569
0.084019749438
0.060654479829
23053.692217065116
0.073004081953
0.009460040014
0.062464498992
0.093907170481
144875.066552119542
33189.731739561467
0.054668034721
0.052657232835
22761.499023674363
0.024419282697
15882.929097561191
0.027484721864
0.046982502603
0.076588357883
0.036278192078
10887.129953775509
0.056894056959
0.010461329696
0.069074795831
0.102178254070
0.052555031744
0.104005580223
0.099167625578
0.054815734773
0.088233198170
0.047934992281
0.075168448393
0.090384576431
0.207163555280
936.714941196598
0.035876554387
0.072547035639
0.035126385642
129370.614248568874
0.511628294118
2.000399986667
314161.234343039447
0.000202013332
0.000202013332
0.061266025428
0.029312604071
0.031415926536
