0.056924948365
0.024806946918
0.060137708723
0.039815727511
0.054616382922
0.070423053859
0.063218824369
0.091771006495
0.338081602957
0.297714980979
0.316557291903
0.065321348285
0.034993107242
0.063081919553
0.055661813951
0.026754485500
0.049988158331
0.069311371017
0.047784897720
0.050940004981
0.014489876895
0.045581101030
0.066078215760
0.076355146175
0.053494513690
0.087053637779
0.076506871946
0.046708962766
0.110756376476
0.208916152990
0.048555489759
0.103586911047
0.122343595798
0.131936853023
0.095340871025
0.109189160877
0.102665556588
0.128809197647
0.285076356235
0.115088087351
0.099552439620
0.086826239345
0.104321962423
0.138646165076
0.118542268016
0.161791963887
0.163263624908
0.203103202154
0.129460841525
0.125267498364
0.126620533324
0.151141754221
0.136446681981
0.152074665303
0.160954084081
0.127361872931
0.154087992425
0.160773141353
0.170364858568
0.129294293799
0.204350857529
0.187934774028
0.228426767837
0.198259163716
0.264658133384
0.182037641508
0.158582904401
0.157987977480
0.197830470579
0.176267303632
0.212242308719
0.206019387734
0.246899545666
0.278581169264
0.206392549624
0.188190301672
0.236737795498
0.195998539493
0.223233556246
0.256373424855
0.231571549337
0.264993967047
0.222647668138
0.239581136103
0.274015939423
0.210321382829
0.265493816788
0.284919869983
0.263785239836
0.242153959136
0.246269349431
0.306036823674
0.285061251347
0.267326727295
0.271151243946
0.300347725927
0.352189840678
0.310985757697
0.278639139603
0.309428963725
0.246997019579
0.269844871110
0.307418302770
0.366142464146
0.295874142996
0.303489445770
0.341921909857
0.265262991466
0.373270539734
0.360863804334
0.433476972647
314159.270202301223
314159.254119912207
314159.268941390234
314159.289851017190
314159.234500892772
314159.705098776023
314159.245008368418
314159.233949404097
314159.261153619173
314159.284802486002
314159.292284126566
314159.291430340140
314159.285509784381
314159.284971568215
314159.290738026743
314159.222968926599
314159.282578017601
314159.251497926824
314159.293076880381
314159.323436892082
314159.239537433314
314159.254743357754
314159.285721417270
314159.247882394790
314159.311223886128
90004.888533065278
73399.413056460300
31475.573765557387
26941.881521306798
115381.621357512714
175503.277656418263
144991.561722867354
15871.929668606327
229483.038642224999
47718.105342819102
99671.917871968178
179195.533264880006
207853.683720988770
288446.909756205143
203378.004363815690
231093.857774550832
142023.467243724396
256744.011871170127
246104.606482167263
125006.091955687133
245851.916789843255
102695.464625917311
58047.395841706964
80469.641242700563
151534.296643834707
23403.386618203834
0.135985260554
0.078041226978
99987.332413050686
0.113391774621
0.073471259694
0.125478139185
0.059229531673
0.044131803460
0.007421709209
0.062479020823
9915.673359933982
0.217306746840
37467.590395829536
138604.342628730965
0.103080725545
0.082186573435
0.117893873304
0.024833446350
0.054910989194
55107.893475322507
0.032449787217
0.027439514516
15400.041998996044
0.076343710933
0.163243993156
0.035487679654
0.089934654703
0.064073713985
0.069942232912
0.114642689388
0.112468703437
0.078514583554
0.038088986994
0.025266308490
0.090283693760
0.067051954030
0.017885806866
0.059137397949
0.062221533840
0.069324301352
0.084052864564
0.103002701170
0.027189252098
244597.362957545730
0.057406748451
0.069019381807
0.061666205061
0.094566188369
171748.957787123877
0.105437844157
0.107957033596
0.122520277038
0.086810412191
28032.389275407886
55665.775886114931
48242.448287568018
0.212159964861
77056.932831936948
0.077228948959
0.114188337356
0.052637328747
18304.924964456433
1848.260813312104
0.090913129684
0.039676967165
0.133067505919
153603.717808505884
0.051388758629
0.116813432587
0.106212923046
0.077466280997
28255.173560689020
7888.524497637470
65066.358815491583
58886.033699567666
0.069740459248
92187.588105146207
223760.999579234837
0.055356960845
130424.098872058899
0.140959078277
0.107418775408
0.151857138732
0.069354685427
0.010639123354
0.117236512900
57769.279060138292
61323.307830202125
23120.411417666019
0.092043362108
18207.629060470014
24472.194032041651
0.029073560825
0.002916595552
0.042477917633
0.190348723823
0.097705246128
0.053877468491
0.053192530605
0.072606158167
0.074219236877
0.037530300859
0.055654527853
138788.237078276216
0.041225004375
0.026795890234
59615.190408839676
25271.134742202840
0.009589924364
74972.110740966707
83912.044585026263
0.110696063541
0.114490225275
0.073250787919
0.060438169670
0.108128006461
0.052452830283
0.063836166286
0.042491829280
0.060298735341
90490.905325737950
0.101819337150
198495.948971236253
0.094739564502
0.079242527007
10539.919911996350
0.065951003056
31510.749508781953
52050.705985874014
0.060759069698
0.077527553982
0.074359827122
0.020885356723
112918.629433725629
0.073064349920
0.051816360304
0.035362027402
0.054870647620
66168.265333581177
0.124012457332
188550.881369582890
0.067470650461
0.044719456568
0.076615518197
109.852933684536
0.211354206271
0.102061011273
0.050150455442
0.061774871072
0.083047387461
183691.802384256790
0.026511503440
0.044489833743
0.041031392470
0.051104260430
0.136234654194
0.103969338142
63621.896039368760
0.094881767570
213279.744334297211
0.106519268158
204787.149812889738
104294.020141489813
0.064909562098
0.042626223808
157864.017738887009
81884.230591766912
0.057721179454
5201.446382441402
0.069216629146
0.083336450170
56483.653353908754
0.045147389043
0.032458910383
0.060661492431
5395.569033385667
0.114955373959
0.019267878867
69717.565057592773
24311.148149138345
0.087254730010
0.088391197715
0.054532510194
0.095918447831
0.043541467307
0.074755837624
68804.197163630818
0.049640572239
228147.163783168757
20451.098243717567
0.079777434922
0.055970315676
0.042181912620
0.035818757495
0.066128309330
0.007332459634
0.090619420471
0.071876672678
0.008391631751
0.076435155446
0.052820732697
0.096439862204
56219.623050017079
0.193768334676
0.078961768783
0.051796108756
76962.390472275344
0.078504752870
0.080987242883
13210.954249983143
0.112948809885
0.070086791335
0.105561513824
0.081862583392
0.011093720323
0.063422137348
231185.846952601155
0.008533733355
40201.462283703663
110392.564270912871
261298.985414994594
0.008989965564
136996.486999517402
0.376069275027
0.131062898028
0.061394036989
0.122371272386
0.046774767828
2014.316093960563
0.014344257253
0.045867838516
0.049564578066
22924.891638736041
0.051400634823
0.050856334979
0.013940009265
0.100226877941
0.086122523037
0.027400490405
0.089803349562
0.046780396377
40224.378027058011
44526.977105893669
0.137278786314
89230.392630847535
0.098489126993
0.008529126179
0.083088509268
5809.186331793426
126879.343756148760
0.101416395545
0.039760714484
0.164546501327
0.017217329093
0.059544404232
0.024257755226
0.060290530648
0.062725552385
0.004730366852
0.228904895113
0.070001068356
0.014827366519
0.140951258890
264700.997110236496
0.082884244042
0.058671316944
0.154103870500
0.013742221162
80185.047053007011
0.082386886465
0.061198579223
0.097525098294
119162.944618152611
0.091555107425
0.130998129000
0.086008698097
61168.307772573277
0.049655130822
0.049154692369
42987.409960240222
0.046295742522
0.050514716273
241133.454183849508
0.033542105085
0.048684978914
0.111905930832
0.088640360515
0.130623624480
0.095553682124
0.067848357280
0.009914824592
0.009950371902
0.047373015202
52042.199021146786
0.064430006154
0.071405363655
0.199767101153
33987.330556942555
0.071341052747
67691.769989534458
143188.422818500769
0.032805369633
0.060896905629
0.069131945214
0.102340160648
0.031607688998
0.123533654717
0.110181645602
9516.420838995421
0.090231395232
72393.820869094899
15019.231613739102
0.066500410938
0.104364661855
0.053469469076
0.054604738934
78010.649913614159
0.043819608244
51861.737546894877
0.022433863563
0.054943791822
0.097118099839
831.732784280895
0.092404938540
53829.578471967820
0.098561334962
202694.682600789759
0.078919911898
0.108492885471
0.112965096524
0.056631098387
197773.146704135990
0.050326150713
0.057909188530
0.095130811178
0.104314044328
0.162592894323
0.048841050807
0.103337959210
170911.877428213607
15524.878133621716
72374.307262458216
0.056685976052
0.068744587560
13852.174830201900
5357.840854566926
0.095221215047
27351.572298015603
0.075595740640
0.105066977874
0.062087807027
0.073570485671
46892.061505565242
0.102610843173
0.147286347011
0.081254892003
0.089183336428
0.019433512010
0.104205181456
0.080538216173
238227.574316596493
0.055577315500
0.115776460325
0.093739125731
104037.761846485005
0.020121289605
35406.661857118278
0.026850039766
0.046686097347
0.007906471471
0.015554292723
0.132369105956
0.030025265969
84589.117348554556
0.029506999591
0.057206110758
2360.395856642877
0.068450799298
0.261580531691
0.170541385424
0.160808668656
0.048654446343
90164.310243486530
0.111071754583
3266.419801965929
0.064111497077
0.068486022205
0.024894230546
0.038231326479
0.088538580651
0.094070521844
133397.956966743640
0.132359381152
0.292051022227
0.092365261659
0.035894905592
0.072385761688
0.236954957272
0.061150419391
0.079360167504
4933.704681020456
0.073579060364
0.072237946117
95194.776610795890
0.049550742673
109380.131174151954
0.082581841209
0.049779725551
0.040419173160
32652.291808592562
0.030804594990
0.095762000903
0.104192170980
10708.514219526317
0.046241092105
0.170335850310
85488.435199842562
0.039226947882
0.184957114883
0.018986969092
38142.277964361873
0.088946255314
0.033509653743
0.113096010302
186474.280731610323
0.051314531337
22256.807674796804
0.005827512864
0.118312385791
0.031394683264
38542.824101850149
0.016106190252
0.088618741968
0.078146767901
0.078866756218
0.055824752381
0.124704291681
0.041768063081
0.079067927727
0.015566350786
0.368724887189
59273.867281457834
0.058455354754
24949.299436320744
0.046166410107
0.072382327413
0.099744416151
0.084543478632
0.103708878937
0.064395206691
0.052375647091
0.101073497693
0.178206917556
0.056474173155
0.089238610084
30477.942590179575
22451.406550866216
0.118212401566
0.113667270371
31406.513123633998
0.054291498207
0.056164604202
0.071467469776
0.051169183876
46732.001914103227
0.262610656172
0.044392553459
46799.206644403686
0.043839404418
0.066395368695
134514.164469697983
37380.291316258564
0.106463916262
0.063272199847
7491.181475429641
0.085877726194
0.012509976534
105586.710842462856
0.116779759453
0.073291737981
0.094728053799
0.103979686573
0.081398996515
0.065459969959
0.002021130209
0.057057955480
0.113797404500
46353.454201968009
0.034462060153
0.027623931672
0.014328143440
0.066646283289
0.089127036035
0.074009415903
60322.224086910924
0.144460818135
0.078880652631
0.062124449914
0.033894174800
0.126686233422
0.033998973728
14030.906913485690
0.040450663518
0.047627226696
0.071976533673
0.025278961527
16127.682804678974
0.158731747886
0.055214570672
0.541297463435
565.058443214259
0.067773044871
0.113031462248
0.072544273602
101759.576965118170
0.032972302028
49852.665846843374
0.039446430050
0.205020793145
0.018994463741
0.065171014337
0.105436986445
0.130120401349
0.063235371312
0.111178408852
0.408074982861
0.120767592833
4332.022070030402
0.041564921832
125875.920737990065
79410.002608210240
26580.403756027482
0.100418098351
0.092876253050
0.093189904006
0.055429477021
188192.526623757981
0.064829771811
0.062420615677
0.113323834907
255597.680253937352
0.099443504865
64630.995785526614
0.108488541037
0.061691657153
170603.456709066393
0.080499140943
0.047561424772
0.084842202515
0.095639214460
0.136414172299
0.058520127202
0.065757060324
0.093043095094
0.139329788767
41107.919779154382
0.048671836947
0.023472723336
34769.386607818166
0.066170191839
0.043111535966
0.046149565953
0.154971048671
0.154423195411
0.022385761722
0.032146760035
0.010021681045
0.068059239880
66886.859682505820
0.034473725942
41571.373805081065
0.087556144150
0.082574692225
0.074707881568
24074.417532592962
35464.138467902764
18736.708553322623
0.172946846557
0.081623127815
0.059740824594
0.122806539104
0.111759345710
0.083631969944
0.082114514821
0.273819733928
0.118706469751
93214.505479278082
0.063946850423
0.047872377673
0.098438394538
0.052142981267
0.124163762969
127713.733647524909
0.129726643633
0.067213784659
0.032223262686
0.111139411942
126453.490989652547
0.024231209682
0.012081853601
0.067887775229
0.052374631581
0.066979564123
0.087845107522
0.051155784951
8636.432136363931
0.062538105078
0.043928443765
0.032685375633
0.041552224628
36808.838182215052
0.022154791777
106232.895270943546
0.064979817969
0.147617564016
0.062405623707
95820.586932002258
6684.965764574902
0.061329900939
17748.956030879137
0.082596663008
0.092714547148
0.094956979019
8954.219980936982
0.029674148666
0.076085680281
0.160543350019
0.028872577385
0.044499965321
0.147673930168
0.117988118012
0.069836020535
33114.228264621830
0.072338998745
132978.801063382337
0.123034949552
0.035231794489
0.065994871397
0.039732701535
0.033680623476
0.052194909631
97974.479242045059
146448.663751462323
0.070955778234
0.096723447882
0.118063121987
0.085804388836
0.174618183496
0.084842910296
0.076794485505
0.093718116043
0.176701288616
0.064049720038
0.029829458127
0.046157285733
16178.767608654728
0.107745811916
0.083483435424
505.512684760360
0.082932662600
0.112625458060
0.056509363355
0.077109367678
22616.298841350678
21719.134243077768
43710.196053627573
59504.712145452318
0.053207783574
35254.301384493817
203130.384119091457
58672.909058628822
39907.983550814851
0.137948462837
0.032486078719
0.066101338611
41533.247317824380
121019.162871693988
0.045091699360
142190.082871635820
331.567974699361
0.125845311965
0.093988279665
65200.887905770813
0.041836390270
0.055995831453
2171.307845623282
183067.983393879046
0.048924728792
904.986334517341
0.028132360330
0.061543892694
0.182510663761
0.040110336366
0.089854863755
0.107294603278
0.076606855876
0.058330959055
7494.475693306271
237627.650011079459
0.030683866703
0.054600611047
143399.516137663308
0.106709331329
0.056254342036
0.093059485940
0.046115215627
0.059642584558
0.121991240791
0.102824010361
0.130967331448
45546.565750988278
0.025770303093
0.036823190604
0.119134571647
0.064088538647
0.123165121872
0.144642066219
265922.092577059832
0.081502197738
0.139166699954
0.034887759561
0.269536228049
0.027106089362
121616.137524690517
0.053117010675
0.074458420198
0.099446017853
0.050380385243
0.130566845224
0.063794972502
0.034519644960
0.097979317594
0.082614072665
0.113213114921
0.212406709775
0.009301253028
0.071460939741
0.107623907162
67021.282859179366
69332.053500589820
0.084696575496
66752.152991218121
196016.116671716116
0.120279495414
0.082647900499
0.064779471957
0.099816388904
0.392866594451
193771.429461190704
0.057380472339
0.068747760066
0.048280672823
0.137149429825
0.120005170933
44042.870342237408
0.114950808604
145425.869847411538
0.067604050471
0.050983916715
0.095027627466
145039.283873609478
0.062465132029
0.122187229895
36509.627505583021
4358.283809214030
12626.494444825250
0.087252090298
0.025713911766
0.104813569335
0.206239000667
124777.501464444866
0.030650092198
0.157109479900
0.050678202441
88735.594886377605
0.036433857607
0.057140780818
7353.984843971483
27468.211388937610
9785.553545479327
0.019279556869
0.145190610386
0.020141451710
0.065052078538
2753.633221376172
0.064342433639
10940.582517607296
2435.740378279331
0.070779924728
0.057940379384
34901.215930131249
7086.776368446631
0.057587152139
0.002949031458
0.084042900251
0.050867830074
0.032525530369
0.080525115509
0.105341522667
42981.360584166694
0.038319053968
0.041018735737
16738.679911651289
0.023767898980
0.338581214120
0.074743103312
0.056815131120
0.056086985662
22858.346150175217
0.060899247474
10864.207436170796
0.052305578084
0.050056169861
0.146469828812
0.056862532232
0.030919133848
20947.407449697544
94654.075413628027
0.058565865173
0.076856192811
41627.886006671836
2.000399986667
314161.234343039447
0.000202013332
0.000202013332
0.061266025428
0.029312604071
0.031415926536
