0.056924948365
0.024806946918
0.060137708723
0.039815727511
0.054616382922
0.070423053859
0.063218824369
0.091771006495
0.338081602957
0.297714980979
0.316557291903
0.038813331602
0.020138580717
0.071947069022
0.021199157844
0.068772064485
0.007758589323
0.067706602605
0.048240729920
0.063687994097
0.047973249846
0.044546033408
0.060566925565
0.100640961148
0.038880586079
0.011450986133
0.077531588160
0.080983781418
0.133010317207
0.025113218880
0.097890155685
0.076265840003
0.747038837583
0.105911172719
0.063257625479
0.104486926637
0.148714754964
0.130979381592
0.122673893547
0.056134589525
0.113048132900
0.132983049687
0.132888094326
0.132548280133
0.124371204128
0.147083734570
0.090530446001
0.147339160667
0.099300984033
0.150032552854
0.163064647305
0.119661962609
0.196095440265
0.157156723474
0.139815459412
0.134827271365
0.265510609435
0.179386529414
0.147973371101
0.136960589926
0.149778524213
0.180682768684
0.158078490569
0.182030896211
0.278997803449
0.195867802563
0.224747203056
0.196976491041
0.165168140268
0.193634641953
0.177921901885
0.226536689248
0.218150591767
0.249344535420
0.221808747322
0.379090564477
0.284834687604
0.188239398238
0.328693948662
0.207364956249
0.219709260593
0.253702133236
0.221873940078
0.266874862896
0.230027557942
0.250097686201
0.229442053960
0.267649978934
0.266608044429
0.308756027316
0.237660077352
0.283607020003
0.235857597347
0.292373878189
0.265275034683
0.268694468068
0.258221872684
0.284587673635
0.311671520875
0.227566103563
0.267828238974
0.263483975918
0.340330776810
0.290891243941
0.339457542915
0.443809500452
0.345225507075
0.271451254913
0.357896767915
0.420647836982
0.325756641075
314159.266686889370
314159.238162346311
314159.245753625070
314159.299907416831
314159.266763727436
314159.238464632668
314159.265068178540
314159.220928844689
314159.261899078391
314159.270087390721
314159.263391132296
314159.340082605368
314159.359048960730
314159.251580874060
314159.250684133184
314159.273755440361
314159.248024067497
314159.275558846962
314159.229197597073
314159.317946303189
314159.236385159589
314159.277121252095
314159.257255354357
314159.265947263017
314159.411926870545
70614.225016040218
285120.737987716022
135987.763510150352
192813.680245822931
38970.451499083417
27110.356957339001
286631.286262887295
148000.327469090303
74025.566871352018
37973.943621298723
149438.310301368101
49114.042380864474
48744.754316665668
269134.406549699605
73356.584977530769
270735.616922357857
305727.613383233577
22748.479774259225
312480.587646812883
130491.017979844497
306017.502452110216
175364.426056983067
110201.003839421304
87402.793010913900
93024.737333155128
0.091021764804
124993.436056799293
0.011848626984
0.122188798653
0.138142559244
0.086236615207
0.120595823316
0.129679319721
81441.751582423033
0.026351321817
0.109581794010
0.061170497969
110129.059590289851
73915.457665219063
71602.319528855919
0.091012426789
5020.935182722218
0.139711121148
3660.300704630295
0.063778411526
0.111567318429
34716.632449114966
0.104419591779
0.015180727183
0.018212862519
0.059216296074
0.077413612118
0.087307580032
0.043446975823
0.046258564240
0.033784987639
0.112016175758
142232.401525376021
79206.542242331618
0.076773753286
69778.664244848140
236789.501287539374
0.091661668861
183671.742064202946
0.055145688881
0.046742728012
94205.206108493215
0.064047769949
0.079760508179
0.076422919113
0.369853723843
0.067621786303
0.094835506605
0.013007113933
0.210311337102
0.057251847370
0.058407282649
0.132867728184
0.061235704849
39593.549252905924
151951.822108239544
0.109965883713
68822.781510639967
98448.166573194650
0.186225834032
116961.816544132858
0.055692242086
0.055237816732
0.080229795492
0.122639250733
232119.132373497347
34833.037988118756
25047.354977727093
0.032249132093
0.070802719973
0.077290033034
0.065725313858
0.104596718310
39311.225256750780
0.056256845518
0.077131899346
27362.825592810173
0.044254098211
0.083586761727
28489.661109290087
0.052513660343
0.063414092963
0.066498767308
0.055665062429
0.022799127466
0.091963757837
185080.624968908881
29179.518461018403
0.112895431399
0.076729550909
174468.556075285630
0.034367954320
52501.579611486356
72002.458276415626
20707.278201674756
199184.462668670822
0.087612395243
0.131913002760
0.053066203669
0.070531398240
0.070023560892
0.009911311281
0.061473819194
0.056617008615
0.029358856585
9553.475514316414
0.053460477836
0.003832782635
0.042329822773
231062.112409971723
0.062349935901
0.083688368493
0.048907541711
0.016792523046
134321.287173334047
0.018704265520
288.505830112958
0.107944478863
0.098512848062
0.130091687306
0.037798443053
8317.436991727291
0.087708727420
0.071479519875
0.156673566424
0.100631640098
0.053147551959
0.031979403923
0.097363930710
6375.835987396928
0.028894790827
0.052697528778
0.033528046174
191536.740543553229
19863.254151496520
0.066502770382
0.048098564701
0.101094426817
0.133465367566
0.096537348651
23502.236272051404
3724.490311702517
2701.389787313380
0.047637977177
0.091759967352
0.099544573699
0.059917718776
0.119745390201
0.071350421073
0.023186508385
42537.599385705282
0.053222262856
0.025242593080
0.092508188357
41351.783813351360
0.076325079501
0.082324057714
0.055362438483
0.099717667016
0.057695860513
219667.560197492951
0.056695544312
0.075044380578
0.044092934023
0.152391318544
0.076756497529
127123.806638722431
0.060824589674
22633.770917244562
0.073317259625
0.065975853650
0.062145760339
0.060079731404
0.064984324395
0.070209956740
8547.365470879561
0.064535251715
23891.904694147810
0.069250079400
0.090673257158
0.118285706608
0.055242574765
114975.436729862989
41818.979651809470
0.004677861657
0.053429867235
0.121598432571
0.075841275645
0.068490510095
0.049659652933
0.077386689449
0.110183316511
0.051882644516
5033.151049442431
118260.862707829898
0.081707275764
0.045692368319
0.058986102441
0.065392490454
96222.650372739558
60157.671045560746
0.110540572363
0.127744854787
0.016466580117
0.061507945227
0.010720202739
112076.099783616903
0.086033373590
0.053206880904
0.083577930962
0.051105394150
0.080652865569
0.097255947523
0.036525086390
0.302097486462
181243.076522976193
0.122583553028
0.117074651982
0.028121817685
0.115607503914
0.068259647450
45902.362086741421
0.061242684006
0.128926585532
16908.834710167922
0.042641860572
0.071921269689
0.088708603604
69415.509078227602
0.053537831653
0.019667759157
67006.271740510547
0.016745655412
49115.345217339433
0.063038136550
0.092326316973
0.336717514851
0.070009206511
0.096646544672
59096.582146033446
0.041795066301
26215.979156712566
0.057938820457
0.069056388032
139380.329324474655
0.136773865133
0.074565587615
0.032554050685
269470.133786660083
0.055645968361
0.041832965136
81381.877572940198
416.472105590224
0.061396551710
0.165652254059
0.088075050468
0.085805274376
0.064303096798
0.078273188852
0.095006131497
0.063648214759
0.123131968728
0.040882394729
0.056590391542
176538.268358784196
0.074964520483
0.010370920426
0.052548185398
0.108729733453
0.114401770513
107325.848328737333
0.042862174833
0.097237824217
53649.558113180597
155746.365285790514
0.068042217344
0.063055344144
0.111182922883
0.052258381937
0.107777494992
0.072190890012
0.061313284475
0.115312244156
9135.779204587536
0.071299024319
168652.232216079016
0.080179554874
0.079341116249
0.077623909442
0.064434785050
0.103753627196
2381.886889493750
0.072077223133
1414.482677480471
0.103649497076
0.052231874385
52607.332541456809
0.031659962684
15979.761813913697
0.037938006743
0.102956647542
0.105798405659
0.053491280400
0.069907213699
13464.973827906777
0.068335260351
0.052839680402
0.025863645619
0.020948821707
10018.488482872386
102308.837370731313
156498.956185303086
0.061565831107
0.031791624195
0.093682511908
0.012189905467
0.030837816127
163542.096180689535
150081.004059700526
0.073481485179
0.066888779668
0.073716612787
0.035521146444
221769.451389434710
11349.294895043210
0.089772864846
0.121690741375
0.053474485307
0.302639651094
0.057982464089
34798.912532371047
0.048993062031
0.104405458970
0.069527964546
0.056157980249
110686.507420417907
0.037575286488
0.099951775704
0.064282523887
0.063862254088
9065.397023003636
0.055032447950
0.008919918237
0.083175723265
25024.670918471857
0.000754257961
116582.279621928680
0.034514572089
0.019341239942
0.166821492116
0.049771210626
0.071891371911
7693.155784810558
0.040880041018
0.055470180834
0.080653048435
3821.841249441237
0.105141452472
0.032845548948
0.068149229412
0.011620348196
0.042362498377
0.030128619037
0.122658850713
0.122903922017
0.100086804011
0.033538770454
0.126669342626
0.070519162755
0.088330056705
0.043338963079
0.067904547132
0.132556475852
2541.373825049213
0.103476665113
39121.979579410539
0.061806363877
0.054904913011
42487.270013804761
0.010944394068
25317.700377806111
0.217284408919
0.055985290010
0.027281216488
0.106844399001
134356.141611263045
9219.947605926187
12671.297470209943
0.151334903248
0.074033046753
9876.036880624784
51634.018339802025
0.150367226921
0.098969211867
0.048912501351
0.057834061156
140209.802319577967
9333.446483854034
0.104225782099
0.036221640641
0.026797109160
0.048952628535
0.063952688501
0.064234442027
0.021780086350
0.008118264091
0.055945704095
0.104241331747
0.024144780135
0.070978862625
0.060132756806
82177.824254497608
0.053937991498
0.099158774874
0.063047046523
0.143877808213
0.213881311985
0.061760595420
0.091395996276
0.054638441037
0.081320944488
0.033110677415
0.057162289776
0.108349442819
0.100425299986
0.153240037184
0.040967969969
0.114321965230
0.050033445272
26610.576417141251
115517.245530579899
0.096247633804
0.150978443358
0.062352370919
65887.641768419037
19714.087735004833
0.154965090279
30855.292935235783
44323.296580352597
0.033941333082
0.101880542915
25747.578223097642
0.080796034465
0.050158966361
0.050665459919
0.058476091663
65417.207629716017
143260.246678688088
0.068731958012
0.062154693880
0.064719785303
0.032161014868
1719.117361147095
11123.617076221898
0.048238264434
0.108194017404
0.051690090538
0.131919307388
0.104474469478
0.022343230939
0.080818023818
0.172920153018
0.050213390845
0.078546367708
0.072802252081
0.187956981856
79392.356132748299
0.083767515669
0.195763724763
0.373545241976
167907.190171094964
185518.739553198681
0.032055558859
0.182959556324
41636.127057104350
0.079414128220
0.128916301699
125246.865324206354
0.106203021969
0.005113099926
0.136025570130
0.040328720062
304526.482912295711
106625.495467674409
60200.756057191136
0.090189020857
0.056905407819
0.045471687795
0.130251799719
0.053886838896
0.070954089090
0.007005031486
0.122245655543
0.052393069352
170371.329512502783
0.129507924126
0.063996460336
0.063879885939
0.044623253785
118372.916272032414
0.057855872067
0.004297075121
0.057129271891
138413.656874680901
0.029799805552
0.049974148886
0.103413196309
0.001931920843
33151.335622532683
0.044096724060
0.051543960463
0.042618364327
54741.671445258869
0.056454979696
137894.182884701219
49015.821867368806
1458.677413450634
0.074053659572
0.038712086790
0.148024235847
0.047968913104
248253.540607833309
0.281574757063
0.057299010202
0.065083267581
0.027972931587
0.038176752306
35886.267805455547
24382.487122298701
23701.685731061060
6371.592335961531
0.020517831522
0.109502508003
0.009879973829
0.222284332759
0.048662484796
0.071780278394
4609.928368838784
0.185060236576
0.027062939681
0.048734715464
0.222097870839
0.055013635252
0.080426922688
0.027085089936
88392.325237207265
40743.170805249799
0.048763249601
0.087949693091
0.065165915436
10115.997274452701
0.040733098358
0.064118032572
20415.792225292664
34677.296649928212
6204.499155493150
43.950917444229
0.065347737682
0.081062347730
0.092717925049
0.058635564451
0.121489658261
0.091558452302
0.043996786382
0.047102764365
0.074058349017
0.358769207982
20210.562164627412
241543.796728885904
20064.279506525681
0.136437075803
0.144420163462
0.160780736820
23547.268297594357
0.025065497390
0.122659633820
0.114310549819
44444.246377469194
0.090715984347
0.125132566038
0.122247007739
0.097841628161
0.037238610942
0.046169875460
0.055378252766
70236.216507383500
169796.018041458235
85498.861254202021
137184.851378140739
0.033055971316
72211.009954634305
0.039099944049
0.081585543707
0.074530004295
0.061504778863
0.155419343822
0.268861341010
0.011661655601
0.096638081951
0.064255964905
0.067133049634
13416.757307167453
71283.252869778892
0.139587967182
0.090927218191
0.145453323335
0.044761716701
0.088531860018
0.081609693213
0.010724963611
0.062670529703
0.260512933785
128164.246539424266
0.006242366577
0.059909258011
85828.998271828318
136376.187237006465
24234.792637753677
0.089170695232
2726.768192631893
0.084184443777
77503.677986789060
126224.286170046535
0.118244550348
43371.944224899098
28625.955806292612
97546.330629516688
172854.383402342237
0.061104906144
0.132891387606
0.042050860604
0.047309352362
0.068350261891
0.036303846972
0.044524371122
0.044348154326
34563.727110496197
0.054966020456
0.017042457372
0.083655814307
0.055903961796
111932.553779366416
0.048735274411
0.110309761151
0.076784934202
0.102263448441
135254.525838424485
0.089424142405
27903.287117771098
828.248890197303
0.117178033904
0.017234236090
0.055034651607
0.080086223804
0.089101286379
77620.363149622465
0.055375302959
0.067522000187
36530.536798333117
350.823907576164
0.067160528219
58874.440672067099
72472.231625426513
0.085905084131
0.088145807904
0.303818779960
54325.517567631544
0.141899753443
0.081982323737
0.066612938816
0.122085792015
205307.239719989537
0.087567287758
0.044136226482
154639.227175893617
0.027752380497
0.034558825151
0.521249835033
0.029775570042
0.112538077257
28541.570224119169
0.106215101080
0.149354799351
0.054927008766
0.098479628117
0.006189844606
0.063875203170
0.042680492752
0.099819731101
0.064519964049
0.044218512331
0.068426402098
0.087499389193
0.035280521954
0.102425110942
245079.260008814613
55710.044739031619
0.010292509037
0.071246369577
0.042577055548
0.086499115999
0.073106052154
20022.571509640226
0.078341740146
0.052731027355
103179.158066068137
0.088050163034
0.073141206634
0.018993045480
14986.021515250692
0.066642841218
0.058438938908
29673.250798888514
58844.183556550638
0.023204160789
0.105033445681
0.047350448192
0.109521947642
0.099341442486
0.058762517782
0.104362807358
0.108294947050
0.479808895881
0.021136302726
0.051113472209
0.036129289535
0.011059348115
0.122800690298
72911.476662932445
64553.305984395422
758.376505952115
0.054700450903
0.074375953805
0.057392947256
0.035345119232
0.129760732942
0.067955032005
0.070108825655
0.078758663363
0.054883917964
0.083239556389
0.155098530425
0.035607155403
0.034699895592
0.116127971339
61807.285754023090
0.090851981632
0.104999547158
0.132213088617
0.053310065607
82699.933488285174
24577.759973518869
0.078424535944
0.104806003284
111936.274210960867
0.066975023600
0.066755156754
0.041533462310
3350.916377192292
0.111643665572
122309.367442264820
0.050240792844
0.110575428534
249997.752003318856
0.057863901188
0.044027397244
0.083170013094
0.044973484980
0.040598170579
0.019865628702
0.090298903619
0.074948514093
0.044784164903
0.022766959550
51647.194148716841
19321.601081938231
122311.700673672651
0.093476261269
87320.765557658807
0.083535874768
0.085828582038
39392.123260416642
8301.856636961768
0.115426963024
0.044964553456
0.072400280644
0.031599604815
0.026589726863
16472.310592561553
0.028076690203
0.062111462742
172785.329113826238
0.033187154413
0.130373770659
0.078529818271
75349.929057814653
41918.812500547667
0.036081217947
0.042210947391
0.073547470008
88713.622160889479
13084.892737524410
17272.231445662457
78753.699172217458
37143.459075893112
204695.344414060476
0.055554406662
2315.198761091896
39003.669574174463
0.056525742007
0.025599130762
0.047957619484
0.165279448473
0.054232614455
0.060363400720
0.102514568131
0.044957483778
24979.959764274039
0.051485405221
0.063415177644
2569.055744475875
75518.853525166156
0.054661843286
0.020992801606
0.004029216206
0.084851365317
96572.176266360612
202824.802593206335
0.119502021054
0.050886970955
2.000399986667
314161.234343039447
0.000202013332
0.000202013332
0.061266025428
0.029312604071
0.031415926536
